22125.121468252248,22092.889473935084,22138.45220208879,
DE统计信息：
size = 50
iters = 6000
nfes = 300000
sum = 66356.46314427612
min = 22092.889473935084
max = 22138.45220208879
mean = 22118.82104809204
std = 23.425670104577115
totaltime = 11793.96s
avgtime = 3931.3199999999997s
最优解：
Solution{id=43, content=[23, 2, 10, 6, 16, 12, 41, 14, 15, 37, 11, 11, 12, 10, 9, 19, 14, 12, 21, 8, 8, 10, 10, 2, 7, 12, 7, 21, 4, 4, 23, 17, 6, 24, 9, 5, 12, 11, 15, 14, 18, 9, 32, 16, 10, 35, 8, 9, 15, 17, 12, 13, 22, 1, 40, 4, 11, 38, 8, 9, 15, 6, 14, 28, 14, 16, 12, 20, 16, 11, 16, 14, 30, 16, 4, 18, 20, 3, 29, 10, 11, 19, 14, 8, 32, 13, 9, 11, 9, 15, 10, 5, 15, 18, 11, 8, 12, 12, 12, 20, 6, 8, 26, 10, 13, 14, 20, 11, 5, 10, 10, 32, 13, 6, 38, 17, 12, 7, 7, 9, 15, 8, 5, 31, 9, 12, 20, 13, 10, 10, 11, 8, 10, 19, 16, 8, 8, 3, 16, 3, 3, 29, 4, 4, 8, 12, 5, 35, 19, 13, 16, 10, 9, 18, 13, 7, 31, 12, 8, 2, 4, 15, 37, 13, 2, 23, 12, 9, 36, 12, 6, 35, 16, 13, 20, 22, 7, 13, 9, 8, 28, 13, 10, 26, 11, 11, 11, 19, 14, 34, 10, 10, 19, 10, 13, 25, 20, 12, 22, 8, 17, 23, 12, 15, 38, 18, 9, 24, 3, 16, 20, 16, 14, 15, 16, 7, 28, 4, 3, 22, 16, 3, 3, 12, 12, 17, 16, 6, 22, 16, 7, 19, 8, 2, 18, 15, 7, 22, 19, 12, 27, 6, 10, 15, 15, 10, 18, 9, 12, 39, 19, 10, 13, 8, 14, 33, 8, 9, 33, 12, 7, 26, 12, 15, 24, 4, 14, 18, 19, 15, 34, 11, 16, 29, 4, 3, 35, 3, 7, 9, 8, 8, 17, 11, 11, 26, 9, 8, 28, 4, 0, 26, 14, 7, 31, 10, 5, 21, 17, 10, 20, 17, 5, 10, 19, 13, 26, 14, 15, 13, 23, 15, 9, 13, 14, 22, 8, 6, 32, 10, 3, 24, 15, 14, 34, 11, 6, 30, 12, 10, 25, 7, 6, 19, 8, 5, 26, 6, 5, 23, 15, 9, 15, 6, 5, 25, 16, 7, 36, 21, 5, 1, 9, 13, 13, 6, 12, 24, 11, 11, 33, 21, 12, 18, 19, 10, 9, 16, 3, 10, 14, 6, 26, 20, 12, 5, 10, 8, 30, 11, 8, 39, 5, 12, 32, 10, 6, 34, 18, 10, 17, 4, 5, 10, 8, 2, 11, 14, 13, 25, 13, 9, 24, 14, 13, 30, 8, 7, 34, 9, 6, 13, 2, 15, 25, 9, 13, 36, 21, 8, 15, 0, 9, 16, 3, 8, 20, 14, 7, 10, 23, 3, 33, 8, 9, 25, 15, 6, 5, 12, 9, 2, 6, 14, 14, 7, 11, 16, 14, 14, 33, 15, 16, 35, 12, 5, 25, 20, 6, 37, 16, 7, 25, 14, 10, 15, 17, 12, 15, 7, 10, 2, 3, 9, 29, 11, 14, 27, 2, 4, 26, 19, 16, 20, 22, 7, 19, 22, 7, 25, 9, 14, 29, 22, 9, 34, 6, 2, 28, 18, 1, 31, 9, 11, 35, 9, 5, 27, 8, 10, 17, 6, 10, 16, 5, 2, 30, 16, 13, 21, 13, 6, 36, 13, 12, 21, 17, 7, 26, 5, 14, 34, 21, 11, 25, 20, 8, 4, 23, 11, 25, 4, 8, 26, 20, 9, 8, 6, 9, 24, 16, 5, 20, 9, 14, 22, 18, 15, 30, 10, 11, 21, 14, 14, 16, 18, 13, 22, 12, 12, 24, 18, 16, 7, 18, 7, 24, 15, 6, 37, 9, 7, 23, 4, 13, 14, 9, 14, 23, 12, 10, 19, 8, 9, 32, 19, 10, 27, 19, 11, 5, 7, 12, 27, 10, 14, 27, 11, 14, 24, 11, 12, 15, 8, 6, 29, 4, 11, 22, 18, 14, 12, 10, 1, 29, 15, 11, 33, 4, 8, 29, 21, 6, 35, 19, 5, 16, 15, 11, 30, 8, 8, 13, 7, 10, 18, 13, 13, 34, 11, 4, 35, 10, 5, 23, 13, 12, 9, 11, 15, 30, 19, 12, 16, 21, 10, 10, 10, 2, 31, 15, 14, 19, 15, 6, 4, 14, 16, 21, 4, 12, 6, 19, 3, 27, 20, 9, 12, 15, 4, 36, 23, 10, 13, 11, 10, 25, 4, 6, 22, 13, 9, 18, 11, 7, 38, 14, 16, 28, 7, 13, 19, 11, 7, 13, 15, 7, 26, 6, 4, 10, 13, 14, 34, 8, 10, 33, 16, 11, 15, 19, 12, 28, 19, 15, 4, 7, 10, 19, 9, 10, 28, 13, 12, 4, 17, 17, 18, 15, 14, 32, 8, 12, 24, 8, 8, 10, 17, 11, 26, 8, 8, 38, 17, 9, 36, 13, 8, 28, 8, 12, 26, 11, 16, 25, 13, 4, 23, 10, 4, 22, 15, 10, 8, 16, 9, 16, 16, 4, 20, 7, 12, 22, 17, 6, 39, 8, 5, 17, 14, 7, 21, 17, 15, 27, 3, 5, 29, 5, 16, 15, 21, 7, 32, 10, 10, 11, 23, 13, 32, 14, 11, 30, 5, 10, 36, 12, 11, 13, 16, 15, 23, 12, 17, 13, 18, 8, 24, 15, 3, 29, 6, 10, 6, 12, 8, 21, 18, 1, 17, 7, 6, 33, 13, 7, 16, 6, 8, 36, 19, 2, 20, 19, 14, 16, 19, 10, 26, 11, 10, 30, 23, 7, 17, 4, 3, 27, 7, 4, 40, 20, 7, 26, 14, 13, 31, 4, 11, 29, 13, 13, 10, 11, 5, 28, 12, 4, 14, 16, 12, 16, 3, 11, 41, 9, 12, 30, 17, 10, 3, 18, 13, 34, 23, 9, 6, 10, 16, 32, 6, 0, 39, 13, 6, 19, 9, 12, 28, 19, 5, 6, 22, 13, 8, 10, 14, 20, 11, 11, 7, 16, 5, 9, 12, 11, 34, 19, 10, 29, 17, 9, 31, 11, 12, 23, 15, 13, 15, 8, 14, 14, 11, 7, 21, 22, 6, 25, 9, 15, 28, 8, 7, 26, 21, 9, 23, 4, 7, 6, 14, 11, 28, 6, 16, 10, 14, 11, 32, 19, 14, 29, 11, 10, 24, 10, 16, 8, 12, 14, 36, 16, 16, 9, 16, 16, 10, 17, 6, 18, 8, 4, 10, 8, 8, 22, 10, 11, 24, 4, 12, 32, 21, 16, 17, 12, 15, 12, 5, 7, 31, 15, 6, 19, 6, 16, 25, 12, 12, 31, 19, 5, 15, 11, 11, 15, 18, 14, 39, 16, 11, 21, 15, 13, 12, 14, 7, 28, 7, 3, 19, 11, 15, 24, 14, 6, 29, 13, 8, 19, 20, 8, 38, 22, 6, 15, 16, 13, 26, 19, 7, 36, 17, 4, 19, 14, 9, 40, 11, 13, 15, 15, 15, 4, 6, 5, 34, 9, 4, 31, 8, 6, 22, 10, 4, 27, 10, 8, 26, 20, 7, 31, 10, 11, 34, 11, 2, 32, 19, 14, 26, 17, 12, 23, 10, 8, 38, 15, 15, 28, 19, 16, 19, 17, 10, 15, 4, 10, 15, 9, 7, 27, 15, 15, 35, 12, 11, 37, 22, 13, 18, 3, 13, 37, 17, 5, 7, 14, 4, 21, 2, 8, 7, 10, 17, 22, 13, 11, 17, 7, 9, 27, 15, 9, 7, 14, 13, 21, 11, 7, 29, 10, 14, 10, 14, 8, 15, 14, 15, 35, 1, 7, 30, 5, 11, 13, 10, 10, 27, 5, 6, 20, 16, 12, 23, 13, 11, 31, 15, 10, 13, 11, 10, 15, 18, 6, 27, 21, 10, 24, 15, 14, 29, 8, 17, 24, 20, 15, 3, 7, 9, 26, 14, 12, 17, 6, 5, 15, 4, 12, 24, 17, 6, 16, 16, 6, 23, 15, 13, 22, 10, 9, 26, 14, 13, 22, 7, 10, 19, 14, 9, 22, 10, 10, 25, 5, 8, 15, 21, 12, 15, 12, 7, 11, 19, 14, 29, 10, 4, 15, 12, 14, 18, 16, 14, 26, 10, 12, 14, 20, 7, 24, 9, 7, 22, 19, 6, 21, 8, 4, 35, 15, 14, 8, 13, 13, 8, 19, 15, 19, 17, 6, 18, 14, 5, 30, 7, 9, 38, 15, 4, 35, 8, 16, 12, 10, 2, 16, 6, 6, 23, 13, 12, 30, 8, 7, 10, 5, 15, 29, 8, 7, 12, 17, 11, 24, 14, 2, 31, 11, 10, 10, 22, 7, 37, 17, 14, 6, 17, 7, 6, 5, 5, 22, 10, 7, 32, 3, 12, 16, 14, 10, 30, 22, 14, 31, 18, 10, 13, 21, 14, 5, 5, 9, 17, 16, 11, 33, 10, 13, 24, 7, 11, 31, 12, 4, 26, 21, 12, 22, 4, 14, 41, 20, 7, 7, 14, 9, 8, 1, 16, 19, 16, 3, 27, 16, 6, 20, 9, 5, 10, 14, 7, 22, 11, 11, 30, 3, 14, 24, 11, 8, 27, 8, 6, 34, 11, 12, 4, 15, 7, 17, 16, 9, 13, 8, 9, 25, 8, 5, 27, 10, 7, 17, 12, 5, 36, 18, 13, 22, 11, 7, 32, 21, 6, 32, 5, 12, 33, 10, 10, 15, 11, 15, 16, 12, 14, 28, 7, 5, 10, 14, 13, 25, 7, 7, 19, 13, 14, 30, 15, 8, 36, 5, 14, 11, 3, 4, 25, 15, 7, 38, 19, 7, 16, 4, 3, 31, 17, 11, 35, 12, 3, 22, 17, 9, 11, 21, 12, 17, 9, 1, 38, 12, 11, 28, 7, 13, 25, 20, 7, 13, 13, 13, 27, 12, 7, 27, 4, 16, 6, 8, 11, 35, 5, 17, 28, 15, 15, 22, 16, 8, 24, 5, 2, 28, 7, 7, 18, 7, 9, 32, 14, 9, 25, 15, 16, 18, 7, 1, 14, 18, 11, 32, 11, 10, 16, 19, 6, 14, 17, 4, 14, 17, 11, 28, 16, 11, 18, 9, 8, 35, 22, 14, 30, 15, 6, 37, 22, 13, 20, 13, 6, 24, 15, 17, 6, 11, 12, 13, 13, 12, 33, 19, 10, 31, 17, 8, 19, 16, 13, 35, 13, 11, 27, 17, 9, 10, 8, 6, 13, 20, 7, 42, 14, 14, 31, 19, 2, 25, 16, 5, 14, 18, 10, 21, 7, 4, 25, 16, 3, 21, 14, 12, 26, 19, 8, 27, 15, 6, 7, 13, 10, 6, 17, 4, 36, 5, 15, 32, 5, 14, 18, 2, 12, 23, 21, 11, 17, 8, 3, 30, 9, 10, 25, 16, 13, 19, 1, 13, 25, 12, 3, 8, 7, 16, 26, 14, 8, 24, 1, 17, 8, 18, 11, 31, 18, 6, 30, 20, 5, 31, 18, 12, 22, 7, 8, 21, 9, 15, 24, 4, 11, 12, 7, 2, 37, 16, 12, 21, 6, 13, 9, 4, 1, 29, 12, 10, 23, 4, 9, 38, 16, 10, 34, 10, 7, 17, 8, 5, 33, 16, 1, 38, 18, 14, 6, 7, 15, 28, 21, 12, 13, 9, 15, 34, 2, 4, 22, 20, 6, 41, 9, 13, 20, 11, 10, 33, 20, 5, 25, 15, 5, 29, 11, 16, 18, 11, 6, 32, 13, 12, 5, 7, 4, 19, 16, 9, 21, 8, 9, 34, 20, 1, 31, 3, 7, 27, 13, 9, 11, 4, 8, 28, 14, 13, 9, 13, 2, 16, 16, 12, 32, 19, 9, 26, 6, 10, 20, 13, 11, 13, 13, 9, 19, 9, 9, 36, 16, 10, 37, 14, 11, 25, 5, 7, 33, 10, 11, 13, 22, 5, 16, 11, 7, 13, 15, 12, 19, 14, 10, 24, 21, 11, 25, 11, 4, 14, 7, 11, 25, 13, 11, 18, 10, 14, 32, 9, 11, 25, 17, 13, 16, 12, 10, 12, 8, 10, 26, 12, 9, 24, 12, 4, 33, 16, 11, 19, 22, 8, 18, 15, 5, 25, 16, 3, 41, 19, 2, 10, 15, 16, 29, 15, 7, 25, 9, 11, 8, 14, 7, 40, 8, 1, 22, 17, 8, 16, 10, 7, 17, 17, 7, 17, 19, 13, 10, 19, 6, 21, 13, 4, 33, 22, 6, 28, 12, 7, 26, 17, 9, 9, 11, 14, 42, 2, 9, 19, 12, 10, 9, 2, 9, 30, 10, 13, 8, 14, 12, 19, 14, 12, 21, 18, 7, 35, 11, 12, 17, 11, 4, 11, 12, 4, 17, 17, 9, 15, 8, 16, 19, 14, 14, 30, 9, 7, 11, 5, 14, 5, 1, 5, 36, 18, 7, 11, 4, 17, 29, 6, 15, 28, 7, 7, 29, 5, 12, 22, 14, 9, 11, 13, 6, 19, 19, 14, 17, 9, 15, 5, 15, 10, 27, 16, 12, 27, 15, 10, 16, 8, 6, 39, 8, 10, 17, 6, 15, 29, 15, 4, 20, 12, 11, 15, 7, 10, 15, 5, 3, 18, 17, 4, 26, 8, 5, 11, 9, 16, 23, 9, 9, 16, 10, 15, 17, 6, 8, 27, 8, 13, 25, 17, 5, 24, 14, 15, 14, 17, 6, 37, 9, 6, 24, 14, 12, 27, 12, 10, 8, 12, 16, 18, 13, 16, 22, 14, 9, 38, 12, 9, 15, 15, 16, 39, 8, 14, 27, 11, 2, 37, 16, 10, 24, 14, 6, 28, 19, 9, 35, 19, 17, 21, 4, 4, 38, 17, 6, 22, 14, 16, 28, 1, 7, 16, 9, 8, 24, 15, 9, 33, 17, 11, 25, 13, 5, 27, 20, 4, 22, 3, 17, 36, 7, 17, 32, 17, 8, 29, 12, 7, 29, 21, 7, 37, 12, 12, 31, 12, 16, 17, 6, 9, 31, 23, 10, 20, 16, 6, 16, 7, 12, 25, 9, 5, 26, 2, 7, 13, 14, 8, 17, 8, 6, 32, 7, 9, 24, 18, 11, 17, 19, 13, 33, 16, 7, 27, 10, 9, 24, 20, 1, 37, 15, 13, 5, 14, 8, 13, 19, 6, 15, 4, 13, 25, 6, 11, 26, 8, 11, 16, 10, 13, 19, 5, 13, 10, 15, 2, 28, 5, 5, 32, 6, 8, 15, 22, 16, 35, 15, 11, 1, 9, 16, 33, 9, 5, 30, 4, 14, 22, 22, 11, 27, 13, 12, 14, 9, 16, 11, 11, 2, 35, 6, 10, 30, 7, 10, 34, 6, 16, 31, 8, 9, 5, 14, 6, 36, 19, 17, 21, 7, 8, 23, 20, 7, 38, 7, 14, 8, 15, 14, 30, 8, 11, 27, 15, 2, 28, 4, 16, 25, 17, 14, 8, 20, 4, 26, 18, 8, 39, 14, 9, 30, 14, 11, 23, 16, 13, 31, 14, 4, 33, 15, 10, 11, 3, 9, 21, 9, 7, 17, 10, 15, 40, 20, 10, 33, 10, 6, 14, 1, 14, 39, 12, 15, 32, 9, 9, 29, 15, 17, 37, 14, 5, 6, 9, 6, 11, 14, 17, 33, 8, 7, 18, 13, 6, 12, 14, 13, 13, 16, 12, 16, 16, 11, 26, 10, 13, 11, 5, 17, 33, 16, 13, 29, 4, 6, 22, 20, 17, 28, 14, 0, 29, 14, 9, 10, 16, 10, 29, 18, 9, 28, 19, 13, 10, 15, 0, 30, 13, 11, 23, 17, 12, 37, 8, 4, 32, 16, 6, 29, 10, 9, 1, 12, 14, 10, 15, 1, 14, 14, 4, 26, 4, 12, 23, 16, 7, 21, 6, 10, 12, 16, 11, 22, 17, 16, 17, 21, 7, 21, 12, 13, 19, 20, 7, 29, 3, 7, 12, 10, 14, 13, 6, 8, 30, 17, 9, 34, 13, 13, 24, 13, 7, 8, 12, 13, 7, 19, 15, 12, 7, 10, 22, 16, 14, 30, 8, 13, 29, 12, 5, 11, 20, 15, 30, 19, 13, 37, 6, 12, 23, 18, 6, 14, 6, 13, 14, 8, 2, 30, 3, 11, 32, 17, 15, 26, 14, 10, 18, 16, 14, 29, 10, 12, 17, 16, 7, 24, 17, 10, 26, 4, 4, 28, 14, 8, 15, 6, 10, 29, 9, 10, 10, 17, 8, 19, 5, 7, 26, 14, 14, 29, 6, 14, 35, 5, 3, 14, 8, 17, 33, 8, 3, 9, 6, 8, 26, 9, 14, 23, 17, 13, 8, 10, 12, 12, 12, 7, 9, 10, 15, 27, 4, 14, 9, 13, 14, 24, 14, 4, 31, 3, 9, 21, 6, 13, 28, 6, 9, 29, 15, 3, 36, 18, 16, 38, 11, 8, 27, 9, 13, 16, 17, 14, 28, 15, 7, 16, 21, 4, 5, 2, 7, 38, 13, 8, 26, 4, 10, 23, 14, 5, 28, 4, 15, 17, 10, 9, 16, 17, 10, 24, 14, 15, 18, 21, 9, 19, 20, 3, 28, 15, 10, 17, 20, 16, 11, 3, 16, 9, 14, 14, 11, 1, 14, 35, 13, 6, 15, 19, 9, 14, 10, 14, 22, 20, 12, 31, 11, 11, 38, 13, 12, 36, 5, 4, 31, 9, 4, 34, 16, 7, 3, 8, 13, 39, 15, 4, 21, 5, 12, 33, 7, 12, 15, 8, 17, 24, 4, 5, 22, 9, 14, 37, 5, 5, 39, 22, 9, 20, 17, 7, 27, 17, 13, 32, 8, 6, 24, 8, 1, 4, 3, 16, 32, 12, 5, 23, 17, 12, 35, 9, 10, 23, 14, 5, 36, 7, 4, 23, 22, 8, 36, 9, 9, 30, 10, 13, 28, 11, 12, 18, 14, 11, 18, 12, 17, 14, 16, 13, 28, 16, 16, 4, 14, 11, 30, 14, 5, 39, 18, 10, 25, 11, 12, 22, 10, 6, 18, 12, 16, 25, 9, 14, 30, 11, 12, 16, 6, 5, 2, 19, 15, 24, 18, 9, 20, 3, 5, 23, 21, 13, 31, 15, 6, 41, 14, 13, 24, 18, 7, 23, 16, 8, 31, 15, 14, 23, 20, 13, 27, 13, 9, 30, 9, 14, 4, 13, 3, 10, 7, 5, 25, 17, 5, 35, 17, 9, 29, 21, 13, 20, 16, 3, 9, 12, 14, 19, 18, 8, 30, 20, 5, 11, 15, 6, 39, 13, 6, 25, 15, 12, 11, 16, 11, 10, 9, 4, 35, 16, 6, 26, 16, 13, 9, 10, 15, 24, 13, 8, 18, 20, 6, 16, 9, 7, 27, 5, 17, 29, 16, 11, 34, 15, 17, 16, 17, 8, 38, 7, 7, 33, 15, 15, 15, 10, 7, 15, 17, 11, 22, 20, 8, 15, 5, 16, 31, 11, 14, 10, 19, 10, 15, 8, 16, 24, 15, 8, 34, 19, 5, 6, 2, 12, 26, 11, 9, 37, 3, 8, 19, 20, 12, 32, 17, 6, 14, 16, 14, 19, 16, 10, 25, 5, 12, 14, 12, 11, 23, 1, 10, 39, 18, 12, 15, 5, 11, 42, 18, 7, 35, 4, 11, 10, 14, 12, 30, 5, 12, 17, 16, 9, 12, 17, 6, 27, 14, 16, 5, 10, 12, 31, 17, 15, 22, 9, 5, 33, 5, 4, 35, 21, 3, 29, 7, 10, 14, 10, 8, 23, 11, 7, 29, 6, 5, 30, 3, 8, 31, 20, 17, 24, 11, 15, 14, 9, 8, 29, 16, 13, 27, 18, 13, 25, 17, 8, 33, 11, 12, 38, 21, 5, 16, 1, 9, 20, 6, 9, 39, 7, 15, 31, 11, 2, 15, 8, 12, 6, 12, 14, 25, 4, 7, 27, 8, 7, 20, 6, 4, 26, 15, 6, 18, 3, 14, 31, 17, 10, 29, 9, 12, 6, 11, 4, 28, 9, 11, 25, 4, 12, 21, 7, 13, 21, 4, 2, 24, 12, 10, 19, 5, 8, 15, 5, 8, 34, 12, 4, 19, 7, 13, 33, 8, 13, 33, 17, 14, 30, 7, 10, 14, 16, 11, 6, 8, 14, 29, 14, 8, 24, 8, 8, 33, 19, 12, 36, 13, 11, 16, 16, 11, 25, 22, 10, 20, 5, 9, 13, 9, 7, 29, 18, 17, 19, 19, 9, 16, 7, 13, 29, 15, 2, 8, 15, 8, 15, 6, 11, 14, 20, 9, 26, 21, 15, 38, 10, 15, 21, 12, 2, 12, 10, 14, 28, 7, 12, 25, 17, 14, 30, 16, 12, 13, 15, 7, 28, 17, 4, 17, 11, 6, 32, 19, 9, 26, 13, 6, 27, 8, 13, 28, 11, 13, 31, 13, 9, 31, 4, 8, 22, 8, 5, 13, 15, 9, 22, 17, 10, 24, 14, 1, 29, 12, 5, 30, 7, 13, 19, 8, 2, 31, 20, 11, 32, 8, 14, 9, 17, 11, 24, 3, 11, 26, 5, 6, 20, 18, 13, 21, 3, 15, 21, 4, 12, 13, 8, 5, 18, 19, 13, 3, 13, 15, 28, 5, 8, 37, 9, 3, 26, 16, 17, 18, 20, 12, 24, 17, 5, 21, 14, 14, 35, 13, 7, 5, 13, 9, 26, 7, 16, 10, 20, 9, 17, 12, 13, 13, 11, 10, 4, 3, 15, 11, 15, 13, 16, 6, 8, 22, 8, 9, 18, 11, 2, 18, 12, 3, 24, 15, 9, 7, 15, 16, 8, 17, 16, 18, 3, 14, 38, 16, 14, 21, 21, 11, 20, 15, 13, 30, 13, 9, 38, 16, 14, 14, 17, 12, 16, 7, 10, 32, 15, 2, 16, 12, 12, 11, 7, 7, 29, 12, 4, 1, 14, 8, 24, 17, 16, 20, 5, 11, 40, 7, 5, 25, 5, 9, 33, 20, 12, 39, 3, 11, 20, 14, 14, 31, 11, 11, 24, 12, 2, 34, 8, 3, 20, 17, 8, 4, 12, 8, 24, 11, 10, 30, 7, 14, 29, 10, 5, 33, 14, 3, 27, 7, 13, 6, 12, 10, 32, 14, 11, 38, 9, 10, 17, 4, 6, 25, 16, 16, 32, 15, 13, 31, 13, 11, 36, 8, 10, 8, 19, 5, 15, 13, 11, 29, 5, 16, 33, 9, 13, 17, 20, 14, 11, 10, 12, 32, 13, 9, 32, 22, 6, 32, 8, 9, 4, 15, 9, 36, 18, 15, 37, 12, 8, 10, 14, 11, 20, 4, 12, 21, 7, 16, 28, 12, 10, 18, 16, 9, 29, 9, 11, 40, 11, 12, 14, 6, 8, 25, 13, 15, 22, 16, 11, 10, 12, 6, 19, 20, 13, 23, 19, 11, 21, 20, 17, 37, 11, 5, 17, 15, 7, 29, 7, 9, 25, 14, 15, 20, 2, 14, 39, 10, 7, 7, 11, 7, 16, 8, 4, 37, 8, 11, 29, 10, 8, 17, 4, 11, 31, 11, 11, 24, 5, 9, 21, 11, 13, 25, 17, 15, 35, 6, 13, 28, 22, 6, 21, 7, 10, 19, 15, 5, 16, 3, 14, 38, 13, 15, 30, 14, 15, 36, 16, 6, 32, 8, 5, 26, 17, 10, 9, 4, 3, 27, 17, 6, 26, 13, 12, 15, 11, 9, 14, 12, 12, 33, 8, 5, 22, 4, 7, 30, 19, 6, 27, 17, 15, 4, 8, 12, 28, 15, 15, 9, 4, 13, 29, 15, 5, 37, 11, 13, 23, 14, 11, 33, 5, 3, 37, 13, 3, 16, 21, 10, 7, 1, 13, 38, 11, 10, 30, 10, 10, 14, 1, 6, 7, 9, 16, 19, 13, 5, 36, 12, 3, 28, 21, 8, 20, 8, 3, 37, 19, 15, 24, 16, 11, 30, 16, 15, 29, 11, 6, 20, 10, 16, 9, 11, 6, 24, 15, 12, 17, 19, 6, 28, 21, 3, 13, 13, 9, 19, 4, 10, 32, 10, 12, 40, 9, 7, 11, 10, 14, 38, 16, 4, 28, 13, 8, 11, 8, 6, 18, 8, 12, 28, 11, 11, 13, 16, 4, 32, 18, 8, 23, 21, 14, 28, 16, 15, 10, 17, 11, 9, 10, 13, 37, 4, 8, 5, 14, 13, 18, 8, 17, 28, 19, 6, 30, 10, 11, 21, 8, 11, 13, 16, 13, 19, 5, 16, 20, 14, 10, 28, 8, 8, 34, 9, 16, 3, 13, 13, 34, 12, 3, 7, 17, 5, 27, 16, 14, 19, 19, 14, 37, 7, 14, 14, 15, 7, 15, 17, 11, 5, 20, 2, 25, 10, 9, 32, 15, 14, 21, 15, 12, 24, 8, 14, 14, 9, 6, 11, 6, 12, 8, 19, 8, 21, 19, 6, 31, 20, 9, 8, 12, 9, 25, 19, 2, 12, 14, 12, 25, 15, 8, 27, 17, 6, 31, 13, 6, 16, 14, 4, 1, 2, 14, 28, 10, 6, 21, 16, 13, 23, 13, 14, 28, 16, 13, 20, 12, 11, 26, 14, 12, 21, 19, 9, 17, 20, 14, 38, 19, 5, 33, 11, 10, 24, 15, 14, 20, 20, 4, 18, 4, 13, 28, 4, 3, 33, 14, 12, 19, 10, 9, 38, 5, 11, 29, 20, 7, 23, 11, 15, 23, 12, 1, 7, 7, 3, 30, 15, 10, 14, 18, 6, 9, 10, 13, 18, 14, 3, 28, 17, 7, 6, 11, 11, 22, 21, 8, 16, 16, 16, 15, 11, 8, 18, 14, 11, 25, 19, 10, 31, 5, 11, 22, 7, 4, 16, 19, 11, 35, 6, 6, 7, 10, 16, 22, 15, 14, 25, 8, 14, 27, 6, 13, 16, 14, 11, 27, 12, 11, 24, 23, 12, 3, 8, 11, 8, 15, 9, 29, 4, 8, 31, 13, 14, 36, 11, 12, 28, 4, 6, 14, 10, 15, 17, 14, 7, 18, 15, 3, 31, 8, 9, 16, 9, 17, 27, 19, 2, 18, 22, 6, 33, 16, 7, 32, 9, 9, 29, 16, 14, 8, 21, 7, 17, 15, 11, 21, 4, 8, 29, 5, 9, 33, 15, 2, 34, 5, 11, 33, 10, 5, 28, 22, 16, 19, 7, 6, 26, 11, 11, 19, 15, 15, 25, 12, 8, 25, 23, 13, 28, 13, 16, 27, 11, 12, 34, 4, 11, 12, 14, 9, 4, 17, 8, 19, 19, 11, 37, 16, 6, 30, 7, 13, 34, 17, 6, 3, 10, 11, 7, 22, 16, 8, 10, 16, 25, 14, 11, 36, 12, 4, 34, 11, 6, 14, 14, 13, 25, 13, 1, 30, 19, 5, 21, 11, 14, 32, 4, 10, 30, 3, 15, 23, 5, 5, 4, 14, 11, 22, 4, 16, 27, 10, 8, 26, 10, 5, 21, 16, 7, 19, 14, 15, 4, 5, 17, 36, 11, 9, 14, 11, 7, 30, 3, 4, 34, 5, 16, 32, 12, 7, 27, 1, 8, 20, 15, 13, 36, 16, 2, 39, 12, 11, 27, 18, 12, 33, 6, 4, 22, 7, 8, 20, 9, 15, 5, 23, 14, 29, 17, 11, 29, 4, 15, 31, 11, 14, 26, 7, 11, 11, 12, 8, 24, 17, 11, 10, 4, 4, 17, 12, 16, 19, 17, 8, 31, 1, 5, 28, 11, 11, 10, 14, 6, 14, 21, 13, 24, 6, 12, 15, 20, 9, 12, 13, 15, 11, 20, 15, 6, 11, 9, 16, 9, 5, 34, 6, 14, 8, 13, 13, 33, 8, 13, 20, 8, 8, 25, 16, 16, 31, 20, 10, 6, 12, 14, 20, 15, 6, 17, 9, 12, 19, 8, 3, 10, 6, 3, 26, 12, 15, 33, 16, 8, 23, 16, 11, 31, 9, 8, 27, 12, 8, 37, 19, 16, 11, 17, 13, 9, 11, 4, 20, 8, 11, 19, 16, 2, 34, 20, 2, 31, 21, 4, 29, 11, 7, 12, 14, 2, 16, 5, 8, 14, 13, 5, 35, 12, 15, 20, 19, 8, 3, 4, 9, 27, 23, 9, 17, 16, 15, 39, 5, 4, 38, 10, 14, 21, 14, 12, 21, 8, 9, 18, 10, 7, 32, 15, 7, 5, 6, 15, 36, 6, 7, 16, 17, 11, 19, 15, 7, 6, 8, 5, 3, 6, 4, 14, 14, 14, 5, 21, 8, 13, 2, 12, 28, 6, 11, 32, 10, 13, 29, 7, 4, 21, 16, 6, 25, 11, 10, 1, 8, 4, 39, 8, 6, 20, 4, 8, 33, 12, 14, 13, 7, 8, 21, 19, 13, 29, 7, 12, 33, 20, 9, 18, 11, 17, 22, 15, 13, 24, 12, 6, 32, 5, 7, 40, 12, 4, 31, 8, 7, 15, 14, 11, 37, 18, 7, 30, 11, 11, 41, 8, 11, 40, 16, 6, 36, 16, 11, 14, 19, 8, 25, 12, 5, 25, 17, 13, 7, 9, 16, 24, 18, 11, 31, 4, 6, 33, 11, 9, 22, 15, 11, 7, 2, 10, 6, 14, 15, 15, 17, 6, 33, 7, 6, 14, 10, 7, 13, 18, 10, 31, 17, 15, 25, 23, 6, 15, 10, 6, 17, 12, 15, 26, 17, 17, 26, 6, 2, 22, 4, 13, 32, 7, 3, 23, 6, 14, 6, 4, 10, 30, 23, 15, 26, 7, 2, 30, 16, 4, 20, 13, 11, 37, 14, 4, 42, 19, 15, 26, 13, 12, 38, 10, 7, 20, 3, 10, 22, 20, 13, 24, 11, 9, 24, 14, 11, 19, 8, 17, 7, 1, 5, 17, 19, 17, 19, 14, 13, 32, 18, 14, 15, 15, 11, 14, 13, 6, 29, 5, 3, 27, 10, 15, 32, 15, 6, 35, 5, 15, 34, 23, 8, 30, 14, 14, 26, 11, 14, 11, 17, 16, 19, 11, 13, 5, 13, 10, 29, 15, 7, 20, 9, 14, 28, 21, 12, 42, 14, 6, 33, 15, 9, 3, 15, 10, 22, 9, 8, 25, 15, 13, 8, 11, 11, 19, 13, 16, 13, 1, 8, 11, 15, 3, 18, 14, 7, 27, 14, 15, 28, 9, 9, 17, 22, 7, 26, 16, 9, 16, 11, 16, 12, 6, 9, 25, 15, 13, 25, 10, 8, 12, 9, 11, 38, 4, 9, 25, 9, 14, 16, 19, 12, 23, 4, 8, 8, 19, 11, 26, 20, 8, 29, 17, 14, 30, 1, 5, 21, 10, 9, 21, 12, 1, 11, 10, 7, 21, 16, 15, 8, 11, 10, 25, 18, 13, 32, 14, 7, 22, 13, 4, 19, 5, 12, 23, 7, 13, 18, 18, 9, 35, 9, 4, 12, 13, 6, 18, 10, 17, 37, 14, 7, 27, 14, 13, 35, 14, 3, 21, 22, 4, 17, 14, 12, 26, 16, 14, 21, 23, 11, 17, 12, 14, 24, 5, 14, 14, 17, 16, 24, 6, 11, 35, 9, 7, 36, 13, 8, 17, 11, 9, 11, 6, 11, 28, 9, 10, 20, 20, 16, 10, 6, 4, 6, 15, 7, 27, 12, 15, 35, 12, 13, 40, 15, 8, 26, 13, 8, 19, 14, 8, 28, 11, 17, 38, 19, 12, 26, 17, 11, 5, 18, 9, 34, 11, 3, 32, 21, 13, 37, 8, 16, 17, 12, 9, 28, 10, 13, 31, 10, 14, 22, 8, 8, 18, 11, 10, 21, 8, 15, 15, 12, 15, 41, 13, 5, 27, 17, 15, 29, 7, 6, 16, 17, 9, 26, 15, 6, 20, 17, 16, 29, 8, 4, 18, 3, 11, 12, 9, 7, 28, 11, 10, 35, 4, 14, 31, 17, 5, 29, 16, 10, 13, 17, 4, 33, 12, 8, 34, 8, 8, 28, 22, 16, 12, 18, 11, 23, 9, 12, 22, 13, 12, 17, 4, 12, 18, 16, 2, 17, 9, 14, 29, 21, 9, 28, 11, 2, 22, 19, 11, 13, 8, 2, 25, 19, 10, 27, 12, 12, 25, 8, 5, 13, 17, 10, 25, 12, 12, 28, 12, 10, 32, 2, 14, 13, 14, 7, 18, 18, 10, 33, 13, 13, 17, 13, 10, 21, 8, 5, 21, 4, 15, 17, 14, 12, 38, 9, 12, 13, 11, 6, 38, 7, 2, 20, 10, 6, 19, 4, 12, 32, 16, 6, 34, 9, 9, 35, 11, 15, 19, 20, 3, 21, 15, 12, 30, 14, 5, 20, 11, 14, 28, 15, 14, 38, 12, 12, 35, 18, 7, 32, 14, 10, 18, 22, 8, 5, 14, 12, 37, 12, 9, 16, 3, 7, 28, 14, 14, 31, 9, 13, 10, 16, 15, 36, 4, 10, 30, 16, 11, 13, 13, 15, 25, 8, 14, 16, 17, 7, 30, 21, 10, 29, 9, 6, 39, 16, 3, 30, 13, 9, 16, 11, 10, 14, 10, 9, 30, 19, 9, 12, 19, 3, 36, 6, 10, 30, 7, 4, 16, 16, 5, 39, 14, 16, 20, 6, 9, 21, 17, 7, 16, 7, 16, 25, 13, 14, 38, 14, 11, 35, 13, 2, 28, 11, 10, 26, 4, 5, 19, 14, 12, 15, 12, 6, 29, 6, 4, 24, 15, 9, 24, 15, 15, 17, 14, 3, 19, 21, 11, 27, 20, 7, 17, 9, 8, 18, 12, 15, 28, 7, 4, 19, 4, 10, 12, 7, 3, 19, 19, 5, 23, 13, 12, 10, 16, 5, 24, 11, 8, 16, 11, 9, 22, 16, 3, 15, 1, 8, 34, 8, 9, 26, 6, 13, 36, 10, 12, 41, 12, 11, 24, 11, 15, 31, 5, 8, 22, 1, 13, 31, 17, 8, 33, 15, 15, 5, 18, 13, 4, 14, 4, 35, 8, 12, 24, 15, 13, 29, 3, 5, 14, 19, 7, 20, 10, 5, 13, 6, 6, 28, 17, 11, 17, 13, 11, 35, 2, 8, 17, 9, 15, 25, 4, 16, 20, 20, 9, 29, 14, 12, 20, 20, 14, 30, 20, 14, 27, 17, 8, 36, 10, 7, 25, 11, 15, 31, 19, 7, 24, 21, 3, 11, 13, 16, 23, 9, 15, 20, 9, 14, 32, 16, 7, 37, 3, 7, 30, 12, 9, 13, 16, 12, 15, 14, 8, 35, 8, 6, 31, 15, 10, 7, 11, 8, 11, 13, 1, 15, 5, 3, 12, 15, 16, 38, 12, 14, 18, 16, 10, 23, 7, 8, 26, 21, 9, 21, 5, 12, 15, 17, 15, 11, 22, 13, 22, 14, 14, 29, 9, 12, 25, 15, 10, 32, 17, 8, 40, 12, 11, 31, 7, 14, 37, 8, 14, 25, 13, 10, 23, 11, 4, 9, 16, 2, 13, 9, 16, 29, 10, 3, 33, 13, 6, 10, 14, 4, 27, 8, 8, 33, 14, 9, 27, 10, 6, 26, 6, 12, 35, 11, 9, 11, 20, 4, 29, 17, 9, 26, 5, 13, 27, 20, 7, 16, 14, 3, 19, 12, 11, 16, 18, 13, 23, 13, 9, 10, 1, 5, 21, 14, 10, 10, 20, 5, 25, 6, 9, 24, 7, 4, 31, 12, 8, 11, 10, 7, 22, 19, 6, 17, 16, 10, 31, 11, 10, 32, 15, 8, 24, 1, 15, 21, 15, 2, 10, 13, 6, 21, 19, 16, 14, 14, 7, 13, 8, 13, 22, 13, 14, 4, 18, 10, 23, 14, 12, 2, 10, 4, 31, 10, 10, 4, 11, 15, 18, 4, 5, 19, 9, 11, 18, 11, 14, 20, 16, 3, 31, 11, 7, 20, 23, 13, 17, 21, 7, 23, 13, 14, 28, 18, 13, 21, 19, 10, 4, 23, 16, 28, 23, 8, 17, 20, 5, 22, 12, 9, 32, 12, 0, 22, 10, 10, 11, 8, 6, 9, 16, 13, 24, 3, 14, 31, 14, 5, 33, 9, 14, 40, 11, 16, 36, 11, 10, 28, 8, 14, 18, 15, 12, 18, 21, 6, 35, 9, 11, 16, 14, 16, 20, 5, 2, 5, 19, 9, 14, 18, 5, 27, 11, 9, 25, 6, 13, 32, 13, 17, 26, 14, 5, 23, 16, 11, 16, 16, 4, 20, 20, 8, 24, 2, 9, 16, 8, 6, 17, 8, 3, 30, 20, 13, 32, 18, 16, 17, 8, 12, 11, 13, 5, 12, 9, 7, 22, 17, 8, 27, 9, 9, 34, 15, 5, 31, 7, 16, 29, 7, 14, 13, 8, 12, 5, 18, 11, 12, 22, 2, 11, 9, 6, 25, 15, 5, 40, 12, 10, 23, 17, 10, 17, 15, 6, 30, 7, 12, 14, 11, 11, 22, 9, 5, 12, 19, 11, 37, 2, 12, 19, 20, 8, 22, 15, 10, 24, 9, 7, 19, 9, 10, 17, 13, 9, 11, 21, 9, 15, 15, 1, 25, 12, 4, 24, 14, 13, 17, 8, 14, 31, 8, 12, 26, 20, 11, 26, 18, 9, 28, 3, 9, 6, 8, 11, 26, 9, 13, 9, 11, 12, 27, 10, 10, 5, 18, 7, 15, 8, 15, 25, 7, 7, 33, 20, 8, 25, 11, 13, 35, 12, 5, 28, 7, 6, 29, 9, 9, 13, 8, 4, 9, 13, 8, 18, 11, 6, 32, 22, 12, 34, 15, 13, 32, 16, 6, 18, 8, 11, 8, 5, 6, 27, 10, 12, 16, 13, 10, 18, 15, 13, 12, 14, 13, 14, 13, 16, 14, 11, 14, 21, 10, 11, 5, 5, 16, 25, 20, 4, 16, 13, 9, 28, 18, 11, 26, 18, 16, 25, 20, 14, 33, 16, 7, 33, 11, 4, 18, 22, 13, 11, 5, 9, 34, 12, 13, 11, 18, 8, 39, 9, 15, 25, 12, 14, 39, 20, 6, 17, 13, 10, 30, 16, 7, 29, 12, 6, 24, 10, 2, 19, 17, 8, 19, 8, 10, 29, 15, 3, 13, 12, 9, 16, 21, 11, 34, 23, 12, 35, 15, 16, 29, 16, 8, 41, 15, 11, 31, 10, 10, 27, 13, 3, 18, 15, 3, 29, 14, 9, 20, 13, 7, 34, 23, 13, 18, 10, 10, 7, 20, 9, 20, 14, 14, 29, 15, 8, 16, 14, 13, 16, 16, 4, 24, 16, 15, 18, 6, 10, 22, 8, 12, 27, 14, 7, 19, 13, 2, 24, 6, 6, 31, 13, 4, 11, 20, 10, 16, 5, 10, 14, 11, 2, 17, 20, 13, 23, 12, 5, 12, 16, 10, 13, 8, 10, 22, 13, 15, 35, 9, 5, 4, 10, 15, 33, 12, 12, 16, 5, 10, 33, 12, 15, 40, 8, 9], dimension=6054, value=22138.45220208879, stages=0, time=1779.0198726289448}
最差解：
Solution{id=19, content=[10, 17, 9, 29, 13, 8, 32, 21, 15, 17, 14, 16, 13, 11, 5, 24, 12, 5, 25, 14, 17, 35, 13, 9, 26, 18, 16, 29, 14, 4, 13, 10, 12, 20, 19, 8, 36, 12, 6, 25, 16, 16, 34, 16, 16, 28, 3, 14, 30, 1, 7, 23, 18, 2, 11, 9, 12, 28, 17, 15, 10, 10, 11, 34, 8, 16, 26, 10, 6, 37, 17, 8, 28, 10, 17, 21, 20, 13, 17, 19, 11, 25, 13, 11, 18, 12, 15, 30, 14, 5, 20, 19, 15, 22, 5, 7, 10, 17, 12, 1, 11, 15, 37, 8, 6, 36, 17, 9, 2, 20, 6, 10, 19, 16, 25, 14, 3, 28, 11, 10, 14, 12, 3, 32, 6, 6, 14, 13, 8, 37, 3, 14, 32, 11, 6, 18, 9, 6, 31, 12, 5, 25, 15, 9, 27, 6, 15, 1, 18, 4, 14, 18, 12, 23, 21, 10, 29, 15, 14, 18, 12, 10, 18, 5, 11, 31, 15, 15, 13, 19, 12, 24, 6, 10, 30, 13, 2, 25, 3, 11, 17, 14, 1, 19, 16, 8, 15, 11, 14, 16, 14, 13, 26, 22, 9, 30, 5, 8, 19, 7, 9, 30, 15, 9, 31, 15, 8, 31, 19, 11, 8, 5, 4, 13, 21, 10, 29, 16, 11, 6, 20, 11, 6, 9, 4, 30, 13, 9, 25, 10, 7, 32, 21, 11, 19, 9, 6, 10, 15, 10, 34, 11, 13, 12, 19, 5, 8, 4, 3, 26, 13, 11, 17, 14, 14, 28, 9, 13, 21, 12, 9, 23, 13, 10, 25, 22, 13, 10, 21, 16, 32, 9, 12, 4, 14, 12, 16, 11, 16, 19, 4, 12, 9, 5, 2, 21, 21, 12, 20, 3, 14, 31, 8, 14, 20, 8, 9, 13, 9, 2, 28, 14, 3, 32, 19, 9, 10, 7, 14, 25, 10, 10, 29, 19, 14, 25, 12, 2, 32, 17, 3, 22, 12, 8, 33, 4, 12, 16, 10, 17, 42, 16, 6, 11, 5, 17, 17, 8, 17, 22, 16, 15, 22, 8, 9, 15, 22, 11, 24, 11, 4, 16, 8, 10, 19, 16, 13, 27, 10, 15, 27, 9, 14, 14, 20, 8, 38, 17, 17, 10, 8, 1, 30, 1, 8, 18, 15, 17, 37, 15, 12, 21, 5, 11, 34, 15, 15, 35, 12, 17, 38, 22, 14, 10, 15, 15, 27, 8, 12, 1, 15, 15, 17, 7, 3, 27, 6, 8, 23, 10, 11, 23, 1, 10, 20, 12, 7, 7, 4, 9, 15, 14, 14, 11, 21, 16, 19, 9, 12, 9, 11, 5, 27, 20, 8, 22, 7, 9, 19, 18, 6, 38, 12, 15, 19, 21, 5, 40, 11, 5, 38, 8, 14, 28, 12, 7, 4, 15, 12, 7, 15, 14, 21, 11, 2, 21, 16, 16, 14, 15, 14, 20, 11, 6, 22, 17, 7, 20, 4, 15, 30, 23, 15, 33, 2, 14, 18, 16, 13, 9, 8, 17, 6, 15, 8, 24, 14, 11, 16, 0, 12, 22, 9, 6, 31, 5, 7, 18, 2, 15, 20, 19, 12, 6, 8, 12, 18, 10, 6, 15, 4, 13, 16, 5, 12, 20, 0, 6, 5, 17, 6, 38, 14, 9, 30, 22, 14, 15, 7, 10, 25, 2, 13, 18, 12, 4, 27, 2, 15, 25, 9, 8, 25, 15, 14, 26, 21, 17, 17, 13, 7, 30, 15, 8, 21, 20, 9, 18, 14, 5, 25, 13, 11, 20, 12, 5, 32, 18, 5, 24, 21, 10, 31, 16, 12, 10, 19, 13, 27, 15, 7, 37, 10, 4, 26, 19, 14, 29, 13, 1, 41, 13, 13, 24, 10, 8, 5, 9, 9, 8, 15, 12, 25, 15, 9, 13, 12, 3, 28, 6, 8, 33, 16, 5, 23, 17, 9, 17, 13, 4, 4, 6, 6, 28, 9, 10, 15, 15, 11, 11, 17, 6, 11, 8, 2, 25, 16, 10, 15, 19, 6, 21, 16, 11, 18, 16, 13, 30, 14, 11, 15, 5, 9, 38, 18, 1, 20, 4, 8, 25, 12, 3, 19, 8, 4, 10, 7, 4, 16, 14, 12, 25, 19, 5, 38, 14, 4, 20, 10, 5, 16, 17, 9, 37, 21, 16, 26, 11, 7, 20, 7, 8, 13, 19, 14, 26, 5, 12, 21, 12, 1, 19, 8, 9, 19, 23, 14, 31, 17, 13, 3, 19, 15, 34, 5, 2, 34, 20, 8, 26, 23, 17, 13, 11, 8, 19, 6, 8, 10, 8, 15, 18, 4, 3, 18, 15, 10, 28, 11, 11, 22, 8, 4, 19, 17, 8, 14, 8, 12, 28, 3, 17, 39, 20, 13, 34, 14, 2, 21, 15, 13, 19, 15, 4, 6, 13, 2, 15, 16, 9, 28, 10, 11, 36, 13, 7, 34, 19, 12, 2, 12, 10, 16, 7, 9, 17, 11, 4, 20, 5, 5, 19, 13, 11, 11, 8, 12, 27, 13, 16, 28, 12, 6, 35, 21, 12, 29, 14, 15, 23, 20, 6, 21, 12, 9, 36, 21, 13, 25, 15, 7, 15, 7, 6, 22, 6, 14, 40, 16, 12, 35, 11, 15, 21, 9, 3, 6, 8, 8, 11, 9, 8, 21, 12, 10, 19, 12, 14, 34, 16, 5, 26, 19, 4, 28, 5, 8, 16, 12, 1, 20, 9, 5, 14, 4, 8, 19, 19, 10, 20, 14, 8, 24, 20, 13, 17, 22, 5, 15, 10, 10, 15, 5, 1, 27, 12, 10, 6, 3, 14, 25, 16, 4, 40, 21, 9, 18, 1, 7, 14, 10, 10, 30, 10, 4, 19, 14, 13, 24, 15, 13, 19, 20, 16, 15, 13, 11, 20, 16, 14, 17, 15, 12, 6, 11, 5, 36, 18, 16, 20, 13, 7, 13, 20, 10, 13, 11, 7, 8, 9, 10, 16, 7, 12, 8, 8, 11, 37, 16, 7, 24, 11, 5, 28, 7, 3, 2, 10, 11, 24, 10, 13, 5, 13, 16, 24, 9, 8, 18, 15, 9, 18, 15, 3, 38, 18, 1, 5, 5, 5, 21, 9, 16, 9, 10, 5, 5, 21, 4, 30, 13, 11, 28, 8, 7, 38, 3, 11, 34, 20, 11, 19, 13, 14, 28, 21, 13, 34, 20, 5, 14, 8, 3, 6, 11, 4, 14, 12, 8, 17, 16, 10, 23, 17, 17, 16, 9, 2, 26, 8, 11, 21, 6, 12, 33, 20, 12, 17, 5, 12, 29, 15, 9, 16, 12, 3, 7, 21, 1, 29, 12, 9, 22, 12, 11, 25, 10, 14, 17, 15, 3, 34, 8, 5, 24, 11, 7, 32, 14, 8, 20, 4, 17, 5, 4, 6, 15, 19, 14, 16, 23, 14, 24, 10, 7, 16, 14, 13, 24, 20, 12, 24, 7, 16, 24, 19, 9, 34, 15, 17, 14, 20, 6, 15, 10, 7, 21, 15, 9, 17, 4, 2, 29, 6, 12, 9, 19, 9, 23, 14, 8, 31, 11, 9, 24, 18, 9, 18, 15, 16, 19, 17, 12, 16, 2, 13, 22, 18, 14, 11, 14, 7, 16, 11, 7, 22, 6, 3, 37, 11, 7, 16, 11, 1, 35, 12, 6, 29, 22, 8, 18, 5, 11, 4, 6, 15, 14, 17, 7, 4, 9, 11, 21, 3, 14, 32, 17, 6, 21, 17, 9, 22, 19, 2, 19, 15, 2, 29, 10, 11, 38, 4, 17, 13, 12, 8, 34, 16, 14, 25, 13, 12, 30, 13, 9, 19, 17, 2, 23, 19, 5, 21, 3, 17, 5, 4, 11, 35, 12, 16, 33, 20, 8, 18, 5, 8, 30, 3, 11, 17, 20, 9, 16, 11, 11, 31, 18, 7, 28, 10, 14, 27, 21, 5, 11, 14, 14, 6, 17, 8, 15, 7, 13, 21, 14, 5, 33, 7, 10, 26, 15, 12, 11, 11, 13, 24, 9, 8, 12, 2, 4, 32, 14, 11, 27, 17, 3, 32, 8, 9, 13, 8, 8, 25, 9, 13, 22, 13, 17, 42, 9, 8, 33, 22, 1, 31, 16, 10, 22, 20, 12, 34, 11, 11, 19, 14, 17, 18, 7, 10, 37, 14, 6, 10, 14, 7, 15, 18, 14, 11, 14, 2, 11, 19, 13, 18, 10, 7, 24, 17, 8, 29, 16, 15, 18, 14, 12, 22, 5, 11, 22, 10, 17, 40, 18, 8, 20, 13, 15, 37, 13, 3, 33, 17, 4, 26, 12, 14, 23, 9, 13, 2, 3, 12, 30, 4, 9, 6, 20, 6, 30, 12, 8, 34, 4, 12, 11, 13, 15, 26, 21, 15, 24, 11, 16, 30, 21, 3, 38, 17, 2, 25, 8, 9, 36, 12, 2, 20, 11, 9, 36, 13, 10, 29, 7, 8, 11, 2, 6, 17, 14, 3, 26, 20, 13, 15, 4, 14, 23, 21, 8, 39, 13, 10, 18, 7, 16, 24, 21, 6, 13, 1, 11, 27, 15, 13, 40, 15, 10, 9, 4, 9, 28, 17, 11, 8, 16, 8, 20, 13, 12, 36, 17, 1, 28, 10, 8, 37, 9, 16, 27, 23, 1, 8, 19, 6, 5, 11, 4, 41, 8, 14, 26, 13, 13, 22, 12, 15, 28, 11, 13, 19, 3, 5, 31, 17, 9, 34, 22, 10, 29, 12, 14, 29, 10, 10, 20, 7, 5, 40, 11, 11, 18, 8, 3, 11, 22, 4, 21, 14, 12, 15, 17, 14, 15, 13, 12, 26, 13, 2, 23, 14, 14, 21, 5, 8, 30, 14, 12, 22, 11, 3, 26, 7, 15, 33, 8, 10, 4, 10, 10, 39, 10, 11, 17, 15, 4, 27, 5, 12, 23, 7, 4, 16, 13, 13, 29, 18, 16, 29, 23, 7, 11, 19, 14, 16, 10, 9, 19, 11, 11, 31, 9, 14, 30, 20, 5, 20, 8, 16, 20, 12, 17, 25, 5, 15, 17, 3, 10, 4, 8, 4, 26, 15, 6, 22, 7, 4, 27, 6, 1, 8, 15, 9, 41, 14, 4, 31, 1, 9, 12, 10, 13, 5, 10, 5, 26, 4, 6, 23, 22, 10, 23, 15, 10, 23, 4, 7, 28, 2, 10, 23, 17, 6, 36, 2, 8, 28, 15, 14, 37, 13, 14, 38, 11, 10, 25, 9, 3, 29, 12, 13, 27, 10, 11, 19, 16, 16, 21, 14, 16, 15, 9, 11, 20, 19, 10, 29, 5, 16, 13, 10, 8, 12, 12, 7, 19, 8, 10, 29, 15, 11, 11, 17, 9, 33, 16, 15, 16, 11, 2, 5, 17, 11, 29, 1, 6, 22, 10, 14, 22, 5, 3, 16, 11, 3, 18, 19, 8, 30, 2, 5, 24, 13, 9, 30, 17, 5, 37, 19, 14, 25, 14, 11, 34, 6, 11, 33, 13, 7, 19, 23, 10, 21, 16, 3, 29, 11, 7, 29, 6, 6, 4, 5, 13, 35, 19, 9, 17, 18, 10, 26, 16, 13, 26, 9, 5, 4, 18, 8, 11, 20, 16, 7, 19, 1, 26, 16, 6, 39, 13, 3, 32, 3, 6, 12, 8, 11, 28, 6, 12, 10, 3, 14, 30, 19, 9, 23, 15, 4, 26, 1, 11, 33, 15, 8, 15, 13, 13, 28, 23, 0, 13, 6, 6, 32, 11, 13, 22, 4, 11, 33, 21, 8, 23, 12, 13, 37, 14, 6, 19, 10, 12, 40, 21, 8, 3, 11, 8, 17, 17, 13, 39, 11, 10, 23, 13, 12, 4, 12, 2, 22, 9, 7, 24, 6, 5, 12, 8, 7, 30, 22, 15, 26, 11, 17, 34, 10, 14, 8, 9, 6, 11, 9, 3, 20, 17, 14, 8, 12, 2, 12, 17, 16, 22, 13, 13, 8, 9, 6, 13, 4, 10, 23, 8, 3, 17, 18, 8, 38, 9, 14, 30, 13, 15, 31, 13, 7, 32, 7, 4, 36, 7, 6, 30, 17, 10, 40, 19, 8, 29, 14, 9, 19, 17, 8, 31, 12, 16, 24, 17, 10, 31, 18, 3, 36, 22, 12, 31, 9, 4, 32, 9, 6, 8, 17, 7, 10, 12, 10, 29, 21, 11, 15, 16, 8, 23, 22, 16, 7, 11, 15, 22, 16, 11, 24, 8, 5, 24, 19, 5, 34, 12, 13, 28, 12, 10, 18, 19, 4, 35, 17, 1, 26, 17, 4, 15, 16, 7, 24, 16, 8, 25, 10, 12, 22, 17, 13, 29, 22, 8, 19, 15, 17, 20, 10, 11, 36, 4, 13, 36, 5, 10, 41, 10, 12, 25, 3, 6, 22, 12, 10, 22, 6, 4, 19, 17, 16, 5, 10, 14, 30, 7, 5, 22, 8, 6, 16, 14, 2, 23, 20, 7, 10, 8, 6, 36, 9, 9, 33, 14, 10, 35, 16, 11, 20, 22, 6, 11, 9, 0, 25, 14, 4, 39, 20, 13, 29, 15, 16, 24, 16, 15, 37, 17, 7, 9, 7, 10, 17, 16, 11, 1, 8, 12, 16, 12, 14, 11, 7, 13, 18, 16, 11, 37, 13, 6, 18, 11, 17, 30, 12, 8, 15, 12, 8, 29, 15, 15, 13, 12, 1, 28, 10, 13, 12, 4, 10, 34, 9, 12, 12, 14, 11, 27, 21, 11, 32, 20, 11, 27, 12, 5, 17, 15, 16, 11, 12, 16, 26, 10, 12, 21, 13, 7, 19, 18, 10, 23, 21, 15, 8, 14, 6, 11, 19, 3, 31, 10, 6, 27, 6, 14, 30, 17, 10, 10, 13, 2, 19, 21, 2, 31, 10, 9, 28, 18, 5, 25, 17, 14, 15, 18, 17, 20, 12, 11, 32, 19, 6, 19, 14, 7, 20, 15, 6, 31, 6, 7, 25, 16, 3, 27, 15, 7, 31, 18, 13, 23, 19, 14, 14, 10, 3, 24, 6, 3, 17, 16, 5, 30, 2, 10, 14, 14, 9, 29, 2, 7, 27, 4, 11, 17, 16, 17, 15, 21, 14, 26, 3, 10, 29, 10, 7, 25, 12, 8, 10, 23, 2, 26, 16, 4, 17, 4, 11, 26, 16, 4, 27, 12, 14, 28, 6, 14, 5, 12, 2, 18, 14, 8, 18, 19, 5, 24, 5, 8, 28, 11, 8, 21, 13, 9, 7, 15, 9, 31, 16, 11, 31, 13, 2, 6, 12, 8, 25, 10, 8, 33, 11, 7, 36, 17, 16, 20, 4, 14, 27, 18, 5, 21, 15, 11, 28, 10, 6, 33, 16, 14, 11, 1, 6, 26, 12, 7, 10, 10, 6, 38, 15, 12, 23, 6, 5, 9, 19, 7, 6, 3, 5, 15, 7, 10, 40, 8, 15, 28, 3, 9, 17, 10, 7, 27, 5, 11, 28, 17, 9, 26, 18, 13, 10, 14, 12, 42, 13, 15, 20, 13, 13, 16, 21, 4, 38, 14, 6, 15, 12, 6, 30, 20, 12, 21, 12, 15, 8, 17, 10, 16, 12, 14, 30, 20, 10, 31, 18, 6, 12, 9, 14, 21, 19, 6, 4, 15, 9, 24, 10, 11, 21, 10, 9, 23, 9, 10, 14, 15, 11, 39, 17, 2, 29, 7, 14, 25, 20, 7, 20, 12, 1, 32, 10, 16, 27, 2, 10, 41, 12, 14, 2, 17, 13, 9, 23, 10, 13, 6, 14, 30, 22, 15, 6, 8, 8, 23, 16, 1, 20, 9, 15, 9, 8, 15, 26, 8, 16, 12, 12, 10, 17, 16, 13, 21, 13, 12, 32, 6, 17, 28, 12, 12, 16, 14, 13, 25, 12, 9, 24, 2, 12, 27, 18, 8, 27, 16, 9, 31, 7, 14, 13, 4, 4, 17, 17, 11, 24, 2, 7, 20, 11, 9, 26, 2, 15, 28, 8, 9, 26, 15, 11, 6, 8, 8, 7, 18, 13, 22, 11, 11, 37, 15, 12, 24, 11, 5, 30, 10, 14, 40, 22, 13, 13, 8, 9, 24, 11, 15, 6, 18, 6, 31, 8, 11, 39, 0, 17, 16, 18, 8, 16, 17, 9, 37, 15, 2, 42, 10, 5, 28, 10, 15, 15, 8, 11, 31, 15, 5, 37, 9, 5, 16, 8, 9, 8, 17, 14, 26, 5, 12, 17, 16, 13, 28, 9, 14, 16, 8, 6, 40, 6, 17, 21, 9, 2, 24, 2, 6, 38, 19, 14, 26, 11, 11, 9, 13, 8, 25, 12, 14, 11, 7, 10, 25, 6, 9, 1, 15, 8, 11, 9, 12, 8, 19, 12, 42, 12, 10, 19, 14, 3, 22, 19, 13, 27, 4, 5, 19, 13, 5, 20, 20, 14, 29, 18, 10, 12, 17, 12, 37, 8, 10, 14, 12, 3, 13, 19, 16, 13, 15, 8, 23, 9, 8, 30, 17, 9, 25, 15, 14, 20, 12, 11, 13, 8, 10, 22, 14, 15, 7, 16, 11, 2, 20, 11, 30, 1, 4, 4, 8, 7, 16, 10, 8, 21, 15, 11, 38, 23, 12, 32, 8, 13, 30, 14, 15, 10, 17, 14, 18, 16, 6, 30, 9, 15, 9, 12, 5, 30, 16, 15, 27, 8, 9, 18, 20, 13, 23, 13, 8, 27, 22, 13, 31, 16, 13, 29, 10, 13, 11, 14, 3, 3, 14, 9, 37, 10, 10, 12, 12, 10, 12, 11, 5, 15, 19, 12, 11, 16, 6, 11, 17, 3, 33, 17, 6, 34, 9, 11, 37, 2, 16, 24, 6, 10, 21, 16, 13, 28, 9, 13, 16, 12, 15, 36, 9, 12, 39, 12, 5, 37, 7, 7, 36, 10, 13, 19, 15, 3, 31, 20, 7, 27, 19, 7, 31, 15, 9, 19, 8, 6, 6, 21, 5, 20, 12, 13, 9, 17, 12, 31, 17, 9, 13, 13, 14, 24, 5, 5, 42, 7, 5, 28, 21, 10, 35, 10, 14, 31, 16, 16, 10, 8, 13, 19, 2, 12, 19, 10, 16, 19, 8, 12, 36, 14, 1, 31, 8, 15, 33, 11, 13, 15, 15, 13, 17, 15, 9, 25, 16, 6, 13, 1, 1, 5, 1, 10, 2, 14, 5, 25, 18, 5, 18, 10, 3, 19, 12, 3, 18, 18, 5, 10, 12, 15, 39, 16, 12, 28, 11, 13, 20, 8, 16, 34, 10, 7, 36, 17, 3, 25, 14, 8, 26, 21, 14, 31, 10, 16, 19, 14, 6, 31, 13, 9, 10, 3, 12, 33, 5, 8, 17, 2, 9, 19, 11, 9, 18, 7, 4, 29, 15, 11, 39, 19, 15, 23, 8, 0, 18, 8, 8, 25, 9, 13, 5, 16, 15, 8, 6, 3, 25, 12, 11, 19, 10, 9, 28, 17, 6, 18, 17, 8, 19, 20, 1, 19, 12, 15, 4, 17, 13, 23, 15, 8, 34, 12, 15, 9, 18, 9, 38, 19, 9, 14, 14, 2, 25, 23, 15, 28, 11, 15, 18, 7, 5, 31, 8, 12, 1, 12, 9, 21, 13, 10, 40, 13, 16, 32, 10, 12, 21, 20, 14, 26, 6, 4, 27, 17, 12, 7, 11, 8, 11, 0, 17, 40, 15, 9, 25, 13, 9, 19, 16, 11, 19, 8, 5, 36, 7, 6, 32, 8, 16, 31, 15, 9, 23, 12, 6, 16, 15, 13, 27, 18, 4, 28, 19, 12, 3, 14, 12, 16, 10, 8, 29, 11, 11, 14, 9, 14, 10, 7, 15, 5, 11, 11, 15, 19, 17, 26, 19, 9, 26, 12, 5, 19, 17, 8, 36, 8, 10, 2, 10, 13, 14, 14, 12, 15, 8, 11, 37, 16, 11, 29, 10, 11, 30, 23, 7, 11, 17, 4, 29, 9, 3, 23, 17, 15, 23, 19, 12, 18, 9, 11, 25, 14, 6, 42, 7, 17, 37, 5, 6, 17, 14, 3, 30, 11, 9, 4, 13, 15, 22, 16, 10, 17, 8, 4, 27, 14, 6, 33, 23, 17, 27, 12, 6, 4, 1, 15, 15, 19, 4, 24, 21, 2, 30, 12, 7, 32, 5, 2, 26, 16, 13, 41, 17, 7, 27, 15, 5, 19, 19, 12, 42, 10, 3, 21, 18, 11, 39, 22, 7, 32, 12, 8, 33, 23, 4, 27, 7, 7, 15, 13, 1, 35, 16, 5, 30, 3, 15, 27, 6, 0, 11, 14, 5, 28, 10, 10, 17, 6, 16, 9, 20, 9, 35, 15, 9, 17, 8, 5, 34, 15, 12, 20, 16, 12, 39, 10, 4, 23, 14, 5, 30, 8, 12, 25, 4, 10, 13, 12, 12, 15, 17, 15, 36, 13, 7, 26, 8, 10, 28, 4, 15, 19, 11, 12, 26, 11, 6, 31, 12, 6, 1, 1, 13, 11, 16, 9, 41, 10, 12, 32, 5, 8, 19, 18, 8, 31, 18, 12, 38, 2, 13, 6, 5, 14, 25, 14, 7, 24, 11, 9, 14, 22, 14, 42, 11, 8, 14, 14, 15, 22, 23, 11, 8, 15, 13, 16, 16, 12, 15, 10, 7, 10, 14, 14, 32, 6, 13, 17, 14, 11, 25, 7, 16, 39, 16, 16, 36, 10, 10, 39, 8, 10, 20, 14, 11, 13, 20, 4, 28, 15, 4, 16, 6, 16, 20, 11, 11, 33, 9, 11, 25, 17, 13, 6, 17, 10, 11, 14, 6, 7, 17, 14, 15, 16, 5, 31, 14, 9, 25, 9, 14, 16, 9, 14, 32, 6, 5, 18, 9, 6, 26, 10, 4, 30, 12, 14, 39, 11, 8, 23, 17, 14, 38, 18, 8, 26, 12, 5, 29, 14, 13, 22, 13, 10, 31, 21, 9, 14, 1, 11, 3, 10, 5, 30, 2, 10, 37, 17, 10, 29, 6, 5, 27, 18, 7, 18, 13, 9, 28, 21, 12, 18, 21, 10, 15, 5, 8, 29, 8, 10, 10, 9, 11, 23, 10, 10, 19, 14, 6, 12, 19, 11, 31, 18, 9, 41, 19, 13, 23, 8, 13, 19, 16, 5, 32, 14, 16, 22, 10, 10, 29, 18, 16, 16, 16, 14, 36, 7, 8, 19, 13, 6, 16, 7, 6, 27, 18, 14, 16, 7, 14, 17, 11, 12, 25, 14, 17, 28, 2, 12, 27, 14, 6, 35, 13, 3, 13, 1, 10, 15, 14, 13, 8, 4, 9, 31, 18, 10, 26, 6, 12, 35, 14, 10, 24, 11, 14, 28, 22, 2, 10, 10, 8, 28, 1, 9, 30, 17, 15, 21, 10, 5, 18, 10, 5, 10, 12, 12, 24, 18, 13, 15, 10, 13, 21, 9, 7, 18, 13, 13, 22, 6, 8, 28, 16, 4, 4, 13, 13, 17, 10, 12, 21, 4, 11, 36, 10, 10, 21, 7, 12, 32, 12, 6, 25, 17, 16, 22, 7, 13, 20, 6, 11, 19, 13, 11, 36, 11, 15, 31, 7, 3, 22, 19, 12, 34, 21, 11, 33, 7, 15, 31, 10, 5, 2, 11, 2, 25, 6, 7, 16, 16, 14, 23, 14, 12, 5, 15, 12, 14, 18, 7, 25, 15, 9, 20, 14, 10, 32, 11, 4, 21, 12, 5, 12, 3, 5, 24, 19, 6, 23, 1, 9, 22, 6, 9, 31, 20, 12, 28, 19, 4, 18, 16, 12, 31, 10, 13, 39, 3, 13, 25, 23, 5, 16, 12, 12, 31, 10, 8, 35, 12, 11, 24, 19, 7, 40, 8, 8, 20, 14, 15, 20, 17, 16, 19, 5, 2, 15, 19, 15, 32, 14, 11, 38, 16, 6, 30, 14, 14, 37, 19, 15, 3, 9, 7, 22, 12, 15, 23, 12, 11, 17, 20, 6, 36, 17, 14, 16, 14, 10, 38, 15, 15, 18, 19, 7, 22, 18, 6, 21, 4, 6, 25, 12, 2, 20, 12, 6, 38, 11, 7, 16, 10, 3, 23, 19, 9, 32, 19, 12, 30, 18, 8, 29, 8, 15, 21, 15, 14, 19, 17, 8, 37, 19, 5, 33, 6, 13, 8, 10, 15, 25, 13, 6, 9, 4, 5, 24, 8, 7, 23, 18, 5, 33, 17, 10, 19, 20, 14, 26, 8, 3, 10, 7, 9, 31, 6, 8, 16, 7, 13, 8, 10, 11, 33, 1, 6, 11, 11, 7, 17, 10, 12, 19, 16, 12, 23, 18, 14, 36, 15, 7, 16, 13, 5, 32, 14, 8, 41, 16, 11, 34, 13, 6, 21, 5, 5, 18, 9, 6, 32, 4, 8, 32, 8, 5, 16, 9, 15, 37, 5, 12, 18, 21, 1, 23, 11, 12, 24, 15, 9, 25, 16, 14, 24, 5, 8, 27, 1, 16, 37, 19, 1, 17, 19, 9, 24, 9, 9, 14, 6, 12, 21, 10, 6, 29, 18, 13, 29, 21, 10, 15, 14, 5, 15, 13, 12, 22, 16, 7, 27, 23, 11, 37, 9, 2, 14, 13, 3, 25, 11, 14, 29, 13, 4, 22, 10, 12, 6, 13, 7, 23, 10, 13, 36, 21, 16, 27, 6, 8, 14, 14, 8, 26, 4, 5, 27, 11, 4, 37, 11, 11, 10, 16, 5, 32, 14, 8, 31, 14, 6, 38, 19, 16, 26, 16, 8, 29, 13, 14, 19, 8, 16, 31, 17, 14, 25, 15, 6, 12, 6, 9, 15, 11, 10, 33, 17, 13, 20, 16, 5, 39, 5, 15, 10, 7, 6, 22, 9, 16, 12, 16, 15, 13, 13, 15, 6, 17, 13, 32, 13, 10, 10, 18, 15, 24, 19, 14, 21, 9, 10, 25, 21, 4, 25, 17, 16, 30, 15, 11, 19, 16, 11, 36, 0, 16, 16, 16, 6, 17, 22, 14, 24, 14, 11, 26, 13, 11, 34, 13, 14, 18, 15, 11, 25, 16, 7, 31, 18, 17, 12, 11, 14, 35, 16, 10, 25, 9, 8, 30, 6, 8, 30, 12, 15, 27, 17, 10, 24, 4, 12, 22, 22, 14, 23, 18, 11, 14, 1, 14, 30, 17, 11, 32, 17, 14, 6, 23, 12, 15, 17, 11, 35, 9, 6, 20, 4, 15, 10, 19, 9, 33, 5, 6, 29, 14, 14, 1, 17, 8, 26, 11, 9, 28, 7, 11, 17, 19, 13, 37, 19, 8, 17, 4, 6, 9, 14, 16, 25, 10, 13, 23, 6, 7, 39, 14, 4, 34, 6, 12, 32, 16, 16, 22, 6, 3, 31, 8, 3, 22, 21, 11, 41, 11, 7, 39, 2, 10, 4, 21, 8, 27, 4, 13, 21, 17, 8, 10, 17, 15, 13, 8, 10, 21, 16, 7, 7, 15, 7, 11, 9, 10, 18, 5, 13, 16, 13, 10, 25, 19, 6, 34, 14, 1, 32, 23, 13, 33, 3, 10, 16, 23, 11, 34, 19, 15, 32, 10, 8, 7, 6, 12, 19, 15, 9, 19, 13, 2, 37, 16, 11, 33, 16, 13, 16, 10, 13, 20, 8, 14, 24, 18, 16, 22, 6, 5, 26, 7, 6, 19, 20, 12, 17, 0, 5, 18, 18, 2, 14, 14, 13, 29, 12, 11, 28, 18, 3, 22, 5, 7, 28, 11, 12, 20, 16, 9, 25, 16, 7, 37, 6, 6, 10, 16, 6, 35, 12, 11, 41, 9, 10, 13, 14, 13, 32, 14, 8, 19, 6, 12, 17, 12, 10, 23, 16, 8, 30, 18, 4, 16, 22, 16, 9, 5, 12, 12, 13, 10, 25, 15, 9, 28, 4, 10, 28, 16, 15, 28, 15, 11, 8, 13, 11, 4, 12, 10, 32, 8, 12, 12, 12, 6, 29, 7, 17, 26, 5, 5, 21, 10, 14, 30, 17, 8, 17, 23, 6, 27, 15, 9, 38, 11, 8, 20, 11, 12, 23, 10, 17, 36, 8, 5, 5, 14, 9, 21, 4, 9, 1, 22, 14, 32, 7, 13, 30, 4, 8, 27, 4, 14, 15, 15, 1, 12, 11, 6, 12, 15, 17, 36, 20, 11, 21, 18, 10, 28, 18, 13, 18, 13, 2, 13, 4, 15, 28, 21, 11, 29, 12, 13, 17, 3, 2, 21, 10, 7, 32, 7, 11, 21, 16, 8, 22, 9, 13, 1, 9, 8, 33, 17, 11, 15, 13, 17, 23, 6, 11, 19, 17, 14, 13, 10, 17, 14, 10, 11, 33, 22, 4, 18, 21, 8, 31, 8, 5, 35, 20, 10, 24, 7, 8, 37, 12, 17, 32, 23, 9, 20, 4, 7, 20, 1, 5, 39, 10, 12, 22, 8, 9, 8, 18, 4, 21, 12, 7, 24, 18, 6, 16, 14, 13, 39, 10, 17, 37, 9, 11, 14, 3, 9, 2, 13, 10, 12, 8, 11, 21, 14, 4, 9, 11, 9, 20, 8, 12, 26, 16, 6, 36, 18, 9, 28, 8, 7, 26, 10, 8, 16, 23, 2, 20, 12, 13, 21, 15, 15, 6, 18, 3, 24, 18, 5, 19, 5, 13, 25, 17, 12, 23, 9, 9, 26, 13, 4, 14, 22, 5, 30, 11, 16, 16, 7, 11, 19, 7, 9, 25, 13, 9, 23, 21, 5, 33, 17, 8, 1, 8, 14, 7, 19, 12, 21, 15, 17, 14, 4, 10, 1, 5, 10, 14, 14, 15, 28, 20, 8, 29, 9, 11, 16, 15, 16, 29, 8, 9, 31, 13, 9, 26, 21, 11, 14, 16, 3, 38, 16, 13, 18, 15, 8, 14, 5, 2, 21, 2, 9, 12, 21, 13, 17, 7, 7, 13, 3, 5, 26, 12, 6, 6, 23, 17, 42, 2, 5, 20, 15, 10, 27, 21, 9, 25, 16, 5, 40, 11, 15, 27, 16, 14, 39, 14, 14, 4, 9, 6, 19, 19, 2, 33, 14, 6, 39, 6, 14, 13, 6, 9, 16, 11, 7, 14, 8, 6, 19, 12, 6, 20, 11, 15, 7, 12, 16, 22, 3, 11, 16, 15, 15, 31, 18, 14, 22, 6, 10, 32, 17, 17, 32, 15, 15, 20, 16, 10, 4, 1, 14, 38, 18, 11, 21, 4, 7, 24, 12, 13, 18, 13, 8, 38, 21, 6, 18, 3, 8, 19, 8, 10, 27, 14, 10, 25, 14, 15, 37, 13, 6, 34, 9, 16, 19, 13, 15, 27, 9, 17, 38, 13, 11, 25, 8, 17, 7, 14, 7, 28, 10, 9, 28, 15, 9, 17, 17, 13, 19, 13, 11, 19, 6, 9, 28, 15, 14, 33, 20, 8, 14, 21, 12, 12, 13, 17, 14, 15, 13, 32, 15, 15, 15, 21, 6, 33, 11, 8, 29, 16, 10, 25, 19, 10, 40, 7, 12, 18, 22, 12, 28, 6, 4, 17, 1, 15, 15, 9, 9, 15, 8, 16, 17, 21, 8, 20, 6, 11, 36, 13, 13, 11, 19, 16, 32, 16, 12, 3, 19, 11, 16, 7, 12, 30, 22, 8, 25, 14, 12, 36, 11, 17, 26, 9, 14, 20, 7, 8, 27, 4, 8, 17, 15, 16, 10, 15, 14, 39, 11, 4, 20, 7, 7, 27, 3, 6, 41, 17, 11, 28, 12, 11, 4, 12, 10, 18, 2, 6, 22, 2, 6, 22, 19, 12, 27, 4, 1, 8, 13, 8, 15, 15, 3, 41, 9, 8, 21, 1, 14, 25, 9, 13, 22, 19, 15, 17, 9, 9, 28, 9, 15, 40, 15, 15, 22, 21, 3, 16, 3, 14, 34, 15, 11, 26, 19, 9, 34, 2, 7, 33, 15, 7, 8, 7, 5, 22, 17, 6, 22, 8, 10, 40, 18, 16, 24, 11, 5, 42, 4, 12, 31, 15, 16, 26, 7, 13, 9, 21, 9, 33, 14, 4, 38, 7, 4, 27, 10, 12, 18, 6, 14, 20, 20, 12, 32, 1, 14, 7, 13, 3, 22, 19, 15, 19, 11, 14, 33, 10, 14, 23, 23, 12, 27, 14, 10, 27, 5, 13, 25, 6, 15, 13, 21, 3, 26, 6, 9, 14, 6, 15, 35, 16, 5, 25, 21, 6, 12, 16, 9, 17, 16, 11, 20, 9, 15, 11, 11, 11, 18, 13, 9, 33, 14, 4, 38, 1, 5, 24, 15, 9, 26, 14, 4, 31, 4, 2, 16, 4, 13, 28, 19, 12, 16, 7, 11, 28, 19, 4, 25, 12, 2, 29, 8, 16, 19, 9, 12, 12, 12, 16, 13, 15, 0, 24, 5, 10, 16, 15, 14, 22, 13, 17, 29, 11, 13, 27, 19, 13, 14, 13, 16, 17, 19, 12, 22, 8, 10, 27, 11, 8, 31, 15, 14, 32, 10, 3, 33, 15, 3, 25, 17, 8, 22, 12, 5, 37, 17, 5, 20, 2, 4, 28, 10, 17, 27, 13, 16, 25, 7, 7, 16, 14, 3, 34, 11, 12, 24, 9, 16, 37, 12, 11, 21, 17, 6, 28, 16, 14, 30, 6, 5, 32, 6, 12, 25, 15, 4, 18, 17, 10, 26, 11, 5, 17, 14, 14, 27, 12, 5, 18, 8, 3, 31, 10, 9, 7, 13, 5, 20, 14, 8, 27, 9, 4, 18, 15, 10, 26, 19, 16, 33, 18, 11, 34, 15, 15, 6, 11, 4, 14, 16, 13, 26, 8, 10, 25, 14, 15, 22, 3, 11, 41, 10, 9, 28, 12, 9, 22, 18, 7, 16, 4, 3, 35, 9, 10, 33, 17, 4, 37, 15, 4, 25, 12, 10, 24, 7, 14, 30, 17, 14, 30, 20, 8, 14, 15, 12, 16, 17, 1, 19, 9, 6, 13, 4, 12, 27, 16, 10, 25, 12, 4, 11, 21, 12, 14, 18, 11, 23, 22, 7, 32, 15, 12, 24, 19, 8, 18, 23, 6, 27, 6, 13, 31, 22, 10, 38, 9, 5, 31, 22, 7, 33, 7, 8, 16, 5, 1, 30, 13, 5, 25, 9, 2, 21, 23, 2, 24, 9, 12, 32, 6, 3, 29, 19, 12, 29, 12, 11, 32, 6, 12, 33, 18, 16, 8, 2, 10, 24, 10, 4, 16, 7, 14, 24, 10, 6, 11, 17, 12, 8, 22, 17, 15, 16, 7, 29, 11, 7, 18, 12, 10, 16, 16, 14, 32, 11, 9, 32, 14, 13, 14, 10, 15, 23, 18, 12, 29, 15, 15, 26, 14, 4, 25, 2, 12, 20, 10, 12, 33, 12, 12, 8, 20, 4, 15, 18, 9, 8, 7, 6, 15, 9, 10, 26, 6, 12, 30, 16, 6, 27, 14, 1, 19, 22, 15, 21, 1, 17, 24, 12, 11, 23, 12, 7, 17, 14, 6, 29, 5, 5, 24, 16, 14, 34, 18, 1, 20, 6, 7, 21, 15, 16, 15, 14, 3, 26, 17, 4, 24, 4, 13, 17, 12, 10, 38, 14, 10, 23, 7, 7, 32, 19, 17, 38, 10, 8, 32, 21, 11, 18, 11, 11, 10, 12, 13, 22, 18, 11, 31, 5, 13, 28, 7, 6, 36, 18, 7, 20, 13, 5, 21, 10, 12, 5, 19, 9, 22, 20, 1, 12, 8, 10, 15, 7, 12, 3, 12, 13, 18, 11, 7, 26, 10, 13, 22, 2, 5, 37, 16, 4, 31, 15, 9, 18, 12, 14, 25, 15, 10, 14, 16, 3, 19, 18, 13, 15, 12, 3, 22, 13, 4, 21, 15, 6, 18, 7, 8, 10, 6, 14, 24, 17, 7, 22, 19, 13, 22, 10, 14, 19, 19, 15, 39, 16, 11, 37, 5, 7, 27, 13, 13, 19, 8, 6, 34, 16, 8, 28, 19, 15, 11, 13, 13, 26, 16, 9, 22, 16, 1, 41, 15, 10, 19, 18, 14, 14, 4, 7, 37, 8, 11, 10, 16, 9, 11, 12, 12, 13, 16, 10, 25, 23, 14, 26, 9, 5, 37, 14, 14, 12, 7, 17, 15, 11, 4, 16, 4, 17, 28, 19, 9, 25, 4, 2, 38, 7, 4, 10, 14, 16, 22, 22, 9, 7, 14, 5, 21, 14, 11, 12, 13, 13, 10, 5, 10, 11, 8, 7, 19, 4, 11, 24, 10, 15, 25, 7, 4, 39, 20, 5, 36, 15, 12, 20, 13, 10, 3, 17, 11, 32, 3, 4, 32, 14, 15, 11, 16, 10, 13, 16, 8, 6, 8, 14, 32, 1, 5, 30, 4, 9, 36, 2, 8, 11, 19, 14, 17, 17, 8, 16, 16, 8, 10, 9, 14, 27, 12, 5, 26, 16, 6, 15, 8, 9, 13, 16, 6, 12, 17, 16, 19, 18, 3, 12, 8, 16, 10, 11, 14, 26, 18, 13, 33, 6, 14, 42, 3, 11, 20, 1, 7, 3, 15, 11, 16, 16, 10, 28, 9, 12, 33, 4, 9, 12, 8, 9, 22, 19, 11, 28, 20, 13, 32, 7, 7, 36, 9, 10, 38, 22, 12, 13, 20, 5, 28, 11, 10, 30, 17, 3, 16, 11, 7, 34, 1, 3, 9, 2, 12, 27, 4, 8, 22, 4, 9, 12, 21, 7, 38, 14, 9, 16, 12, 16, 28, 13, 14, 1, 16, 10, 5, 11, 14, 23, 19, 7, 14, 20, 11, 39, 22, 9, 31, 14, 9, 40, 16, 3, 18, 20, 7, 32, 17, 11, 23, 18, 16, 35, 0, 12, 25, 15, 7, 3, 19, 12, 15, 10, 14, 11, 17, 10, 10, 10, 2, 27, 16, 16, 7, 18, 14, 24, 12, 2, 20, 21, 4, 34, 17, 5, 20, 9, 11, 18, 21, 13, 9, 2, 10, 30, 14, 11, 31, 13, 5, 19, 10, 3, 24, 5, 11, 22, 15, 5, 20, 10, 12, 39, 16, 10, 35, 8, 15, 26, 13, 13, 33, 4, 16, 32, 13, 5, 24, 13, 13, 39, 11, 10, 20, 11, 12, 23, 9, 8, 16, 8, 7, 26, 9, 6, 22, 4, 1, 16, 10, 14, 18, 18, 9, 38, 12, 5, 31, 19, 5, 10, 20, 6, 37, 12, 5, 17, 2, 10, 23, 21, 6, 10, 14, 8, 38, 9, 12, 40, 23, 8, 33, 21, 11, 13, 8, 8, 39, 21, 16, 8, 16, 10, 26, 10, 14, 16, 0, 12, 31, 22, 12, 11, 17, 14, 29, 7, 16], dimension=6054, value=22092.889473935084, stages=0, time=1786.4333388527293}
