8738.582797009489,8686.097151084134,8708.441130094254,
DEDNSPSO统计信息：
size = 50
iters = 9000
nfes = 450000
sum = 261362.3017991624
min = 8663.793865298838
max = 8759.781784972709
mean = 8712.076726638747
std = 24.455294190151506
totaltime = 54748.584s
avgtime = 1824.9528s
最优解：
Particle{, pBest=Solution{id=0, content=[13, 6, 8, 21, 7, 2, 22, 7, 6, 23, 9, 5, 11, 13, 7, 11, 8, 6, 17, 10, 4, 14, 1, 6, 20, 12, 7, 8, 9, 2, 10, 6, 8, 22, 5, 8, 17, 8, 4, 8, 7, 6, 25, 5, 8, 18, 5, 4, 9, 3, 5, 24, 7, 6, 5, 2, 7, 11, 8, 6, 13, 2, 3, 26, 6, 7, 4, 9, 8, 21, 7, 6, 10, 6, 4, 6, 9, 4, 11, 11, 7, 8, 7, 2, 18, 5, 3, 7, 8, 8, 26, 10, 5, 14, 11, 4, 8, 12, 8, 19, 5, 10, 20, 11, 5, 19, 6, 1, 20, 6, 7, 18, 1, 7, 26, 5, 2, 16, 7, 9, 15, 14, 2, 26, 3, 5, 9, 5, 8, 25, 8, 8, 8, 7, 7, 14, 4, 8, 18, 9, 6, 17, 13, 5, 17, 3, 3, 20, 3, 4, 14, 5, 4, 19, 8, 1, 17, 8, 8, 10, 7, 3, 19, 9, 2, 17, 10, 5, 19, 8, 1, 26, 4, 2, 17, 7, 9, 25, 11, 5, 8, 3, 4, 25, 4, 5, 25, 12, 5, 23, 12, 9, 11, 9, 8, 13, 7, 9, 20, 7, 1, 8, 13, 2, 5, 6, 6, 20, 3, 1, 3, 3, 6, 13, 12, 3, 20, 4, 5, 18, 7, 3, 8, 6, 4, 25, 1, 2, 16, 7, 1, 11, 3, 6, 6, 13, 3, 7, 4, 10, 5, 8, 2, 15, 7, 8, 13, 1, 3, 10, 11, 8, 14, 8, 2, 17, 6, 8, 22, 4, 7, 12, 10, 3, 8, 13, 4, 5, 4, 2, 20, 5, 8, 15, 8, 5, 7, 10, 4, 16, 9, 3, 10, 10, 7, 21, 7, 1, 15, 9, 8, 20, 9, 2, 25, 4, 8, 10, 6, 8, 18, 7, 4, 12, 7, 3, 5, 8, 5, 18, 2, 7, 13, 5, 6, 12, 10, 6, 29, 10, 10, 25, 8, 9, 10, 13, 6, 12, 9, 4, 25, 9, 2, 8, 5, 8, 9, 12, 7, 25, 4, 1, 8, 13, 10, 19, 10, 4, 19, 7, 6, 24, 8, 6, 26, 9, 1, 14, 8, 6, 17, 6, 2, 5, 7, 6, 22, 10, 7, 17, 12, 3, 24, 6, 9, 21, 3, 3, 10, 5, 3, 17, 3, 5, 26, 6, 3, 14, 6, 9, 20, 10, 3, 15, 14, 3, 24, 11, 6, 21, 9, 6, 7, 11, 10, 12, 4, 5, 14, 5, 2, 5, 7, 5, 21, 7, 8, 8, 12, 3, 4, 6, 0, 22, 7, 4, 17, 8, 8, 8, 9, 9, 10, 3, 6, 12, 7, 5, 14, 7, 4, 26, 9, 5, 26, 1, 8, 14, 7, 0, 18, 7, 6, 14, 8, 9, 11, 3, 6, 5, 3, 4, 14, 12, 9, 11, 5, 9, 22, 7, 2, 10, 5, 6, 22, 7, 5, 11, 9, 4, 17, 7, 2, 10, 10, 5, 11, 9, 1, 21, 7, 2, 9, 4, 7, 21, 7, 7, 4, 9, 5, 14, 8, 5, 14, 3, 9, 19, 4, 7, 10, 2, 8, 19, 13, 2, 16, 4, 2, 6, 1, 5, 9, 3, 7, 10, 4, 3, 15, 11, 3, 18, 1, 6, 24, 10, 7, 9, 7, 8, 10, 7, 0, 18, 1, 3, 19, 13, 10, 22, 12, 3, 25, 8, 9, 13, 7, 3, 17, 5, 4, 14, 12, 6, 24, 11, 6, 28, 4, 7, 7, 4, 7, 21, 9, 8, 21, 8, 3, 22, 6, 7, 24, 8, 4, 5, 5, 5, 29, 7, 10, 17, 5, 2, 15, 6, 4, 5, 8, 3, 13, 12, 1, 21, 10, 8, 17, 7, 5, 8, 9, 5, 24, 6, 8, 15, 5, 9, 11, 10, 5, 19, 6, 6, 2, 7, 6, 13, 10, 4, 9, 10, 3, 18, 14, 6, 10, 3, 2, 25, 8, 8, 14, 9, 5, 21, 5, 3, 11, 6, 1, 3, 10, 4, 11, 8, 5, 13, 7, 7, 24, 4, 10, 17, 4, 8, 21, 8, 2, 20, 9, 7, 18, 3, 3, 10, 10, 4, 18, 9, 9, 11, 9, 9, 7, 6, 5, 14, 9, 6, 23, 11, 8, 18, 10, 3, 18, 7, 7, 11, 1, 4, 10, 13, 7, 15, 5, 2, 18, 8, 8, 21, 13, 4, 10, 5, 4, 14, 7, 1, 20, 12, 7, 7, 1, 6, 12, 1, 8, 12, 10, 1, 20, 11, 4, 3, 2, 2, 13, 6, 6, 12, 5, 8, 12, 5, 10, 15, 6, 4, 24, 6, 6, 27, 7, 5, 12, 4, 8, 13, 10, 10, 18, 10, 4, 26, 1, 3, 11, 7, 8, 3, 7, 6, 10, 5, 5, 17, 5, 4, 11, 10, 3, 13, 6, 4, 8, 1, 7, 17, 5, 4, 17, 2, 1, 14, 6, 2, 20, 6, 7, 18, 2, 2, 13, 3, 3, 22, 6, 1, 13, 3, 2, 11, 8, 7, 8, 5, 8, 13, 9, 8, 10, 10, 6, 18, 3, 4, 10, 5, 2, 10, 13, 5, 8, 11, 1, 6, 8, 2, 10, 8, 5, 21, 10, 5, 20, 12, 8, 24, 5, 4, 7, 7, 5, 9, 3, 5, 25, 11, 5, 18, 4, 4, 19, 5, 3, 27, 7, 3, 20, 7, 3, 26, 5, 4, 13, 6, 3, 25, 9, 6, 11, 7, 8, 17, 6, 8, 25, 8, 7, 12, 5, 1, 11, 4, 7, 17, 5, 4, 22, 5, 2, 18, 6, 6, 12, 6, 5, 22, 7, 6, 21, 6, 7, 9, 5, 3, 20, 8, 6, 16, 11, 7, 26, 5, 3, 7, 9, 9, 19, 4, 5, 27, 3, 3, 13, 7, 7, 15, 4, 8, 18, 8, 3, 23, 12, 7, 21, 14, 6, 16, 8, 5, 22, 4, 1, 22, 5, 7, 19, 10, 2, 18, 7, 1, 23, 7, 10, 22, 4, 5, 12, 1, 7, 19, 5, 2, 17, 11, 8, 11, 4, 4, 22, 12, 3, 8, 6, 4, 19, 10, 2, 18, 13, 4, 8, 5, 8, 9, 8, 6, 3, 5, 4, 21, 6, 7, 26, 8, 7, 10, 9, 4, 12, 6, 6, 17, 5, 2, 8, 6, 8, 13, 6, 4, 19, 6, 4, 20, 5, 3, 11, 3, 7, 25, 9, 6, 5, 5, 3, 11, 7, 7, 24, 10, 4, 11, 5, 3, 28, 10, 7, 17, 1, 5, 13, 9, 4, 9, 10, 9, 24, 7, 1, 12, 3, 9, 14, 4, 1, 23, 8, 7, 15, 8, 6, 16, 9, 3, 25, 6, 6, 8, 6, 5, 9, 5, 9, 3, 6, 7, 7, 8, 8, 25, 9, 4, 10, 4, 1, 8, 6, 6, 8, 8, 7, 17, 7, 6, 14, 3, 6, 8, 12, 7, 14, 5, 8, 22, 10, 6, 26, 2, 6, 14, 8, 8, 22, 9, 7, 20, 1, 4, 10, 4, 7, 26, 9, 7, 11, 8, 8, 21, 8, 6, 14, 0, 6, 18, 1, 2, 16, 11, 6, 11, 4, 5, 17, 6, 1, 11, 6, 6, 15, 5, 6, 20, 4, 3, 22, 2, 3, 16, 7, 6, 25, 3, 10, 18, 8, 7, 5, 7, 3, 8, 7, 2, 19, 3, 5, 9, 12, 8, 26, 11, 3, 27, 4, 2, 13, 13, 3, 12, 12, 6, 17, 12, 9, 11, 11, 1, 26, 3, 8, 7, 10, 6, 7, 13, 2, 12, 8, 4, 28, 7, 9, 8, 10, 8, 10, 5, 8, 10, 6, 4, 17, 9, 2, 20, 6, 1, 17, 1, 6, 24, 10, 8, 16, 6, 6, 14, 3, 3, 22, 10, 4, 24, 7, 8, 11, 8, 2, 24, 6, 4, 23, 5, 5, 21, 6, 6, 24, 6, 6, 15, 9, 8, 9, 7, 7, 17, 3, 4, 10, 2, 2, 14, 7, 6, 11, 8, 6, 25, 10, 10, 10, 7, 5, 26, 8, 4, 10, 5, 10, 4, 4, 9, 22, 7, 2, 18, 12, 3, 5, 6, 4, 10, 5, 9, 12, 7, 8, 21, 9, 6, 6, 2, 4, 15, 2, 6, 8, 3, 2, 19, 8, 4, 26, 5, 8, 15, 13, 4, 8, 8, 7, 13, 13, 4, 22, 11, 2, 10, 9, 6, 13, 12, 5, 8, 3, 8, 15, 9, 7, 14, 8, 0, 18, 4, 7, 18, 4, 5, 21, 7, 6, 19, 2, 9, 24, 13, 8, 12, 6, 4, 14, 5, 5, 15, 3, 9, 10, 4, 6, 18, 7, 3, 13, 9, 2, 11, 9, 2, 5, 6, 4, 6, 6, 8, 9, 8, 7, 5, 3, 3, 10, 6, 3, 6, 5, 8, 10, 2, 6, 21, 6, 4, 11, 9, 9, 20, 8, 8, 10, 7, 7, 14, 10, 3, 8, 6, 7, 3, 4, 3, 14, 7, 6, 19, 8, 4, 13, 6, 8, 24, 3, 5, 15, 4, 8, 8, 7, 2, 26, 11, 8, 15, 5, 8, 25, 7, 6, 28, 6, 4, 22, 7, 5, 15, 12, 5, 14, 12, 6, 24, 4, 2, 11, 4, 4, 12, 13, 6, 18, 10, 5, 11, 5, 5, 19, 10, 5, 8, 4, 6, 5, 6, 3, 7, 5, 2, 17, 13, 8, 10, 10, 2, 19, 5, 3, 22, 3, 9, 9, 4, 2, 12, 9, 8, 19, 6, 2, 18, 5, 9, 22, 7, 7, 22, 8, 1, 15, 9, 5, 26, 10, 4, 13, 4, 6, 20, 5, 4, 11, 8, 8, 18, 13, 2, 11, 6, 4, 7, 7, 6, 6, 4, 9, 28, 4, 7, 19, 4, 8, 14, 10, 4, 22, 8, 6, 10, 12, 2, 8, 8, 8, 22, 7, 2, 10, 4, 2, 18, 7, 3, 20, 5, 6, 17, 6, 9, 25, 1, 8, 14, 1, 4, 6, 1, 3, 20, 5, 5, 17, 8, 3, 11, 6, 1, 26, 5, 8, 12, 8, 6, 17, 8, 1, 10, 3, 4, 3, 1, 7, 22, 11, 3, 21, 8, 10, 4, 2, 5, 22, 10, 8, 22, 6, 2, 16, 6, 2, 14, 8, 5, 17, 2, 9, 7, 13, 7, 14, 9, 7, 19, 6, 8, 19, 10, 8, 17, 12, 4, 25, 8, 7, 14, 8, 2, 15, 12, 9, 29, 3, 5, 19, 10, 9, 11, 3, 3, 12, 13, 9, 16, 7, 6, 7, 10, 7, 18, 1, 2, 4, 8, 7, 13, 1, 10, 10, 5, 5, 10, 8, 9, 17, 10, 3, 20, 5, 8, 18, 13, 5, 16, 1, 6, 7, 6, 4, 22, 10, 6, 4, 9, 9, 8, 5, 8, 15, 1, 3, 10, 2, 6, 11, 8, 7, 17, 7, 2, 8, 10, 4, 21, 11, 7, 21, 7, 2, 11, 12, 8, 4, 8, 8, 19, 6, 5, 20, 5, 7, 10, 3, 2, 24, 3, 2, 26, 8, 7, 22, 5, 9, 12, 9, 6, 10, 11, 1, 19, 3, 5, 15, 6, 2, 12, 5, 6, 15, 4, 4, 11, 5, 3, 9, 4, 6, 21, 4, 4, 6, 3, 5, 5, 5, 9, 17, 3, 7, 21, 7, 1, 19, 8, 9, 15, 8, 8, 14, 7, 5, 17, 6, 4, 13, 2, 6, 8, 10, 8, 11, 4, 2, 10, 9, 6, 26, 7, 9, 25, 8, 7, 5, 1, 3, 10, 8, 1, 15, 2, 6, 11, 10, 5, 10, 5, 6, 23, 12, 5, 6, 9, 6, 9, 8, 6, 22, 4, 5, 29, 10, 5, 14, 3, 6, 27, 7, 6, 5, 8, 3, 4, 5, 4, 5, 1, 3, 18, 7, 1, 24, 5, 6, 10, 9, 1, 12, 2, 4, 14, 6, 6, 25, 12, 9, 11, 2, 8, 18, 5, 5, 10, 8, 9, 4, 4, 9, 19, 7, 3, 11, 10, 4, 20, 6, 1, 8, 3, 8, 14, 8, 5, 24, 13, 7, 22, 9, 3, 18, 8, 7, 11, 4, 5, 19, 10, 3, 8, 10, 5, 13, 6, 6, 13, 12, 2, 24, 10, 7, 11, 4, 5, 15, 6, 6, 26, 6, 2, 22, 6, 2, 13, 9, 6, 20, 8, 8, 8, 10, 5, 11, 9, 1, 26, 6, 4, 8, 11, 7, 5, 1, 8, 17, 4, 3, 10, 4, 4, 18, 7, 1, 13, 3, 6, 17, 14, 1, 9, 7, 3, 20, 7, 4, 7, 11, 9, 10, 9, 4, 17, 10, 8, 5, 7, 9, 19, 3, 3, 11, 12, 2, 19, 4, 5, 14, 7, 3, 5, 9, 4, 22, 10, 4, 20, 8, 8, 11, 8, 8, 14, 12, 1, 10, 3, 4, 17, 5, 7, 18, 5, 9, 10, 3, 2, 10, 11, 6, 10, 10, 2, 15, 8, 7, 24, 6, 6, 12, 5, 7, 24, 7, 1, 18, 8, 7, 16, 10, 7, 22, 5, 1, 16, 5, 1, 5, 11, 4, 11, 4, 5, 14, 1, 6, 8, 10, 3, 5, 8, 4, 22, 2, 7, 8, 8, 7, 23, 3, 2, 5, 3, 9, 12, 10, 7, 21, 9, 6, 11, 7, 4, 10, 12, 8, 9, 7, 3, 19, 5, 8, 16, 12, 9, 18, 5, 7, 22, 5, 4, 11, 5, 6, 8, 8, 6, 24, 10, 8, 12, 11, 8, 12, 3, 5, 16, 4, 7, 22, 7, 5, 22, 4, 2, 12, 8, 8, 14, 12, 4, 10, 1, 6, 12, 5, 7, 10, 11, 10, 10, 7, 7, 13, 6, 8, 11, 10, 6, 17, 4, 7, 17, 4, 8, 7, 13, 9, 17, 4, 1, 24, 12, 2, 21, 9, 6, 5, 9, 4, 22, 13, 6, 17, 5, 6, 7, 6, 6, 4, 9, 8, 18, 5, 6, 11, 9, 9, 17, 8, 8, 18, 6, 5, 11, 5, 9, 8, 8, 7, 9, 4, 4, 29, 8, 8, 15, 5, 2, 18, 7, 8, 2, 9, 7, 22, 7, 4, 16, 3, 8, 6, 8, 2, 11, 3, 8, 20, 12, 4, 3, 10, 4, 10, 4, 8, 23, 8, 7, 14, 4, 3, 18, 1, 8, 20, 12, 3, 19, 12, 3, 5, 9, 7, 11, 9, 1, 21, 7, 7, 20, 13, 4, 5, 7, 4, 20, 8, 2, 11, 8, 7, 18, 10, 3, 5, 5, 10, 17, 11, 8, 18, 5, 1, 20, 3, 7, 11, 9, 2, 10, 3, 4, 14, 3, 3, 9, 11, 7, 15, 13, 4, 24, 10, 2, 8, 4, 8, 10, 7, 2, 9, 12, 5, 15, 3, 7, 21, 5, 8, 17, 12, 2, 6, 4, 8, 19, 1, 2, 22, 8, 3, 10, 7, 9, 12, 8, 4, 13, 5, 2, 8, 10, 3, 21, 8, 5, 6, 12, 5, 4, 6, 7, 19, 4, 7, 16, 4, 5, 6, 4, 2, 25, 8, 6, 28, 7, 2, 14, 6, 8, 15, 2, 1, 23, 10, 5, 22, 6, 4, 17, 5, 7, 5, 9, 2, 8, 8, 8, 10, 7, 6, 25, 10, 2, 11, 3, 6, 11, 10, 6, 11, 10, 7, 11, 14, 8, 22, 10, 5, 12, 5, 4, 18, 10, 2, 5, 8, 4, 26, 10, 6, 25, 9, 6, 5, 7, 3, 15, 8, 3, 17, 7, 9, 15, 7, 6, 23, 5, 5, 9, 7, 7, 28, 3, 6, 27, 7, 6, 9, 9, 4, 27, 3, 8, 18, 7, 6, 14, 8, 1, 18, 6, 3, 12, 12, 1, 14, 11, 2, 9, 3, 6, 13, 3, 3, 14, 5, 5, 19, 3, 1, 18, 1, 4, 17, 5, 7, 22, 10, 3, 12, 11, 4, 18, 3, 3, 4, 6, 7, 10, 4, 6, 18, 9, 5, 15, 10, 5, 11, 8, 2, 14, 5, 4, 12, 10, 4, 24, 7, 8, 17, 1, 5, 22, 10, 4, 21, 7, 7, 3, 2, 7, 25, 10, 3, 17, 13, 2, 17, 9, 2, 18, 1, 7, 8, 6, 8, 5, 7, 4, 6, 8, 3, 26, 9, 6, 22, 9, 1, 8, 5, 6, 18, 6, 3, 5, 8, 6, 5, 10, 9, 25, 5, 8, 10, 5, 2, 22, 10, 5, 5, 6, 9, 26, 10, 6, 18, 6, 7, 20, 4, 8, 19, 4, 9, 20, 12, 3, 5, 6, 4, 22, 4, 3, 9, 4, 2, 9, 13, 3, 10, 10, 10, 4, 8, 8, 22, 5, 2, 16, 2, 4, 10, 6, 4, 14, 7, 6, 17, 10, 7, 13, 5, 8, 20, 3, 9, 11, 8, 7, 16, 5, 8, 12, 2, 9, 19, 6, 7, 18, 2, 8, 18, 6, 4, 9, 13, 6, 17, 4, 2, 13, 6, 4, 18, 8, 5, 5, 7, 4, 15, 5, 3, 5, 6, 4, 15, 6, 8, 3, 10, 8, 21, 8, 4, 6, 11, 8, 20, 4, 8, 19, 7, 6, 20, 3, 10, 17, 5, 6, 23, 10, 2, 13, 8, 4, 14, 9, 2, 12, 10, 4, 16, 7, 7, 13, 6, 8, 4, 12, 5, 6, 10, 8, 15, 6, 5, 18, 4, 8, 17, 3, 4, 16, 4, 7, 22, 5, 3, 22, 7, 10, 4, 6, 7, 19, 6, 5, 23, 7, 6, 14, 4, 9, 20, 8, 5, 18, 4, 3, 6, 8, 5, 6, 10, 7, 24, 3, 7, 17, 12, 4, 22, 7, 1, 10, 8, 1, 15, 6, 6, 15, 10, 5, 18, 7, 3, 22, 7, 3, 24, 9, 8, 9, 9, 7, 10, 12, 2, 19, 12, 6, 20, 7, 1, 5, 13, 2, 28, 10, 5, 24, 6, 6, 7, 4, 4, 14, 5, 9, 26, 10, 4, 10, 7, 7, 18, 1, 3, 17, 7, 5, 11, 1, 4, 13, 13, 6, 21, 10, 6, 11, 9, 6, 9, 5, 8, 26, 5, 6, 9, 7, 9, 22, 10, 9, 14, 3, 2, 9, 10, 10, 25, 11, 2, 12, 2, 3, 20, 12, 4, 6, 7, 6, 10, 8, 4, 10, 9, 8, 14, 3, 6, 20, 1, 2, 6, 3, 7, 20, 5, 7, 14, 8, 8, 26, 10, 8, 6, 7, 4, 15, 10, 6, 14, 3, 3, 5, 10, 4, 13, 10, 4, 25, 4, 4, 14, 10, 2, 11, 3, 8, 5, 6, 3, 28, 11, 3, 18, 7, 2, 11, 6, 6, 18, 5, 8, 8, 9, 5, 25, 9, 6, 5, 5, 4, 25, 7, 5, 6, 4, 5, 25, 5, 4, 7, 3, 2, 17, 8, 7, 20, 3, 4, 9, 6, 7, 17, 14, 10, 17, 5, 5, 17, 5, 10, 15, 10, 8, 10, 4, 3, 26, 12, 2, 12, 7, 4, 14, 3, 8, 17, 1, 5, 22, 7, 2, 23, 5, 3, 9, 9, 3, 22, 8, 4, 15, 9, 4, 26, 7, 9], dimension=0, value=8759.781784972709, stages=0, time=0.0}Solution{id=4, content=[13, 6, 8, 21, 7, 2, 22, 7, 6, 23, 9, 5, 11, 13, 7, 11, 8, 6, 17, 10, 4, 14, 1, 6, 20, 12, 7, 8, 9, 2, 10, 6, 8, 22, 5, 8, 17, 8, 4, 8, 7, 6, 25, 5, 8, 18, 5, 4, 9, 3, 5, 24, 7, 6, 5, 2, 7, 11, 8, 6, 13, 2, 3, 26, 6, 7, 4, 9, 8, 21, 7, 6, 10, 6, 4, 6, 9, 4, 11, 11, 7, 8, 7, 2, 18, 5, 3, 7, 8, 8, 26, 10, 5, 14, 11, 4, 8, 12, 8, 19, 5, 10, 20, 11, 5, 19, 6, 1, 20, 6, 7, 18, 1, 7, 26, 5, 2, 16, 7, 9, 15, 14, 2, 26, 3, 5, 9, 5, 8, 25, 8, 8, 8, 7, 7, 14, 4, 8, 18, 9, 6, 17, 13, 5, 17, 3, 3, 20, 3, 4, 14, 5, 4, 19, 8, 1, 17, 8, 8, 10, 7, 3, 19, 9, 2, 17, 10, 5, 19, 8, 1, 26, 4, 2, 17, 7, 9, 25, 11, 5, 8, 3, 4, 25, 4, 5, 25, 12, 5, 23, 12, 9, 11, 9, 8, 13, 7, 9, 20, 7, 1, 8, 13, 2, 5, 6, 6, 20, 3, 1, 3, 3, 6, 13, 12, 3, 20, 4, 5, 18, 7, 3, 8, 6, 4, 25, 1, 2, 16, 7, 1, 11, 3, 6, 6, 13, 3, 7, 4, 10, 5, 8, 2, 15, 7, 8, 13, 1, 3, 10, 11, 8, 14, 8, 2, 17, 6, 8, 22, 4, 7, 12, 10, 3, 8, 13, 4, 5, 4, 2, 20, 5, 8, 15, 8, 5, 7, 10, 4, 16, 9, 3, 10, 10, 7, 21, 7, 1, 15, 9, 8, 20, 9, 2, 25, 4, 8, 10, 6, 8, 18, 7, 4, 12, 7, 3, 5, 8, 5, 18, 2, 7, 13, 5, 6, 12, 10, 6, 29, 10, 10, 25, 8, 9, 10, 13, 6, 12, 9, 4, 25, 9, 2, 8, 5, 8, 9, 12, 7, 25, 4, 1, 8, 13, 10, 19, 10, 4, 19, 7, 6, 24, 8, 6, 26, 9, 1, 14, 8, 6, 17, 6, 2, 5, 7, 6, 22, 10, 7, 17, 12, 3, 24, 6, 9, 21, 3, 3, 10, 5, 3, 17, 3, 5, 26, 6, 3, 14, 6, 9, 20, 10, 3, 15, 14, 3, 24, 11, 6, 21, 9, 6, 7, 11, 10, 12, 4, 5, 14, 5, 2, 5, 7, 5, 21, 7, 8, 8, 12, 3, 4, 6, 0, 22, 7, 4, 17, 8, 8, 8, 9, 9, 10, 3, 6, 12, 7, 5, 14, 7, 4, 26, 9, 5, 26, 1, 8, 14, 7, 0, 18, 7, 6, 14, 8, 9, 11, 3, 6, 5, 3, 4, 14, 12, 9, 11, 5, 9, 22, 7, 2, 10, 5, 6, 22, 7, 5, 11, 9, 4, 17, 7, 2, 10, 10, 5, 11, 9, 1, 21, 7, 2, 9, 4, 7, 21, 7, 7, 4, 9, 5, 14, 8, 5, 14, 3, 9, 19, 4, 7, 10, 2, 8, 19, 13, 2, 16, 4, 2, 6, 1, 5, 9, 3, 7, 10, 4, 3, 15, 11, 3, 18, 1, 6, 24, 10, 7, 9, 7, 8, 10, 7, 0, 18, 1, 3, 19, 13, 10, 22, 12, 3, 25, 8, 9, 13, 7, 3, 17, 5, 4, 14, 12, 6, 24, 11, 6, 28, 4, 7, 7, 4, 7, 21, 9, 8, 21, 8, 3, 22, 6, 7, 24, 8, 4, 5, 5, 5, 29, 7, 10, 17, 5, 2, 15, 6, 4, 5, 8, 3, 13, 12, 1, 21, 10, 8, 17, 7, 5, 8, 9, 5, 24, 6, 8, 15, 5, 9, 11, 10, 5, 19, 6, 6, 2, 7, 6, 13, 10, 4, 9, 10, 3, 18, 14, 6, 10, 3, 2, 25, 8, 8, 14, 9, 5, 21, 5, 3, 11, 6, 1, 3, 10, 4, 11, 8, 5, 13, 7, 7, 24, 4, 10, 17, 4, 8, 21, 8, 2, 20, 9, 7, 18, 3, 3, 10, 10, 4, 18, 9, 9, 11, 9, 9, 7, 6, 5, 14, 9, 6, 23, 11, 8, 18, 10, 3, 18, 7, 7, 11, 1, 4, 10, 13, 7, 15, 5, 2, 18, 8, 8, 21, 13, 4, 10, 5, 4, 14, 7, 1, 20, 12, 7, 7, 1, 6, 12, 1, 8, 12, 10, 1, 20, 11, 4, 3, 2, 2, 13, 6, 6, 12, 5, 8, 12, 5, 10, 15, 6, 4, 24, 6, 6, 27, 7, 5, 12, 4, 8, 13, 10, 10, 18, 10, 4, 26, 1, 3, 11, 7, 8, 3, 7, 6, 10, 5, 5, 17, 5, 4, 11, 10, 3, 13, 6, 4, 8, 1, 7, 17, 5, 4, 17, 2, 1, 14, 6, 2, 20, 6, 7, 18, 2, 2, 13, 3, 3, 22, 6, 1, 13, 3, 2, 11, 8, 7, 8, 5, 8, 13, 9, 8, 10, 10, 6, 18, 3, 4, 10, 5, 2, 10, 13, 5, 8, 11, 1, 6, 8, 2, 10, 8, 5, 21, 10, 5, 20, 12, 8, 24, 5, 4, 7, 7, 5, 9, 3, 5, 25, 11, 5, 18, 4, 4, 19, 5, 3, 27, 7, 3, 20, 7, 3, 26, 5, 4, 13, 6, 3, 25, 9, 6, 11, 7, 8, 17, 6, 8, 25, 8, 7, 12, 5, 1, 11, 4, 7, 17, 5, 4, 22, 5, 2, 18, 6, 6, 12, 6, 5, 22, 7, 6, 21, 6, 7, 9, 5, 3, 20, 8, 6, 16, 11, 7, 26, 5, 3, 7, 9, 9, 19, 4, 5, 27, 3, 3, 13, 7, 7, 15, 4, 8, 18, 8, 3, 23, 12, 7, 21, 14, 6, 16, 8, 5, 22, 4, 1, 22, 5, 7, 19, 10, 2, 18, 7, 1, 23, 7, 10, 22, 4, 5, 12, 1, 7, 19, 5, 2, 17, 11, 8, 11, 4, 4, 22, 12, 3, 8, 6, 4, 19, 10, 2, 18, 13, 4, 8, 5, 8, 9, 8, 6, 3, 5, 4, 21, 6, 7, 26, 8, 7, 10, 9, 4, 12, 6, 6, 17, 5, 2, 8, 6, 8, 13, 6, 4, 19, 6, 4, 20, 5, 3, 11, 3, 7, 25, 9, 6, 5, 5, 3, 11, 7, 7, 24, 10, 4, 11, 5, 3, 28, 10, 7, 17, 1, 5, 13, 9, 4, 9, 10, 9, 24, 7, 1, 12, 3, 9, 14, 4, 1, 23, 8, 7, 15, 8, 6, 16, 9, 3, 25, 6, 6, 8, 6, 5, 9, 5, 9, 3, 6, 7, 7, 8, 8, 25, 9, 4, 10, 4, 1, 8, 6, 6, 8, 8, 7, 17, 7, 6, 14, 3, 6, 8, 12, 7, 14, 5, 8, 22, 10, 6, 26, 2, 6, 14, 8, 8, 22, 9, 7, 20, 1, 4, 10, 4, 7, 26, 9, 7, 11, 8, 8, 21, 8, 6, 14, 0, 6, 18, 1, 2, 16, 11, 6, 11, 4, 5, 17, 6, 1, 11, 6, 6, 15, 5, 6, 20, 4, 3, 22, 2, 3, 16, 7, 6, 25, 3, 10, 18, 8, 7, 5, 7, 3, 8, 7, 2, 19, 3, 5, 9, 12, 8, 26, 11, 3, 27, 4, 2, 13, 13, 3, 12, 12, 6, 17, 12, 9, 11, 11, 1, 26, 3, 8, 7, 10, 6, 7, 13, 2, 12, 8, 4, 28, 7, 9, 8, 10, 8, 10, 5, 8, 10, 6, 4, 17, 9, 2, 20, 6, 1, 17, 1, 6, 24, 10, 8, 16, 6, 6, 14, 3, 3, 22, 10, 4, 24, 7, 8, 11, 8, 2, 24, 6, 4, 23, 5, 5, 21, 6, 6, 24, 6, 6, 15, 9, 8, 9, 7, 7, 17, 3, 4, 10, 2, 2, 14, 7, 6, 11, 8, 6, 25, 10, 10, 10, 7, 5, 26, 8, 4, 10, 5, 10, 4, 4, 9, 22, 7, 2, 18, 12, 3, 5, 6, 4, 10, 5, 9, 12, 7, 8, 21, 9, 6, 6, 2, 4, 15, 2, 6, 8, 3, 2, 19, 8, 4, 26, 5, 8, 15, 13, 4, 8, 8, 7, 13, 13, 4, 22, 11, 2, 10, 9, 6, 13, 12, 5, 8, 3, 8, 15, 9, 7, 14, 8, 0, 18, 4, 7, 18, 4, 5, 21, 7, 6, 19, 2, 9, 24, 13, 8, 12, 6, 4, 14, 5, 5, 15, 3, 9, 10, 4, 6, 18, 7, 3, 13, 9, 2, 11, 9, 2, 5, 6, 4, 6, 6, 8, 9, 8, 7, 5, 3, 3, 10, 6, 3, 6, 5, 8, 10, 2, 6, 21, 6, 4, 11, 9, 9, 20, 8, 8, 10, 7, 7, 14, 10, 3, 8, 6, 7, 3, 4, 3, 14, 7, 6, 19, 8, 4, 13, 6, 8, 24, 3, 5, 15, 4, 8, 8, 7, 2, 26, 11, 8, 15, 5, 8, 25, 7, 6, 28, 6, 4, 22, 7, 5, 15, 12, 5, 14, 12, 6, 24, 4, 2, 11, 4, 4, 12, 13, 6, 18, 10, 5, 11, 5, 5, 19, 10, 5, 8, 4, 6, 5, 6, 3, 7, 5, 2, 17, 13, 8, 10, 10, 2, 19, 5, 3, 22, 3, 9, 9, 4, 2, 12, 9, 8, 19, 6, 2, 18, 5, 9, 22, 7, 7, 22, 8, 1, 15, 9, 5, 26, 10, 4, 13, 4, 6, 20, 5, 4, 11, 8, 8, 18, 13, 2, 11, 6, 4, 7, 7, 6, 6, 4, 9, 28, 4, 7, 19, 4, 8, 14, 10, 4, 22, 8, 6, 10, 12, 2, 8, 8, 8, 22, 7, 2, 10, 4, 2, 18, 7, 3, 20, 5, 6, 17, 6, 9, 25, 1, 8, 14, 1, 4, 6, 1, 3, 20, 5, 5, 17, 8, 3, 11, 6, 1, 26, 5, 8, 12, 8, 6, 17, 8, 1, 10, 3, 4, 3, 1, 7, 22, 11, 3, 21, 8, 10, 4, 2, 5, 22, 10, 8, 22, 6, 2, 16, 6, 2, 14, 8, 5, 17, 2, 9, 7, 13, 7, 14, 9, 7, 19, 6, 8, 19, 10, 8, 17, 12, 4, 25, 8, 7, 14, 8, 2, 15, 12, 9, 29, 3, 5, 19, 10, 9, 11, 3, 3, 12, 13, 9, 16, 7, 6, 7, 10, 7, 18, 1, 2, 4, 8, 7, 13, 1, 10, 10, 5, 5, 10, 8, 9, 17, 10, 3, 20, 5, 8, 18, 13, 5, 16, 1, 6, 7, 6, 4, 22, 10, 6, 4, 9, 9, 8, 5, 8, 15, 1, 3, 10, 2, 6, 11, 8, 7, 17, 7, 2, 8, 10, 4, 21, 11, 7, 21, 7, 2, 11, 12, 8, 4, 8, 8, 19, 6, 5, 20, 5, 7, 10, 3, 2, 24, 3, 2, 26, 8, 7, 22, 5, 9, 12, 9, 6, 10, 11, 1, 19, 3, 5, 15, 6, 2, 12, 5, 6, 15, 4, 4, 11, 5, 3, 9, 4, 6, 21, 4, 4, 6, 3, 5, 5, 5, 9, 17, 3, 7, 21, 7, 1, 19, 8, 9, 15, 8, 8, 14, 7, 5, 17, 6, 4, 13, 2, 6, 8, 10, 8, 11, 4, 2, 10, 9, 6, 26, 7, 9, 25, 8, 7, 5, 1, 3, 10, 8, 1, 15, 2, 6, 11, 10, 5, 10, 5, 6, 23, 12, 5, 6, 9, 6, 9, 8, 6, 22, 4, 5, 29, 10, 5, 14, 3, 6, 27, 7, 6, 5, 8, 3, 4, 5, 4, 5, 1, 3, 18, 7, 1, 24, 5, 6, 10, 9, 1, 12, 2, 4, 14, 6, 6, 25, 12, 9, 11, 2, 8, 18, 5, 5, 10, 8, 9, 4, 4, 9, 19, 7, 3, 11, 10, 4, 20, 6, 1, 8, 3, 8, 14, 8, 5, 24, 13, 7, 22, 9, 3, 18, 8, 7, 11, 4, 5, 19, 10, 3, 8, 10, 5, 13, 6, 6, 13, 12, 2, 24, 10, 7, 11, 4, 5, 15, 6, 6, 26, 6, 2, 22, 6, 2, 13, 9, 6, 20, 8, 8, 8, 10, 5, 11, 9, 1, 26, 6, 4, 8, 11, 7, 5, 1, 8, 17, 4, 3, 10, 4, 4, 18, 7, 1, 13, 3, 6, 17, 14, 1, 9, 7, 3, 20, 7, 4, 7, 11, 9, 10, 9, 4, 17, 10, 8, 5, 7, 9, 19, 3, 3, 11, 12, 2, 19, 4, 5, 14, 7, 3, 5, 9, 4, 22, 10, 4, 20, 8, 8, 11, 8, 8, 14, 12, 1, 10, 3, 4, 17, 5, 7, 18, 5, 9, 10, 3, 2, 10, 11, 6, 10, 10, 2, 15, 8, 7, 24, 6, 6, 12, 5, 7, 24, 7, 1, 18, 8, 7, 16, 10, 7, 22, 5, 1, 16, 5, 1, 5, 11, 4, 11, 4, 5, 14, 1, 6, 8, 10, 3, 5, 8, 4, 22, 2, 7, 8, 8, 7, 23, 3, 2, 5, 3, 9, 12, 10, 7, 21, 9, 6, 11, 7, 4, 10, 12, 8, 9, 7, 3, 19, 5, 8, 16, 12, 9, 18, 5, 7, 22, 5, 4, 11, 5, 6, 8, 8, 6, 24, 10, 8, 12, 11, 8, 12, 3, 5, 16, 4, 7, 22, 7, 5, 22, 4, 2, 12, 8, 8, 14, 12, 4, 10, 1, 6, 12, 5, 7, 10, 11, 10, 10, 7, 7, 13, 6, 8, 11, 10, 6, 17, 4, 7, 17, 4, 8, 7, 13, 9, 17, 4, 1, 24, 12, 2, 21, 9, 6, 5, 9, 4, 22, 13, 6, 17, 5, 6, 7, 6, 6, 4, 9, 8, 18, 5, 6, 11, 9, 9, 17, 8, 8, 18, 6, 5, 11, 5, 9, 8, 8, 7, 9, 4, 4, 29, 8, 8, 15, 5, 2, 18, 7, 8, 2, 9, 7, 22, 7, 4, 16, 3, 8, 6, 8, 2, 11, 3, 8, 20, 12, 4, 3, 10, 4, 10, 4, 8, 23, 8, 7, 14, 4, 3, 18, 1, 8, 20, 12, 3, 19, 12, 3, 5, 9, 7, 11, 9, 1, 21, 7, 7, 20, 13, 4, 5, 7, 4, 20, 8, 2, 11, 8, 7, 18, 10, 3, 5, 5, 10, 17, 11, 8, 18, 5, 1, 20, 3, 7, 11, 9, 2, 10, 3, 4, 14, 3, 3, 9, 11, 7, 15, 13, 4, 24, 10, 2, 8, 4, 8, 10, 7, 2, 9, 12, 5, 15, 3, 7, 21, 5, 8, 17, 12, 2, 6, 4, 8, 19, 1, 2, 22, 8, 3, 10, 7, 9, 12, 8, 4, 13, 5, 2, 8, 10, 3, 21, 8, 5, 6, 12, 5, 4, 6, 7, 19, 4, 7, 16, 4, 5, 6, 4, 2, 25, 8, 6, 28, 7, 2, 14, 6, 8, 15, 2, 1, 23, 10, 5, 22, 6, 4, 17, 5, 7, 5, 9, 2, 8, 8, 8, 10, 7, 6, 25, 10, 2, 11, 3, 6, 11, 10, 6, 11, 10, 7, 11, 14, 8, 22, 10, 5, 12, 5, 4, 18, 10, 2, 5, 8, 4, 26, 10, 6, 25, 9, 6, 5, 7, 3, 15, 8, 3, 17, 7, 9, 15, 7, 6, 23, 5, 5, 9, 7, 7, 28, 3, 6, 27, 7, 6, 9, 9, 4, 27, 3, 8, 18, 7, 6, 14, 8, 1, 18, 6, 3, 12, 12, 1, 14, 11, 2, 9, 3, 6, 13, 3, 3, 14, 5, 5, 19, 3, 1, 18, 1, 4, 17, 5, 7, 22, 10, 3, 12, 11, 4, 18, 3, 3, 4, 6, 7, 10, 4, 6, 18, 9, 5, 15, 10, 5, 11, 8, 2, 14, 5, 4, 12, 10, 4, 24, 7, 8, 17, 1, 5, 22, 10, 4, 21, 7, 7, 3, 2, 7, 25, 10, 3, 17, 13, 2, 17, 9, 2, 18, 1, 7, 8, 6, 8, 5, 7, 4, 6, 8, 3, 26, 9, 6, 22, 9, 1, 8, 5, 6, 18, 6, 3, 5, 8, 6, 5, 10, 9, 25, 5, 8, 10, 5, 2, 22, 10, 5, 5, 6, 9, 26, 10, 6, 18, 6, 7, 20, 4, 8, 19, 4, 9, 20, 12, 3, 5, 6, 4, 22, 4, 3, 9, 4, 2, 9, 13, 3, 10, 10, 10, 4, 8, 8, 22, 5, 2, 16, 2, 4, 10, 6, 4, 14, 7, 6, 17, 10, 7, 13, 5, 8, 20, 3, 9, 11, 8, 7, 16, 5, 8, 12, 2, 9, 19, 6, 7, 18, 2, 8, 18, 6, 4, 9, 13, 6, 17, 4, 2, 13, 6, 4, 18, 8, 5, 5, 7, 4, 15, 5, 3, 5, 6, 4, 15, 6, 8, 3, 10, 8, 21, 8, 4, 6, 11, 8, 20, 4, 8, 19, 7, 6, 20, 3, 10, 17, 5, 6, 23, 10, 2, 13, 8, 4, 14, 9, 2, 12, 10, 4, 16, 7, 7, 13, 6, 8, 4, 12, 5, 6, 10, 8, 15, 6, 5, 18, 4, 8, 17, 3, 4, 16, 4, 7, 22, 5, 3, 22, 7, 10, 4, 6, 7, 19, 6, 5, 23, 7, 6, 14, 4, 9, 20, 8, 5, 18, 4, 3, 6, 8, 5, 6, 10, 7, 24, 3, 7, 17, 12, 4, 22, 7, 1, 10, 8, 1, 15, 6, 6, 15, 10, 5, 18, 7, 3, 22, 7, 3, 24, 9, 8, 9, 9, 7, 10, 12, 2, 19, 12, 6, 20, 7, 1, 5, 13, 2, 28, 10, 5, 24, 6, 6, 7, 4, 4, 14, 5, 9, 26, 10, 4, 10, 7, 7, 18, 1, 3, 17, 7, 5, 11, 1, 4, 13, 13, 6, 21, 10, 6, 11, 9, 6, 9, 5, 8, 26, 5, 6, 9, 7, 9, 22, 10, 9, 14, 3, 2, 9, 10, 10, 25, 11, 2, 12, 2, 3, 20, 12, 4, 6, 7, 6, 10, 8, 4, 10, 9, 8, 14, 3, 6, 20, 1, 2, 6, 3, 7, 20, 5, 7, 14, 8, 8, 26, 10, 8, 6, 7, 4, 15, 10, 6, 14, 3, 3, 5, 10, 4, 13, 10, 4, 25, 4, 4, 14, 10, 2, 11, 3, 8, 5, 6, 3, 28, 11, 3, 18, 7, 2, 11, 6, 6, 18, 5, 8, 8, 9, 5, 25, 9, 6, 5, 5, 4, 25, 7, 5, 6, 4, 5, 25, 5, 4, 7, 3, 2, 17, 8, 7, 20, 3, 4, 9, 6, 7, 17, 14, 10, 17, 5, 5, 17, 5, 10, 15, 10, 8, 10, 4, 3, 26, 12, 2, 12, 7, 4, 14, 3, 8, 17, 1, 5, 22, 7, 2, 23, 5, 3, 9, 9, 3, 22, 8, 4, 15, 9, 4, 26, 7, 9], dimension=3072, value=8759.781784972709, stages=0, time=1446.522562482304}} 
最差解：
Particle{, pBest=Solution{id=0, content=[9, 6, 2, 21, 9, 7, 22, 11, 6, 14, 10, 8, 1, 6, 1, 18, 8, 6, 10, 12, 8, 8, 5, 6, 16, 8, 5, 10, 2, 1, 16, 12, 8, 16, 10, 2, 28, 8, 6, 7, 5, 6, 11, 5, 4, 17, 3, 4, 11, 10, 5, 17, 4, 5, 8, 10, 10, 8, 4, 2, 8, 1, 1, 10, 5, 7, 20, 11, 8, 25, 7, 5, 18, 5, 9, 22, 11, 4, 12, 6, 3, 6, 9, 7, 21, 6, 1, 23, 10, 6, 6, 4, 1, 21, 8, 8, 6, 0, 7, 13, 6, 7, 12, 7, 3, 14, 7, 2, 5, 8, 6, 21, 8, 3, 10, 3, 5, 11, 8, 2, 18, 11, 2, 22, 0, 2, 22, 12, 7, 26, 7, 7, 11, 4, 3, 5, 5, 1, 7, 3, 9, 2, 13, 5, 9, 4, 5, 12, 8, 7, 10, 4, 5, 21, 7, 6, 13, 7, 6, 10, 9, 7, 14, 6, 2, 22, 9, 2, 11, 7, 9, 18, 10, 2, 15, 6, 2, 12, 7, 10, 19, 9, 6, 19, 4, 6, 19, 8, 3, 11, 4, 2, 26, 11, 2, 10, 12, 7, 11, 13, 0, 4, 6, 3, 19, 3, 6, 15, 2, 6, 9, 4, 1, 11, 11, 8, 22, 13, 4, 25, 12, 4, 25, 8, 4, 8, 7, 8, 17, 5, 6, 12, 8, 1, 17, 9, 6, 19, 4, 5, 19, 1, 5, 23, 10, 7, 16, 3, 8, 4, 3, 4, 20, 6, 1, 12, 10, 9, 15, 1, 3, 23, 10, 7, 15, 4, 7, 12, 10, 1, 17, 5, 1, 18, 0, 5, 20, 3, 1, 5, 4, 4, 17, 5, 2, 18, 6, 7, 11, 12, 2, 21, 5, 6, 19, 7, 2, 30, 9, 2, 21, 10, 8, 3, 2, 8, 11, 4, 7, 11, 4, 7, 15, 6, 7, 10, 8, 6, 24, 10, 9, 21, 4, 3, 18, 4, 9, 21, 3, 4, 6, 8, 6, 7, 9, 5, 17, 10, 2, 14, 7, 7, 18, 9, 2, 17, 12, 6, 13, 9, 7, 15, 1, 3, 18, 7, 2, 9, 6, 4, 24, 13, 8, 26, 8, 0, 9, 6, 10, 16, 8, 1, 9, 6, 5, 17, 12, 6, 20, 12, 4, 19, 10, 3, 15, 3, 8, 6, 6, 5, 25, 10, 8, 13, 0, 1, 25, 1, 3, 12, 9, 1, 19, 4, 6, 9, 9, 1, 13, 13, 7, 14, 8, 6, 19, 11, 6, 5, 4, 6, 25, 11, 4, 13, 4, 4, 17, 6, 7, 23, 3, 7, 28, 4, 7, 18, 10, 5, 11, 6, 7, 19, 5, 6, 11, 6, 6, 12, 7, 9, 17, 6, 2, 25, 10, 7, 22, 3, 5, 16, 2, 6, 14, 3, 7, 17, 13, 5, 22, 2, 3, 6, 6, 2, 20, 12, 3, 14, 5, 7, 14, 8, 7, 11, 6, 6, 28, 6, 7, 15, 5, 3, 9, 9, 4, 26, 7, 6, 19, 3, 5, 6, 11, 7, 17, 4, 8, 22, 7, 4, 18, 12, 8, 22, 10, 4, 13, 8, 2, 20, 4, 3, 20, 6, 5, 19, 6, 4, 4, 3, 7, 4, 10, 6, 24, 10, 2, 14, 5, 5, 20, 6, 2, 23, 8, 4, 10, 3, 2, 15, 7, 2, 22, 2, 7, 13, 7, 5, 21, 9, 8, 25, 4, 6, 14, 7, 6, 19, 4, 5, 18, 8, 4, 13, 1, 4, 16, 3, 3, 19, 2, 3, 9, 10, 7, 13, 8, 6, 19, 9, 1, 11, 9, 4, 23, 2, 4, 3, 8, 2, 8, 7, 8, 5, 12, 6, 17, 13, 6, 23, 4, 7, 20, 9, 2, 23, 3, 3, 18, 11, 6, 18, 9, 4, 17, 1, 7, 23, 12, 6, 7, 1, 7, 10, 9, 7, 19, 14, 6, 19, 8, 7, 16, 8, 3, 18, 13, 5, 22, 7, 6, 12, 6, 5, 22, 10, 10, 14, 9, 6, 19, 7, 6, 8, 5, 2, 12, 2, 9, 22, 6, 2, 12, 6, 5, 25, 8, 6, 9, 13, 4, 10, 11, 6, 6, 5, 9, 3, 10, 8, 8, 6, 7, 12, 7, 6, 9, 6, 4, 11, 8, 6, 19, 6, 4, 14, 6, 0, 12, 6, 5, 5, 9, 9, 17, 4, 5, 11, 7, 7, 17, 9, 6, 10, 6, 8, 16, 4, 1, 22, 1, 2, 15, 11, 7, 11, 11, 4, 15, 3, 2, 17, 12, 3, 22, 8, 5, 9, 10, 6, 10, 10, 2, 12, 7, 9, 23, 1, 9, 11, 10, 8, 16, 3, 6, 3, 11, 6, 21, 5, 7, 6, 4, 3, 17, 7, 7, 6, 6, 2, 11, 9, 7, 17, 4, 4, 18, 9, 6, 17, 6, 3, 14, 8, 8, 25, 3, 4, 20, 4, 7, 3, 10, 5, 26, 2, 8, 11, 7, 4, 24, 4, 8, 6, 11, 7, 25, 5, 8, 11, 14, 10, 5, 2, 7, 18, 11, 7, 21, 9, 10, 21, 5, 4, 8, 11, 8, 18, 6, 7, 7, 8, 7, 12, 8, 2, 12, 5, 2, 22, 4, 8, 12, 5, 7, 7, 4, 3, 22, 1, 7, 11, 9, 4, 27, 5, 6, 16, 4, 2, 17, 12, 10, 19, 4, 2, 17, 7, 3, 11, 3, 7, 22, 13, 10, 20, 8, 2, 10, 8, 3, 8, 8, 4, 15, 2, 5, 12, 13, 3, 13, 9, 6, 22, 13, 2, 21, 1, 3, 21, 6, 5, 22, 2, 10, 26, 7, 7, 17, 9, 6, 28, 4, 3, 21, 7, 9, 11, 6, 7, 10, 8, 4, 8, 3, 4, 8, 6, 4, 25, 9, 5, 21, 8, 6, 16, 11, 8, 11, 8, 9, 13, 7, 6, 17, 0, 2, 29, 11, 5, 14, 8, 6, 19, 3, 7, 17, 6, 7, 17, 4, 5, 8, 4, 8, 26, 6, 7, 17, 9, 7, 8, 10, 2, 16, 10, 4, 8, 10, 2, 7, 8, 2, 19, 5, 8, 11, 8, 6, 17, 11, 4, 14, 6, 4, 7, 8, 1, 18, 11, 9, 20, 6, 7, 23, 10, 3, 15, 12, 2, 10, 4, 4, 5, 11, 2, 22, 5, 7, 18, 1, 6, 13, 8, 8, 14, 13, 6, 16, 7, 4, 12, 11, 10, 10, 7, 6, 10, 4, 3, 12, 7, 4, 17, 14, 7, 10, 7, 3, 10, 6, 5, 22, 12, 8, 23, 9, 4, 11, 8, 1, 23, 8, 8, 25, 4, 7, 21, 9, 8, 5, 8, 1, 24, 6, 3, 22, 7, 6, 24, 3, 2, 24, 13, 4, 24, 3, 1, 8, 6, 3, 15, 12, 5, 16, 9, 5, 16, 10, 3, 9, 4, 7, 18, 14, 7, 18, 5, 5, 20, 6, 2, 5, 4, 6, 16, 8, 5, 18, 9, 7, 8, 3, 8, 25, 7, 6, 15, 1, 3, 6, 1, 8, 18, 13, 5, 20, 5, 6, 19, 5, 10, 18, 5, 1, 18, 7, 8, 23, 2, 8, 5, 8, 8, 10, 5, 7, 13, 5, 5, 10, 12, 2, 16, 6, 4, 10, 10, 3, 17, 6, 3, 16, 8, 3, 22, 5, 8, 22, 9, 2, 11, 5, 2, 22, 9, 2, 17, 5, 9, 8, 2, 5, 13, 9, 4, 11, 10, 4, 13, 1, 6, 6, 10, 3, 14, 10, 8, 5, 5, 5, 11, 5, 3, 15, 7, 5, 9, 6, 8, 6, 7, 1, 20, 4, 1, 14, 7, 6, 17, 4, 5, 27, 3, 8, 5, 12, 9, 16, 9, 8, 19, 9, 7, 6, 13, 4, 15, 6, 5, 20, 2, 6, 9, 9, 8, 28, 7, 5, 22, 4, 2, 10, 9, 9, 5, 7, 6, 22, 2, 5, 19, 4, 6, 18, 6, 5, 6, 2, 6, 20, 5, 9, 17, 7, 7, 21, 6, 8, 22, 3, 9, 6, 5, 1, 18, 10, 4, 11, 5, 4, 19, 10, 6, 10, 10, 5, 15, 1, 4, 20, 10, 8, 14, 7, 1, 25, 3, 4, 9, 9, 3, 11, 12, 1, 18, 7, 4, 8, 10, 9, 19, 7, 2, 6, 6, 7, 22, 10, 7, 19, 5, 2, 19, 10, 3, 8, 8, 4, 19, 6, 3, 10, 11, 4, 17, 4, 4, 16, 5, 6, 9, 0, 1, 19, 3, 6, 23, 10, 3, 23, 2, 9, 11, 0, 2, 14, 10, 5, 25, 9, 2, 11, 8, 1, 20, 11, 8, 16, 13, 3, 8, 7, 1, 4, 10, 6, 12, 1, 4, 3, 4, 4, 11, 3, 1, 3, 12, 1, 9, 7, 5, 8, 2, 2, 14, 5, 5, 21, 8, 3, 19, 7, 1, 26, 12, 8, 24, 8, 6, 17, 12, 6, 22, 9, 3, 4, 10, 3, 27, 9, 6, 12, 7, 1, 18, 5, 4, 10, 9, 6, 15, 9, 5, 6, 7, 6, 18, 13, 6, 11, 3, 7, 12, 7, 6, 4, 7, 9, 26, 8, 7, 21, 10, 9, 24, 8, 5, 18, 4, 4, 4, 11, 8, 17, 11, 8, 16, 7, 5, 14, 5, 9, 23, 5, 6, 15, 6, 9, 18, 8, 2, 14, 6, 5, 19, 4, 1, 6, 4, 6, 29, 8, 6, 9, 11, 9, 20, 6, 6, 8, 1, 3, 11, 7, 5, 15, 4, 5, 11, 2, 4, 21, 12, 10, 17, 7, 7, 16, 12, 5, 18, 5, 10, 9, 4, 7, 7, 11, 5, 26, 2, 2, 13, 11, 6, 19, 2, 6, 15, 6, 1, 6, 8, 6, 5, 7, 3, 9, 10, 5, 11, 7, 9, 25, 5, 1, 10, 5, 8, 13, 10, 7, 21, 9, 8, 12, 4, 4, 14, 8, 5, 26, 7, 5, 16, 5, 10, 6, 12, 3, 7, 14, 4, 15, 7, 3, 2, 6, 8, 22, 7, 3, 19, 2, 1, 10, 5, 7, 18, 9, 2, 8, 7, 2, 18, 5, 5, 13, 2, 6, 17, 5, 4, 5, 7, 3, 24, 7, 8, 18, 12, 7, 21, 9, 7, 16, 5, 3, 20, 6, 8, 27, 7, 1, 17, 6, 8, 10, 11, 1, 10, 9, 4, 14, 6, 4, 12, 8, 5, 12, 4, 4, 12, 9, 2, 24, 8, 8, 13, 10, 5, 21, 6, 6, 5, 2, 3, 11, 7, 4, 14, 6, 5, 20, 9, 4, 12, 10, 4, 19, 13, 9, 22, 5, 3, 23, 6, 7, 26, 5, 6, 21, 10, 2, 11, 6, 5, 26, 3, 2, 9, 11, 5, 24, 11, 7, 20, 2, 2, 20, 1, 1, 21, 6, 6, 15, 4, 6, 14, 8, 3, 7, 8, 9, 17, 5, 3, 14, 3, 7, 5, 7, 8, 5, 6, 8, 16, 6, 2, 14, 12, 8, 19, 10, 8, 17, 9, 4, 24, 6, 6, 28, 12, 5, 20, 12, 3, 17, 5, 4, 18, 11, 8, 18, 5, 8, 12, 10, 1, 29, 4, 8, 12, 5, 9, 14, 13, 3, 5, 4, 5, 17, 8, 4, 24, 6, 4, 20, 3, 8, 14, 7, 6, 10, 9, 7, 17, 13, 6, 17, 10, 3, 22, 7, 9, 17, 8, 1, 10, 9, 5, 9, 12, 6, 23, 13, 4, 5, 6, 4, 8, 14, 5, 17, 10, 8, 14, 14, 1, 16, 11, 4, 24, 8, 8, 11, 6, 8, 12, 10, 4, 9, 7, 4, 18, 10, 3, 23, 10, 5, 18, 7, 4, 23, 1, 8, 17, 3, 4, 16, 8, 8, 13, 7, 4, 16, 4, 8, 11, 7, 9, 14, 6, 2, 13, 1, 3, 12, 4, 3, 20, 2, 4, 24, 7, 9, 19, 9, 4, 20, 8, 7, 16, 4, 6, 21, 3, 5, 6, 10, 5, 8, 10, 8, 11, 7, 3, 20, 9, 7, 22, 6, 4, 14, 13, 4, 24, 9, 9, 19, 12, 7, 24, 12, 2, 14, 6, 7, 20, 9, 5, 19, 13, 8, 15, 7, 7, 11, 8, 2, 8, 7, 1, 18, 4, 3, 22, 5, 2, 3, 6, 4, 19, 5, 2, 7, 7, 5, 22, 8, 6, 26, 13, 7, 17, 5, 7, 8, 12, 4, 21, 3, 7, 18, 5, 8, 16, 8, 3, 16, 10, 9, 10, 5, 6, 15, 4, 6, 20, 9, 2, 14, 8, 5, 13, 4, 7, 7, 3, 6, 16, 8, 6, 9, 7, 9, 14, 7, 4, 8, 12, 4, 24, 10, 7, 16, 3, 5, 16, 13, 5, 25, 2, 5, 20, 8, 2, 9, 9, 5, 11, 3, 2, 8, 8, 6, 20, 7, 7, 20, 8, 8, 17, 3, 2, 14, 8, 9, 9, 3, 3, 22, 7, 5, 10, 5, 4, 21, 4, 0, 15, 3, 8, 12, 8, 2, 19, 5, 3, 16, 9, 3, 28, 3, 2, 24, 10, 3, 7, 11, 9, 15, 5, 6, 10, 10, 5, 27, 10, 4, 21, 7, 7, 10, 5, 3, 22, 8, 0, 14, 13, 4, 24, 6, 5, 7, 8, 6, 13, 8, 4, 18, 7, 5, 9, 8, 7, 7, 7, 2, 6, 11, 5, 14, 3, 1, 15, 4, 9, 17, 4, 4, 20, 6, 10, 25, 9, 8, 14, 7, 6, 22, 8, 9, 10, 7, 6, 18, 7, 5, 22, 6, 8, 22, 4, 7, 15, 7, 5, 21, 7, 1, 11, 6, 4, 28, 7, 1, 16, 7, 0, 22, 9, 3, 24, 3, 5, 25, 8, 9, 8, 3, 4, 17, 11, 2, 11, 7, 7, 23, 3, 4, 25, 9, 0, 5, 6, 7, 10, 10, 4, 12, 4, 3, 10, 8, 4, 16, 8, 8, 4, 10, 5, 27, 1, 4, 18, 3, 6, 18, 4, 8, 24, 7, 3, 16, 4, 3, 10, 6, 8, 14, 1, 2, 13, 6, 3, 7, 13, 2, 18, 4, 3, 9, 1, 4, 10, 5, 5, 8, 6, 1, 25, 10, 5, 9, 11, 4, 11, 8, 5, 15, 5, 9, 17, 9, 5, 14, 10, 7, 11, 7, 5, 20, 8, 5, 20, 11, 5, 9, 2, 8, 16, 7, 6, 25, 6, 7, 14, 10, 7, 17, 6, 3, 18, 9, 2, 18, 9, 4, 13, 5, 3, 28, 4, 5, 26, 5, 8, 12, 1, 6, 15, 9, 7, 16, 4, 3, 14, 10, 5, 13, 10, 4, 25, 4, 1, 13, 6, 2, 12, 10, 5, 11, 6, 3, 9, 14, 3, 6, 12, 8, 20, 8, 2, 10, 3, 5, 18, 5, 4, 11, 8, 4, 4, 5, 4, 8, 6, 4, 17, 2, 9, 13, 9, 3, 17, 8, 3, 22, 5, 7, 24, 6, 2, 14, 11, 4, 25, 10, 3, 11, 12, 6, 26, 12, 1, 8, 6, 3, 7, 12, 10, 20, 13, 4, 12, 13, 7, 9, 8, 5, 18, 2, 1, 8, 12, 5, 6, 5, 6, 19, 9, 1, 23, 7, 3, 18, 2, 2, 4, 4, 1, 16, 13, 4, 17, 4, 5, 26, 6, 6, 12, 7, 4, 4, 5, 7, 24, 13, 6, 26, 5, 5, 28, 11, 4, 18, 6, 9, 11, 8, 6, 13, 9, 2, 3, 8, 5, 19, 3, 5, 29, 8, 5, 12, 2, 3, 19, 11, 2, 8, 9, 3, 14, 12, 8, 17, 7, 6, 18, 10, 4, 21, 7, 1, 19, 6, 6, 18, 10, 5, 10, 6, 3, 24, 4, 8, 18, 4, 1, 23, 3, 2, 22, 7, 3, 10, 7, 6, 22, 7, 4, 14, 5, 4, 25, 7, 5, 3, 9, 2, 22, 6, 7, 11, 14, 10, 16, 10, 5, 21, 8, 4, 7, 12, 6, 13, 5, 6, 17, 5, 6, 25, 10, 3, 14, 12, 8, 14, 7, 3, 13, 6, 8, 23, 5, 3, 25, 10, 5, 8, 1, 5, 10, 11, 8, 11, 10, 4, 11, 6, 8, 15, 7, 4, 24, 11, 8, 16, 10, 5, 16, 3, 3, 12, 8, 8, 17, 2, 6, 18, 8, 7, 13, 2, 6, 21, 12, 3, 23, 7, 3, 10, 10, 4, 25, 7, 5, 8, 4, 8, 10, 7, 8, 23, 7, 3, 16, 1, 5, 11, 9, 5, 25, 2, 4, 7, 6, 4, 11, 7, 6, 14, 9, 1, 7, 6, 2, 16, 3, 7, 10, 2, 2, 7, 4, 9, 23, 9, 3, 12, 1, 8, 19, 7, 9, 21, 6, 5, 22, 9, 6, 22, 6, 8, 12, 8, 4, 14, 12, 2, 25, 7, 4, 23, 12, 1, 22, 6, 2, 13, 7, 7, 28, 8, 7, 17, 11, 7, 21, 9, 7, 8, 9, 9, 18, 0, 4, 18, 3, 9, 13, 9, 3, 21, 3, 9, 15, 1, 2, 14, 5, 7, 8, 7, 2, 7, 5, 5, 13, 12, 6, 18, 13, 2, 5, 3, 7, 6, 3, 7, 13, 9, 8, 13, 3, 6, 10, 9, 2, 21, 7, 10, 15, 8, 6, 17, 2, 2, 12, 7, 7, 21, 5, 5, 11, 5, 3, 11, 6, 7, 15, 10, 3, 23, 13, 3, 18, 9, 6, 15, 7, 8, 19, 11, 8, 17, 3, 6, 6, 12, 8, 13, 7, 10, 12, 5, 3, 24, 12, 3, 25, 4, 4, 20, 12, 8, 7, 7, 5, 25, 7, 2, 16, 7, 2, 14, 8, 4, 20, 12, 5, 12, 3, 8, 8, 8, 7, 11, 3, 4, 25, 1, 5, 18, 5, 5, 16, 7, 1, 23, 5, 8, 19, 8, 4, 1, 2, 4, 14, 3, 1, 11, 14, 2, 21, 5, 8, 16, 11, 1, 17, 8, 3, 15, 10, 3, 5, 11, 2, 10, 8, 8, 16, 5, 8, 17, 6, 4, 17, 11, 8, 18, 10, 2, 13, 1, 6, 19, 11, 8, 26, 10, 8, 3, 12, 8, 5, 9, 6, 11, 4, 4, 16, 10, 2, 13, 6, 2, 20, 7, 6, 8, 8, 6, 9, 8, 5, 19, 11, 5, 24, 4, 9, 12, 4, 5, 24, 5, 2, 27, 7, 7, 24, 8, 6, 22, 8, 7, 24, 4, 5, 15, 12, 6, 8, 9, 3, 12, 9, 2, 18, 3, 7, 11, 10, 2, 14, 10, 4, 17, 5, 8, 28, 9, 6, 21, 8, 5, 16, 4, 2, 20, 6, 8, 20, 13, 5, 21, 5, 7, 19, 9, 2, 19, 8, 3, 8, 10, 5, 15, 7, 8, 22, 10, 2, 16, 5, 7, 14, 8, 4, 13, 7, 1, 8, 5, 10, 25, 2, 6, 12, 7, 7, 14, 11, 8, 21, 1, 8, 14, 9, 4, 20, 10, 10, 10, 11, 5, 22, 8, 4, 18, 6, 4, 16, 8, 5, 19, 4, 7, 29, 9, 7, 15, 3, 7, 20, 8, 9], dimension=0, value=8663.793865298838, stages=0, time=0.0}Solution{id=7, content=[9, 6, 2, 21, 9, 7, 22, 11, 6, 14, 10, 8, 1, 6, 1, 18, 8, 6, 10, 12, 8, 8, 5, 6, 16, 8, 5, 10, 2, 1, 16, 12, 8, 16, 10, 2, 28, 8, 6, 7, 5, 6, 11, 5, 4, 17, 3, 4, 11, 10, 5, 17, 4, 5, 8, 10, 10, 8, 4, 2, 8, 1, 1, 10, 5, 7, 20, 11, 8, 25, 7, 5, 18, 5, 9, 22, 11, 4, 12, 6, 3, 6, 9, 7, 21, 6, 1, 23, 10, 6, 6, 4, 1, 21, 8, 8, 6, 0, 7, 13, 6, 7, 12, 7, 3, 14, 7, 2, 5, 8, 6, 21, 8, 3, 10, 3, 5, 11, 8, 2, 18, 11, 2, 22, 0, 2, 22, 12, 7, 26, 7, 7, 11, 4, 3, 5, 5, 1, 7, 3, 9, 2, 13, 5, 9, 4, 5, 12, 8, 7, 10, 4, 5, 21, 7, 6, 13, 7, 6, 10, 9, 7, 14, 6, 2, 22, 9, 2, 11, 7, 9, 18, 10, 2, 15, 6, 2, 12, 7, 10, 19, 9, 6, 19, 4, 6, 19, 8, 3, 11, 4, 2, 26, 11, 2, 10, 12, 7, 11, 13, 0, 4, 6, 3, 19, 3, 6, 15, 2, 6, 9, 4, 1, 11, 11, 8, 22, 13, 4, 25, 12, 4, 25, 8, 4, 8, 7, 8, 17, 5, 6, 12, 8, 1, 17, 9, 6, 19, 4, 5, 19, 1, 5, 23, 10, 7, 16, 3, 8, 4, 3, 4, 20, 6, 1, 12, 10, 9, 15, 1, 3, 23, 10, 7, 15, 4, 7, 12, 10, 1, 17, 5, 1, 18, 0, 5, 20, 3, 1, 5, 4, 4, 17, 5, 2, 18, 6, 7, 11, 12, 2, 21, 5, 6, 19, 7, 2, 30, 9, 2, 21, 10, 8, 3, 2, 8, 11, 4, 7, 11, 4, 7, 15, 6, 7, 10, 8, 6, 24, 10, 9, 21, 4, 3, 18, 4, 9, 21, 3, 4, 6, 8, 6, 7, 9, 5, 17, 10, 2, 14, 7, 7, 18, 9, 2, 17, 12, 6, 13, 9, 7, 15, 1, 3, 18, 7, 2, 9, 6, 4, 24, 13, 8, 26, 8, 0, 9, 6, 10, 16, 8, 1, 9, 6, 5, 17, 12, 6, 20, 12, 4, 19, 10, 3, 15, 3, 8, 6, 6, 5, 25, 10, 8, 13, 0, 1, 25, 1, 3, 12, 9, 1, 19, 4, 6, 9, 9, 1, 13, 13, 7, 14, 8, 6, 19, 11, 6, 5, 4, 6, 25, 11, 4, 13, 4, 4, 17, 6, 7, 23, 3, 7, 28, 4, 7, 18, 10, 5, 11, 6, 7, 19, 5, 6, 11, 6, 6, 12, 7, 9, 17, 6, 2, 25, 10, 7, 22, 3, 5, 16, 2, 6, 14, 3, 7, 17, 13, 5, 22, 2, 3, 6, 6, 2, 20, 12, 3, 14, 5, 7, 14, 8, 7, 11, 6, 6, 28, 6, 7, 15, 5, 3, 9, 9, 4, 26, 7, 6, 19, 3, 5, 6, 11, 7, 17, 4, 8, 22, 7, 4, 18, 12, 8, 22, 10, 4, 13, 8, 2, 20, 4, 3, 20, 6, 5, 19, 6, 4, 4, 3, 7, 4, 10, 6, 24, 10, 2, 14, 5, 5, 20, 6, 2, 23, 8, 4, 10, 3, 2, 15, 7, 2, 22, 2, 7, 13, 7, 5, 21, 9, 8, 25, 4, 6, 14, 7, 6, 19, 4, 5, 18, 8, 4, 13, 1, 4, 16, 3, 3, 19, 2, 3, 9, 10, 7, 13, 8, 6, 19, 9, 1, 11, 9, 4, 23, 2, 4, 3, 8, 2, 8, 7, 8, 5, 12, 6, 17, 13, 6, 23, 4, 7, 20, 9, 2, 23, 3, 3, 18, 11, 6, 18, 9, 4, 17, 1, 7, 23, 12, 6, 7, 1, 7, 10, 9, 7, 19, 14, 6, 19, 8, 7, 16, 8, 3, 18, 13, 5, 22, 7, 6, 12, 6, 5, 22, 10, 10, 14, 9, 6, 19, 7, 6, 8, 5, 2, 12, 2, 9, 22, 6, 2, 12, 6, 5, 25, 8, 6, 9, 13, 4, 10, 11, 6, 6, 5, 9, 3, 10, 8, 8, 6, 7, 12, 7, 6, 9, 6, 4, 11, 8, 6, 19, 6, 4, 14, 6, 0, 12, 6, 5, 5, 9, 9, 17, 4, 5, 11, 7, 7, 17, 9, 6, 10, 6, 8, 16, 4, 1, 22, 1, 2, 15, 11, 7, 11, 11, 4, 15, 3, 2, 17, 12, 3, 22, 8, 5, 9, 10, 6, 10, 10, 2, 12, 7, 9, 23, 1, 9, 11, 10, 8, 16, 3, 6, 3, 11, 6, 21, 5, 7, 6, 4, 3, 17, 7, 7, 6, 6, 2, 11, 9, 7, 17, 4, 4, 18, 9, 6, 17, 6, 3, 14, 8, 8, 25, 3, 4, 20, 4, 7, 3, 10, 5, 26, 2, 8, 11, 7, 4, 24, 4, 8, 6, 11, 7, 25, 5, 8, 11, 14, 10, 5, 2, 7, 18, 11, 7, 21, 9, 10, 21, 5, 4, 8, 11, 8, 18, 6, 7, 7, 8, 7, 12, 8, 2, 12, 5, 2, 22, 4, 8, 12, 5, 7, 7, 4, 3, 22, 1, 7, 11, 9, 4, 27, 5, 6, 16, 4, 2, 17, 12, 10, 19, 4, 2, 17, 7, 3, 11, 3, 7, 22, 13, 10, 20, 8, 2, 10, 8, 3, 8, 8, 4, 15, 2, 5, 12, 13, 3, 13, 9, 6, 22, 13, 2, 21, 1, 3, 21, 6, 5, 22, 2, 10, 26, 7, 7, 17, 9, 6, 28, 4, 3, 21, 7, 9, 11, 6, 7, 10, 8, 4, 8, 3, 4, 8, 6, 4, 25, 9, 5, 21, 8, 6, 16, 11, 8, 11, 8, 9, 13, 7, 6, 17, 0, 2, 29, 11, 5, 14, 8, 6, 19, 3, 7, 17, 6, 7, 17, 4, 5, 8, 4, 8, 26, 6, 7, 17, 9, 7, 8, 10, 2, 16, 10, 4, 8, 10, 2, 7, 8, 2, 19, 5, 8, 11, 8, 6, 17, 11, 4, 14, 6, 4, 7, 8, 1, 18, 11, 9, 20, 6, 7, 23, 10, 3, 15, 12, 2, 10, 4, 4, 5, 11, 2, 22, 5, 7, 18, 1, 6, 13, 8, 8, 14, 13, 6, 16, 7, 4, 12, 11, 10, 10, 7, 6, 10, 4, 3, 12, 7, 4, 17, 14, 7, 10, 7, 3, 10, 6, 5, 22, 12, 8, 23, 9, 4, 11, 8, 1, 23, 8, 8, 25, 4, 7, 21, 9, 8, 5, 8, 1, 24, 6, 3, 22, 7, 6, 24, 3, 2, 24, 13, 4, 24, 3, 1, 8, 6, 3, 15, 12, 5, 16, 9, 5, 16, 10, 3, 9, 4, 7, 18, 14, 7, 18, 5, 5, 20, 6, 2, 5, 4, 6, 16, 8, 5, 18, 9, 7, 8, 3, 8, 25, 7, 6, 15, 1, 3, 6, 1, 8, 18, 13, 5, 20, 5, 6, 19, 5, 10, 18, 5, 1, 18, 7, 8, 23, 2, 8, 5, 8, 8, 10, 5, 7, 13, 5, 5, 10, 12, 2, 16, 6, 4, 10, 10, 3, 17, 6, 3, 16, 8, 3, 22, 5, 8, 22, 9, 2, 11, 5, 2, 22, 9, 2, 17, 5, 9, 8, 2, 5, 13, 9, 4, 11, 10, 4, 13, 1, 6, 6, 10, 3, 14, 10, 8, 5, 5, 5, 11, 5, 3, 15, 7, 5, 9, 6, 8, 6, 7, 1, 20, 4, 1, 14, 7, 6, 17, 4, 5, 27, 3, 8, 5, 12, 9, 16, 9, 8, 19, 9, 7, 6, 13, 4, 15, 6, 5, 20, 2, 6, 9, 9, 8, 28, 7, 5, 22, 4, 2, 10, 9, 9, 5, 7, 6, 22, 2, 5, 19, 4, 6, 18, 6, 5, 6, 2, 6, 20, 5, 9, 17, 7, 7, 21, 6, 8, 22, 3, 9, 6, 5, 1, 18, 10, 4, 11, 5, 4, 19, 10, 6, 10, 10, 5, 15, 1, 4, 20, 10, 8, 14, 7, 1, 25, 3, 4, 9, 9, 3, 11, 12, 1, 18, 7, 4, 8, 10, 9, 19, 7, 2, 6, 6, 7, 22, 10, 7, 19, 5, 2, 19, 10, 3, 8, 8, 4, 19, 6, 3, 10, 11, 4, 17, 4, 4, 16, 5, 6, 9, 0, 1, 19, 3, 6, 23, 10, 3, 23, 2, 9, 11, 0, 2, 14, 10, 5, 25, 9, 2, 11, 8, 1, 20, 11, 8, 16, 13, 3, 8, 7, 1, 4, 10, 6, 12, 1, 4, 3, 4, 4, 11, 3, 1, 3, 12, 1, 9, 7, 5, 8, 2, 2, 14, 5, 5, 21, 8, 3, 19, 7, 1, 26, 12, 8, 24, 8, 6, 17, 12, 6, 22, 9, 3, 4, 10, 3, 27, 9, 6, 12, 7, 1, 18, 5, 4, 10, 9, 6, 15, 9, 5, 6, 7, 6, 18, 13, 6, 11, 3, 7, 12, 7, 6, 4, 7, 9, 26, 8, 7, 21, 10, 9, 24, 8, 5, 18, 4, 4, 4, 11, 8, 17, 11, 8, 16, 7, 5, 14, 5, 9, 23, 5, 6, 15, 6, 9, 18, 8, 2, 14, 6, 5, 19, 4, 1, 6, 4, 6, 29, 8, 6, 9, 11, 9, 20, 6, 6, 8, 1, 3, 11, 7, 5, 15, 4, 5, 11, 2, 4, 21, 12, 10, 17, 7, 7, 16, 12, 5, 18, 5, 10, 9, 4, 7, 7, 11, 5, 26, 2, 2, 13, 11, 6, 19, 2, 6, 15, 6, 1, 6, 8, 6, 5, 7, 3, 9, 10, 5, 11, 7, 9, 25, 5, 1, 10, 5, 8, 13, 10, 7, 21, 9, 8, 12, 4, 4, 14, 8, 5, 26, 7, 5, 16, 5, 10, 6, 12, 3, 7, 14, 4, 15, 7, 3, 2, 6, 8, 22, 7, 3, 19, 2, 1, 10, 5, 7, 18, 9, 2, 8, 7, 2, 18, 5, 5, 13, 2, 6, 17, 5, 4, 5, 7, 3, 24, 7, 8, 18, 12, 7, 21, 9, 7, 16, 5, 3, 20, 6, 8, 27, 7, 1, 17, 6, 8, 10, 11, 1, 10, 9, 4, 14, 6, 4, 12, 8, 5, 12, 4, 4, 12, 9, 2, 24, 8, 8, 13, 10, 5, 21, 6, 6, 5, 2, 3, 11, 7, 4, 14, 6, 5, 20, 9, 4, 12, 10, 4, 19, 13, 9, 22, 5, 3, 23, 6, 7, 26, 5, 6, 21, 10, 2, 11, 6, 5, 26, 3, 2, 9, 11, 5, 24, 11, 7, 20, 2, 2, 20, 1, 1, 21, 6, 6, 15, 4, 6, 14, 8, 3, 7, 8, 9, 17, 5, 3, 14, 3, 7, 5, 7, 8, 5, 6, 8, 16, 6, 2, 14, 12, 8, 19, 10, 8, 17, 9, 4, 24, 6, 6, 28, 12, 5, 20, 12, 3, 17, 5, 4, 18, 11, 8, 18, 5, 8, 12, 10, 1, 29, 4, 8, 12, 5, 9, 14, 13, 3, 5, 4, 5, 17, 8, 4, 24, 6, 4, 20, 3, 8, 14, 7, 6, 10, 9, 7, 17, 13, 6, 17, 10, 3, 22, 7, 9, 17, 8, 1, 10, 9, 5, 9, 12, 6, 23, 13, 4, 5, 6, 4, 8, 14, 5, 17, 10, 8, 14, 14, 1, 16, 11, 4, 24, 8, 8, 11, 6, 8, 12, 10, 4, 9, 7, 4, 18, 10, 3, 23, 10, 5, 18, 7, 4, 23, 1, 8, 17, 3, 4, 16, 8, 8, 13, 7, 4, 16, 4, 8, 11, 7, 9, 14, 6, 2, 13, 1, 3, 12, 4, 3, 20, 2, 4, 24, 7, 9, 19, 9, 4, 20, 8, 7, 16, 4, 6, 21, 3, 5, 6, 10, 5, 8, 10, 8, 11, 7, 3, 20, 9, 7, 22, 6, 4, 14, 13, 4, 24, 9, 9, 19, 12, 7, 24, 12, 2, 14, 6, 7, 20, 9, 5, 19, 13, 8, 15, 7, 7, 11, 8, 2, 8, 7, 1, 18, 4, 3, 22, 5, 2, 3, 6, 4, 19, 5, 2, 7, 7, 5, 22, 8, 6, 26, 13, 7, 17, 5, 7, 8, 12, 4, 21, 3, 7, 18, 5, 8, 16, 8, 3, 16, 10, 9, 10, 5, 6, 15, 4, 6, 20, 9, 2, 14, 8, 5, 13, 4, 7, 7, 3, 6, 16, 8, 6, 9, 7, 9, 14, 7, 4, 8, 12, 4, 24, 10, 7, 16, 3, 5, 16, 13, 5, 25, 2, 5, 20, 8, 2, 9, 9, 5, 11, 3, 2, 8, 8, 6, 20, 7, 7, 20, 8, 8, 17, 3, 2, 14, 8, 9, 9, 3, 3, 22, 7, 5, 10, 5, 4, 21, 4, 0, 15, 3, 8, 12, 8, 2, 19, 5, 3, 16, 9, 3, 28, 3, 2, 24, 10, 3, 7, 11, 9, 15, 5, 6, 10, 10, 5, 27, 10, 4, 21, 7, 7, 10, 5, 3, 22, 8, 0, 14, 13, 4, 24, 6, 5, 7, 8, 6, 13, 8, 4, 18, 7, 5, 9, 8, 7, 7, 7, 2, 6, 11, 5, 14, 3, 1, 15, 4, 9, 17, 4, 4, 20, 6, 10, 25, 9, 8, 14, 7, 6, 22, 8, 9, 10, 7, 6, 18, 7, 5, 22, 6, 8, 22, 4, 7, 15, 7, 5, 21, 7, 1, 11, 6, 4, 28, 7, 1, 16, 7, 0, 22, 9, 3, 24, 3, 5, 25, 8, 9, 8, 3, 4, 17, 11, 2, 11, 7, 7, 23, 3, 4, 25, 9, 0, 5, 6, 7, 10, 10, 4, 12, 4, 3, 10, 8, 4, 16, 8, 8, 4, 10, 5, 27, 1, 4, 18, 3, 6, 18, 4, 8, 24, 7, 3, 16, 4, 3, 10, 6, 8, 14, 1, 2, 13, 6, 3, 7, 13, 2, 18, 4, 3, 9, 1, 4, 10, 5, 5, 8, 6, 1, 25, 10, 5, 9, 11, 4, 11, 8, 5, 15, 5, 9, 17, 9, 5, 14, 10, 7, 11, 7, 5, 20, 8, 5, 20, 11, 5, 9, 2, 8, 16, 7, 6, 25, 6, 7, 14, 10, 7, 17, 6, 3, 18, 9, 2, 18, 9, 4, 13, 5, 3, 28, 4, 5, 26, 5, 8, 12, 1, 6, 15, 9, 7, 16, 4, 3, 14, 10, 5, 13, 10, 4, 25, 4, 1, 13, 6, 2, 12, 10, 5, 11, 6, 3, 9, 14, 3, 6, 12, 8, 20, 8, 2, 10, 3, 5, 18, 5, 4, 11, 8, 4, 4, 5, 4, 8, 6, 4, 17, 2, 9, 13, 9, 3, 17, 8, 3, 22, 5, 7, 24, 6, 2, 14, 11, 4, 25, 10, 3, 11, 12, 6, 26, 12, 1, 8, 6, 3, 7, 12, 10, 20, 13, 4, 12, 13, 7, 9, 8, 5, 18, 2, 1, 8, 12, 5, 6, 5, 6, 19, 9, 1, 23, 7, 3, 18, 2, 2, 4, 4, 1, 16, 13, 4, 17, 4, 5, 26, 6, 6, 12, 7, 4, 4, 5, 7, 24, 13, 6, 26, 5, 5, 28, 11, 4, 18, 6, 9, 11, 8, 6, 13, 9, 2, 3, 8, 5, 19, 3, 5, 29, 8, 5, 12, 2, 3, 19, 11, 2, 8, 9, 3, 14, 12, 8, 17, 7, 6, 18, 10, 4, 21, 7, 1, 19, 6, 6, 18, 10, 5, 10, 6, 3, 24, 4, 8, 18, 4, 1, 23, 3, 2, 22, 7, 3, 10, 7, 6, 22, 7, 4, 14, 5, 4, 25, 7, 5, 3, 9, 2, 22, 6, 7, 11, 14, 10, 16, 10, 5, 21, 8, 4, 7, 12, 6, 13, 5, 6, 17, 5, 6, 25, 10, 3, 14, 12, 8, 14, 7, 3, 13, 6, 8, 23, 5, 3, 25, 10, 5, 8, 1, 5, 10, 11, 8, 11, 10, 4, 11, 6, 8, 15, 7, 4, 24, 11, 8, 16, 10, 5, 16, 3, 3, 12, 8, 8, 17, 2, 6, 18, 8, 7, 13, 2, 6, 21, 12, 3, 23, 7, 3, 10, 10, 4, 25, 7, 5, 8, 4, 8, 10, 7, 8, 23, 7, 3, 16, 1, 5, 11, 9, 5, 25, 2, 4, 7, 6, 4, 11, 7, 6, 14, 9, 1, 7, 6, 2, 16, 3, 7, 10, 2, 2, 7, 4, 9, 23, 9, 3, 12, 1, 8, 19, 7, 9, 21, 6, 5, 22, 9, 6, 22, 6, 8, 12, 8, 4, 14, 12, 2, 25, 7, 4, 23, 12, 1, 22, 6, 2, 13, 7, 7, 28, 8, 7, 17, 11, 7, 21, 9, 7, 8, 9, 9, 18, 0, 4, 18, 3, 9, 13, 9, 3, 21, 3, 9, 15, 1, 2, 14, 5, 7, 8, 7, 2, 7, 5, 5, 13, 12, 6, 18, 13, 2, 5, 3, 7, 6, 3, 7, 13, 9, 8, 13, 3, 6, 10, 9, 2, 21, 7, 10, 15, 8, 6, 17, 2, 2, 12, 7, 7, 21, 5, 5, 11, 5, 3, 11, 6, 7, 15, 10, 3, 23, 13, 3, 18, 9, 6, 15, 7, 8, 19, 11, 8, 17, 3, 6, 6, 12, 8, 13, 7, 10, 12, 5, 3, 24, 12, 3, 25, 4, 4, 20, 12, 8, 7, 7, 5, 25, 7, 2, 16, 7, 2, 14, 8, 4, 20, 12, 5, 12, 3, 8, 8, 8, 7, 11, 3, 4, 25, 1, 5, 18, 5, 5, 16, 7, 1, 23, 5, 8, 19, 8, 4, 1, 2, 4, 14, 3, 1, 11, 14, 2, 21, 5, 8, 16, 11, 1, 17, 8, 3, 15, 10, 3, 5, 11, 2, 10, 8, 8, 16, 5, 8, 17, 6, 4, 17, 11, 8, 18, 10, 2, 13, 1, 6, 19, 11, 8, 26, 10, 8, 3, 12, 8, 5, 9, 6, 11, 4, 4, 16, 10, 2, 13, 6, 2, 20, 7, 6, 8, 8, 6, 9, 8, 5, 19, 11, 5, 24, 4, 9, 12, 4, 5, 24, 5, 2, 27, 7, 7, 24, 8, 6, 22, 8, 7, 24, 4, 5, 15, 12, 6, 8, 9, 3, 12, 9, 2, 18, 3, 7, 11, 10, 2, 14, 10, 4, 17, 5, 8, 28, 9, 6, 21, 8, 5, 16, 4, 2, 20, 6, 8, 20, 13, 5, 21, 5, 7, 19, 9, 2, 19, 8, 3, 8, 10, 5, 15, 7, 8, 22, 10, 2, 16, 5, 7, 14, 8, 4, 13, 7, 1, 8, 5, 10, 25, 2, 6, 12, 7, 7, 14, 11, 8, 21, 1, 8, 14, 9, 4, 20, 10, 10, 10, 11, 5, 22, 8, 4, 18, 6, 4, 16, 8, 5, 19, 4, 7, 29, 9, 7, 15, 3, 7, 20, 8, 9], dimension=3072, value=8663.793865298838, stages=0, time=1444.2404501617543}} 
