0.06430243 0.38068353 0.66419662 0.58444212 0.65479441 0.08230908 0.41490858 0.50274641 0.12214722 0.64305655 0.67483200 0.35615190 0.26700938 0.02358925 0.20275550 0.34040733 0.00985665 0.02955237 0.74919365 0.70057353 0.14699678 0.75260713 0.60042125 0.26985950 0.53609547 0.68388296 0.11552008 0.38657984 0.97516894
0.91735800 0.92321653 0.15410779 0.16496727 0.58821849 0.33689043 0.12686217 0.05189712 0.45003569 0.71898665 0.15478097 0.53711087 0.28463907 0.98016290 0.29939732 0.00711468 0.65985250 0.13385813 0.44654923 0.39222461 0.40279993 0.84356842 0.48391699 0.49142698 0.04027607 0.19796800 0.68599719 0.11567540 0.37271613
0.52811493 0.25478603 0.19638338 0.29458865 0.94133249 0.80135870 0.38184827 0.95157326 0.38795915 0.92169546 0.80156852 0.33367568 0.50001091 0.91951978 0.61689311 0.44347017 0.14490199 0.15957679 0.69616843 0.24994934 0.62272132 0.49669583 0.25352439 0.74100015 0.70216338 0.71914364 0.57266813 0.52131382 0.23806410
0.96918944 0.00053051 0.56757672 0.94259362 0.65946734 0.24033671 0.94907821 0.99250965 0.49063499 0.59964894 0.54941028 0.54647651 0.79399214 0.25615639 0.08372348 0.91930646 0.57213628 0.79246306 0.99604187 0.11408152 0.29139683 0.22085159 0.14242965 0.64846595 0.69170358 0.46997751 0.51834041 0.12812029 0.62270869
0.83767438 0.67226958 0.81798017 0.18939615 0.22752788 0.86286943 0.54126448 0.29607620 0.08160243 0.46297525 0.59642860 0.01457664 0.79768110 0.59152979 0.02388079 0.07060667 0.07660602 0.46318339 0.47713043 0.14168345 0.08378291 0.48538447 0.15713941 0.59067500 0.52863999 0.70406612 0.75399844 0.72092763 0.76680839
0.80157174 0.10665253 0.63211003 0.81201697 0.48425319 0.33925092 0.28032004 0.70817211 0.76221300 0.56179859 0.40166438 0.05681843 0.31995191 0.83313763 0.54543560 0.62115399 0.90422148 0.97588900 0.58117445 0.83499939 0.41417119 0.00583609 0.69332042 0.73359702 0.16891804 0.39233332 0.05781639 0.29284330 0.64895573
0.10167482 0.10694840 0.41453329 0.86036033 0.39195927 0.53186471 0.82742331 0.35453676 0.62583916 0.94663323 0.98739452 0.85129174 0.94664372 0.44335945 0.65472599 0.35930552 0.52371653 0.10480236 0.20246323 0.66561598 0.21441098 0.90908837 0.86709407 0.07451577 0.91303685 0.36053893 0.09122091 0.31630399 0.56115472
0.61129021 0.82764420 0.61762152 0.77896480 0.80029807 0.17524949 0.02763914 0.34413950 0.82948558 0.99931603 0.22815629 0.29229991 0.82120378 0.25234215 0.22070710 0.24243847 0.05684141 0.55620890 0.48006011 0.66094094 0.28333250 0.23247996 0.39103646 0.16946336 0.89247533 0.37486248 0.04436054 0.67477034 0.62738999
0.74633040 0.75729672 0.05274287 0.15110632 0.25313735 0.00611392 0.35411582 0.02418728 0.49892428 0.80995948 0.01610603 0.38145776 0.45435201 0.98951306 0.36194446 0.87232227 0.59116683 0.13882924 0.74942639 0.23481915 0.92433249 0.59506797 0.08994616 0.21047326 0.28183985 0.16835019 0.10108373 0.37517283 0.77903083
0.90276513 0.57866249 0.86071041 0.91275061 0.67959508 0.17829906 0.87229186 0.91036851 0.04511242 0.68181715 0.36923148 0.96968399 0.24784248 0.49049966 0.26921526 0.80796154 0.10397539 0.13500435 0.06092836 0.50181422 0.97464861 0.92086992 0.76550715 0.94438271 0.83511124 0.43889139 0.77419010 0.37223225 0.14332012
0.56124457 0.20770560 0.32161814 0.97430688 0.71709156 0.09234934 0.06224503 0.67669398 0.69550047 0.82836776 0.02637356 0.12902724 0.95886393 0.13817778 0.00210317 0.52613077 0.46660320 0.92511760 0.89188723 0.50948006 0.30679560 0.24783735 0.65081297 0.37062748 0.01246455 0.92110197 0.61390513 0.00300347 0.29962369
0.09069326 0.79768913 0.25495641 0.10576746 0.49826197 0.91847545 0.34568242 0.23035228 0.05139487 0.80830463 0.04573595 0.58291435 0.74482535 0.62921761 0.39510068 0.02982116 0.94063120 0.78749354 0.83433993 0.09725545 0.50842623 0.73172323 0.75813397 0.33588260 0.35096676 0.88206357 0.66555152 0.98175282 0.39625879
0.78274416 0.27769117 0.65834213 0.22416430 0.19587422 0.22086798 0.25623703 0.11367072 0.26182477 0.13230928 0.79981974 0.44640056 0.03993685 0.33536265 0.06441209 0.08260281 0.71303404 0.55250881 0.94268792 0.53778149 0.49019311 0.47701014 0.07576540 0.53128119 0.77445422 0.40781560 0.06224229 0.75256286 0.47562772
0.56738133 0.63753844 0.49656802 0.44308193 0.16835537 0.57626174 0.15648271 0.86937210 0.77261416 0.71191510 0.43037733 0.17279817 0.99492734 0.39111371 0.49761203 0.30545475 0.14356653 0.88358322 0.35156190 0.65306353 0.96146303 0.75456128 0.93712957 0.69385522 0.23405771 0.97282617 0.73467768 0.36599443 0.66377666
0.57542815 0.95642723 0.65651711 0.07610407 0.03930028 0.57703183 0.26947742 0.71851321 0.12027767 0.00695248 0.35697713 0.14105612 0.81165466 0.33542077 0.20397689 0.90620049 0.24726243 0.71919351 0.44626602 0.16554237 0.82814949 0.67396438 0.87069317 0.96231158 0.58730046 0.73721403 0.09773763 0.97112660 0.82342919
0.21444258 0.47872682 0.27024363 0.33273430 0.49514337 0.35348261 0.65658494 0.14660653 0.73054076 0.40890561 0.96011946 0.54362919 0.50202854 0.25498269 0.79170856 0.24581403 0.47741003 0.49193030 0.16731820 0.13186690 0.95145440 0.48066198 0.49153871 0.50437899 0.59794865 0.74849551 0.45464121 0.93319084 0.72233790
0.46299155 0.49994011 0.96377816 0.79721101 0.68904198 0.65201932 0.52735956 0.08730323 0.20780336 0.66141882 0.71852866 0.72635020 0.52079640 0.61766814 0.71656384 0.69504354 0.28847012 0.41009116 0.01817083 0.76750053 0.85975504 0.67459700 0.82226476 0.64307580 0.73760679 0.15470960 0.36150010 0.16100629 0.79526763
0.72637853 0.21060807 0.70729496 0.80895069 0.68865228 0.11820315 0.66640296 0.40487738 0.30608437 0.70657148 0.04473375 0.83207577 0.00378179 0.46305552 0.19855704 0.06707378 0.06229397 0.80700136 0.93593417 0.63259780 0.13708023 0.65783611 0.13037087 0.16961410 0.43608209 0.85269455 0.38333716 0.24052639 0.92896605
0.96611570 0.20345860 0.06107015 0.53289184 0.56968204 0.63209653 0.85942039 0.82219952 0.73607471 0.23819975 0.34325624 0.44319895 0.63987049 0.92972349 0.31900258 0.08028270 0.43650744 0.08457617 0.85219479 0.51587412 0.21119786 0.09096790 0.48389024 0.05426028 0.68116840 0.50519928 0.92527578 0.33814892 0.50745953
0.68434279 0.34109762 0.37682765 0.52661708 0.93193323 0.80226639 0.42609246 0.94796107 0.90669789 0.73896662 0.21265227 0.57871782 0.28752066 0.25782678 0.87950420 0.43715382 0.46224913 0.00018198 0.94381470 0.69295030 0.31361708 0.81318874 0.50512955 0.73440983 0.01246947 0.88152716 0.91927545 0.30368770 0.09664026
0.12465290 0.16210474 0.06409197 0.01324835 0.60303728 0.14727404 0.66759815 0.73284065 0.39656130 0.33353651 0.37607586 0.00572486 0.91920507 0.05956639 0.55632607 0.32399950 0.91640112 0.17812382 0.91687972 0.67720200 0.45489662 0.72640690 0.18360947 0.74516042 0.05969608 0.56572681 0.02155826 0.25854749 0.77863251
0.15118125 0.40198967 0.87580103 0.36234172 0.85079010 0.28651706 0.07448758 0.93589115 0.52359659 0.45426937 0.23585077 0.50804067 0.38752625 0.53340366 0.31320042 0.41509022 0.56033484 0.81487568 0.21796112 0.32849445 0.04076567 0.22423138 0.33161483 0.76890271 0.31207579 0.90628404 0.35743450 0.16400764 0.19637934
0.23789261 0.06282091 0.36356350 0.06579600 0.72565959 0.33121823 0.18216109 0.02518054 0.16821705 0.34199868 0.97882308 0.22124990 0.66687187 0.62736953 0.50221010 0.00421179 0.55373219 0.21727120 0.23120434 0.27053920 0.07303949 0.07639802 0.22286405 0.94932330 0.69928112 0.56188804 0.04321905 0.25967692 0.30476074
0.68589198 0.70110356 0.06294929 0.99965494 0.55414569 0.63119978 0.36105242 0.35918645 0.46983439 0.67969148 0.75098806 0.92539532 0.84145104 0.73440409 0.43570335 0.32509153 0.21401539 0.11103404 0.21269261 0.08092388 0.45493415 0.05804665 0.71430125 0.20910118 0.36894691 0.77504837 0.05747755 0.99515434 0.79101651
0.15291610 0.97575645 0.91822809 0.51168629 0.03869242 0.45254889 0.55474396 0.22634135 0.20423241 0.85234923 0.43387705 0.06797451 0.35481406 0.55526266 0.24014033 0.18247167 0.45240138 0.14029273 0.46247306 0.23609591 0.34797496 0.23411913 0.57457974 0.70676294 0.21832231 0.24463452 0.09786918 0.30386525 0.58490602
0.33229804 0.44619365 0.88581607 0.75590504 0.13740265 0.28069042 0.80014827 0.37725027 0.97764208 0.21337913 0.65791745 0.40445288 0.45790267 0.08976999 0.17232260 0.21424974 0.69299402 0.75358985 0.84087182 0.76356741 0.63407168 0.15083396 0.93108438 0.67303231 0.31079424 0.86570362 0.44163467 0.86323150 0.15379585
0.69759080 0.45400777 0.90415499 0.94584481 0.68612293 0.56415005 0.55172688 0.36509748 0.07038202 0.88926277 0.04005975 0.53014615 0.02876461 0.48180023 0.57404234 0.43409808 0.68754983 0.85089834 0.12409826 0.66371292 0.80909487 0.69087356 0.06342896 0.33966341 0.77467869 0.84709631 0.40778163 0.78527493 0.96236608
0.01145640 0.41875852 0.03363697 0.38686633 0.63280314 0.11391154 0.91676981 0.51621137 0.05215584 0.79034148 0.14556823 0.50918101 0.92814512 0.01324908 0.48553316 0.72775343 0.60505917 0.64686050 0.86084148 0.27046104 0.19403350 0.41237722 0.97809289 0.44538379 0.78733628 0.14607619 0.85111212 0.55561267 0.40636598
0.40041357 0.42947380 0.10536862 0.99589163 0.28196079 0.38595608 0.55156297 0.02023048 0.45222935 0.00191857 0.02343753 0.99147155 0.03091655 0.00463894 0.01202365 0.56551773 0.73583114 0.15693158 0.89151153 0.67863349 0.96973476 0.37691106 0.27622218 0.56534865 0.72156116 0.17455178 0.63972638 0.39798335 0.08795173
0.23173466 0.32675642 0.71872310 0.94077305 0.02376058 0.07390762 0.79708696 0.76725793 0.48284929 0.42172906 0.53879589 0.99163863 0.83793161 0.94865342 0.59646239 0.15061687 0.93008212 0.08631817 0.88818669 0.13974257 0.49922790 0.38618178 0.81705879 0.37374927 0.16530887 0.49893982 0.10272960 0.11112064 0.08585327
0.80109791 0.28562856 0.38163968 0.56197202 0.55715947 0.64506926 0.92539820 0.18606383 0.74123847 0.48439863 0.30272089 0.47706238 0.15850806 0.47950906 0.86668505 0.33284618 0.30474857 0.06144741 0.60339319 0.04447018 0.48135902 0.60951827 0.93988284 0.06316809 0.04354809 0.56819355 0.49553398 0.18861224 0.30102276
0.46930403 0.41006126 0.35570846 0.51334314 0.24040279 0.31965475 0.73724099 0.62621463 0.11085457 0.27255951 0.45097237 0.88033960 0.88911901 0.87636091 0.76234222 0.19105254 0.37785976 0.75146890 0.30769763 0.24481407 0.21792593 0.92877141 0.52802713 0.58774077 0.50791553 0.17415319 0.19945919 0.59169945 0.13294574
0.34855372 0.67432543 0.07509599 0.85441803 0.81946278 0.20537746 0.52834052 0.86198053 0.62823128 0.51578560 0.34807188 0.66955419 0.58729887 0.59883688 0.21957659 0.94920326 0.73241867 0.58378835 0.80343841 0.13979455 0.58718415 0.38812116 0.18030666 0.44180424 0.51064154 0.79147993 0.08677235 0.11529489 0.99349592
0.51287094 0.83569398 0.83499935 0.14439724 0.85023121 0.95591477 0.22461266 0.76501813 0.45027086 0.00916607 0.59180642 0.35111229 0.81652875 0.74605250 0.31614489 0.07646862 0.23487151 0.74836616 0.30399589 0.31765325 0.89820459 0.97157886 0.41769318 0.55965747 0.14595323 0.14921267 0.81062201 0.58604690 0.89891035
0.84989093 0.65556260 0.70193315 0.56633728 0.08822306 0.84054095 0.36406628 0.92974232 0.78227873 0.82460055 0.99957248 0.76655141 0.02325759 0.99532184 0.98333858 0.26692380 0.07706310 0.55058163 0.71377058 0.61825539 0.27284027 0.13895719 0.47763130 0.48445058 0.45013841 0.23634522 0.32688731 0.49083321 0.43421237
0.51077897 0.50397304 0.24060622 0.08807613 0.23309145 0.04660621 0.83505791 0.85027529 0.12798632 0.07926465 0.34725318 0.30894585 0.92824236 0.95566233 0.20773553 0.28557863 0.29419148 0.85503772 0.00080610 0.10600980 0.69127411 0.65479519 0.74123422 0.22151021 0.28038998 0.90301610 0.30379332 0.10944708 0.86892665
0.49658297 0.31180497 0.43084371 0.49476138 0.23413688 0.45591320 0.75126399 0.27119721 0.75781442 0.91059991 0.74180062 0.70770687 0.52368730 0.24349130 0.66854666 0.83952349 0.34805457 0.97129485 0.15178264 0.14852987 0.76521325 0.70624450 0.63021213 0.43856329 0.90206054 0.65822181 0.70093064 0.54016603 0.82585649
0.11025877 0.52241436 0.96297639 0.35370367 0.36891830 0.76566652 0.38836872 0.12577578 0.60608634 0.17776107 0.20061524 0.33905433 0.95499921 0.68237440 0.09175639 0.91430930 0.20086894 0.08349811 0.14353055 0.02628549 0.41525778 0.86137693 0.68912799 0.86553363 0.92339301 0.25381714 0.68819809 0.22005136 0.06490162
0.80136359 0.31045267 0.96587606 0.31098337 0.80144326 0.91637285 0.83799760 0.43483061 0.66442667 0.64794007 0.91643652 0.59714146 0.99365850 0.39797705 0.10705876 0.40486226 0.32186142 0.01359743 0.52267504 0.22883464 0.82791787 0.20742791 0.07719991 0.32481110 0.03088681 0.79967979 0.79412126 0.59234229 0.41221360
0.59481178 0.30025826 0.12732840 0.15244265 0.40843941 0.72676221 0.07656565 0.68534450 0.50331054 0.77154095 0.68640849 0.57021992 0.96758088 0.99076448 0.85270696 0.26224607 0.37428686 0.48183573 0.92546749 0.72108004 0.39782802 0.99618715 0.99922479 0.43953815 0.93143432 0.17749024 0.42890152 0.39701963 0.64900874