0 0.05934171 0.85097127 0.64644582 0.88539867 0.17621658 0.56102973 0.72883695 0.17106436 0.64245515 0.70141775 0.87625041 0.75027659 0.33627708 0.34632911 0.01165622 0.93638935
0 0.88929261 0.23687517 0.88342626 0.21339821 0.52670771 0.61486694 0.28246617 0.57990809 0.92939567 0.33161520 0.18161994 0.74979944 0.19623547 0.16683724 0.80982883 0.47329447
0 0.67359262 0.08279863 0.12762793 0.42279058 0.88854559 0.96010752 0.90591516 0.79974095 0.07343699 0.21411703 0.62652912 0.06202729 0.80155540 0.57468206 0.72102356 0.94568314
0 0.06723057 0.22705404 0.24312830 0.26049038 0.73835058 0.45798781 0.93073735 0.77588617 0.68528707 0.92867264 0.75486700 0.88178039 0.04744029 0.70488946 0.47587802 0.60829926
0 0.03709284 0.21483449 0.43135781 0.01913351 0.39998753 0.37633961 0.76540975 0.95508440 0.15302078 0.23775759 0.57569851 0.59756476 0.50167065 0.61057061 0.00245213 0.34622576
0 0.90325367 0.33681867 0.11272226 0.06054512 0.08683266 0.03073399 0.54355686 0.80212580 0.46657328 0.36150642 0.25933992 0.83261836 0.79257416 0.20289402 0.45140503 0.77159460
0 0.07167152 0.26543182 0.56213124 0.49936406 0.76044661 0.14828137 0.65108082 0.60163831 0.98363965 0.10030182 0.83734044 0.89611337 0.06340178 0.16371350 0.35007842 0.85545335
0 0.95829207 0.78876288 0.79843308 0.54682315 0.30565384 0.45408770 0.63219777 0.04503225 0.63698084 0.30501995 0.40637021 0.14451507 0.99311034 0.33085289 0.38548599 0.59478782
0 0.60455709 0.14213808 0.22775587 0.01468614 0.52202818 0.98036718 0.97438036 0.10260120 0.08313578 0.19493203 0.33601457 0.75309644 0.88355112 0.05604641 0.31620921 0.21470105
0 0.48431979 0.43735069 0.54075471 0.47934065 0.43178468 0.59821093 0.27220689 0.68077901 0.29253985 0.02326230 0.98047435 0.39760951 0.31306496 0.03553585 0.51319934 0.40574855
0 0.00216636 0.68954688 0.36376537 0.60604744 0.40407770 0.27201209 0.27011617 0.56455313 0.08104951 0.59040197 0.39417264 0.34611267 0.85648341 0.11332354 0.62948567 0.09642969
0 0.18314374 0.94176804 0.16386404 0.13334594 0.59570533 0.53654711 0.28406905 0.14503427 0.08287316 0.10477975 0.55126779 0.46095432 0.37153614 0.55708189 0.89878999 0.26083544
0 0.05389363 0.98714930 0.90783343 0.01761603 0.20821985 0.69671333 0.50211598 0.43218217 0.66490837 0.89138833 0.56907248 0.61091279 0.35166484 0.30671909 0.56304740 0.26145230
0 0.21519281 0.18877422 0.97503509 0.23779599 0.06144470 0.24992266 0.66387095 0.85268766 0.28248528 0.44796737 0.43537919 0.99349245 0.84524295 0.69560090 0.92883328 0.22712252
0 0.10589966 0.89718574 0.82418790 0.76025686 0.98339755 0.03115183 0.61889154 0.33301105 0.77651622 0.34884246 0.73969193 0.86737615 0.44120213 0.14442898 0.55269655 0.96616060
0 0.45830695 0.96555348 0.91405296 0.16383292 0.51661956 0.58064848 0.26396537 0.16757667 0.11205163 0.49642061 0.90836422 0.19503374 0.82106452 0.32777517 0.05539913 0.91462593
0 0.44490084 0.86249721 0.37802470 0.42500845 0.44091108 0.23429386 0.35930263 0.17212369 0.05824223 0.22034178 0.44364317 0.69548715 0.37738162 0.31327230 0.06506177 0.61975176
0 0.01652619 0.88256658 0.95262805 0.36326073 0.61247345 0.43662158 0.72363512 0.62221325 0.30970739 0.72428680 0.66661991 0.80723138 0.39857915 0.17346098 0.78921600 0.25853040
0 0.93195812 0.95437711 0.65992210 0.24655931 0.61945710 0.77649261 0.30822118 0.47689173 0.54930992 0.38044142 0.46408646 0.06131193 0.32020830 0.57029290 0.71576238 0.69145474
0 0.97887974 0.54640238 0.74380992 0.05702162 0.75391588 0.24542663 0.64975719 0.38751040 0.95233678 0.37161673 0.53929846 0.36455856 0.54260328 0.81229016 0.94283506 0.55141584
0 0.88626623 0.17042265 0.36025456 0.91672461 0.80016772 0.21858962 0.20219521 0.99170117 0.63208636 0.18102573 0.66664449 0.69297493 0.31494489 0.88436097 0.63757242 0.86775699
0 0.42817504 0.98262941 0.52140149 0.17367284 0.13956136 0.65843752 0.04746679 0.99250872 0.52686191 0.42971625 0.45022145 0.69528501 0.18573064 0.95027161 0.12379419 0.72548387
0 0.21894257 0.98238651 0.79360699 0.64792268 0.67164957 0.04101646 0.48511311 0.52267882 0.22837109 0.56165995 0.08631630 0.70663532 0.51965087 0.82777457 0.09858464 0.45963101
0 0.69978682 0.30864734 0.24937311 0.53786297 0.05176841 0.50491888 0.00082137 0.29410295 0.25153201 0.87649781 0.62979390 0.67245360 0.58087128 0.93639295 0.47778205 0.88478444
0 0.81681645 0.13402834 0.17318865 0.48665159 0.74502289 0.72289625 0.11386747 0.03241901 0.24568527 0.40994163 0.26439133 0.48246369 0.68272159 0.21786118 0.37037460 0.05976081
0 0.89044615 0.65653867 0.02127652 0.30880866 0.39667873 0.99612771 0.60346474 0.69676855 0.64721243 0.16183200 0.07691825 0.21485679 0.90379058 0.52922197 0.68180218 0.08744235
0 0.17621803 0.68896631 0.13524731 0.87696571 0.01896051 0.07114525 0.61401926 0.98470998 0.27356068 0.17185230 0.83536358 0.79061863 0.87042728 0.00857940 0.84616478 0.44976859
0 0.61702954 0.34592020 0.70965905 0.66877120 0.49425607 0.17941493 0.13929109 0.62228827 0.35867368 0.94289915 0.27090847 0.53801333 0.10564841 0.91350833 0.18733697 0.37788382
0 0.28676741 0.32852875 0.51348331 0.47395230 0.89472701 0.79957442 0.38546195 0.93926061 0.52982883 0.71210898 0.36384552 0.16722316 0.44445215 0.43212026 0.40898861 0.75744124
0 0.02534797 0.30679463 0.86547750 0.76153296 0.11832557 0.64232689 0.51310910 0.22947870 0.22588054 0.06954087 0.13340416 0.65514476 0.01553812 0.96678501 0.71351188 0.06906303
0 0.76516369 0.89960567 0.36346352 0.20720804 0.34121774 0.35799093 0.25808542 0.39642688 0.05691001 0.42451573 0.43148234 0.54034142 0.28943351 0.39050903 0.04985449 0.86395689
0 0.04893594 0.75240213 0.86751242 0.88087403 0.78661255 0.46670697 0.93130590 0.38391685 0.60528105 0.81961162 0.24028452 0.12815190 0.69302563 0.77596985 0.99025931 0.27468874
0 0.23897406 0.21250026 0.23703558 0.59431560 0.30999781 0.01129976 0.29744012 0.89193843 0.16810231 0.59231531 0.97386585 0.10595515 0.29050063 0.09720665 0.73590992 0.06111158
0 0.91784058 0.10207187 0.32178198 0.90904879 0.30078177 0.43279716 0.83251126 0.87766665 0.94109565 0.38433025 0.28358253 0.06859158 0.03068846 0.40396726 0.75148280 0.69145081
0 0.98042284 0.08878055 0.70674180 0.30432019 0.40034131 0.16860526 0.86040115 0.34162516 0.14387080 0.99854060 0.86744863 0.45394031 0.06081406 0.96871131 0.52860550 0.95854565
0 0.91741068 0.15407363 0.71095617 0.00526247 0.53647633 0.47333960 0.06826163 0.89900566 0.58660622 0.60363163 0.78339893 0.38865302 0.60665488 0.90626965 0.97822109 0.63124678
0 0.79018056 0.65913094 0.14023330 0.97120617 0.77427024 0.96231275 0.90083224 0.63614382 0.17813641 0.78636629 0.76645809 0.94404361 0.91910453 0.76616003 0.95185903 0.64097041
0 0.39708576 0.50846932 0.29377075 0.54414768 0.48335691 0.37767813 0.33366408 0.75215142 0.87544516 0.95151811 0.04981622 0.30213454 0.78714286 0.59755903 0.39181207 0.30340842
0 0.13115299 0.91120375 0.72468406 0.25737355 0.32159363 0.07723004 0.52524990 0.48570452 0.57456520 0.56946032 0.18981046 0.33185907 0.11721204 0.98693023 0.61021959 0.07539475
0 0.02918514 0.23996454 0.25444142 0.30424097 0.53514066 0.74585988 0.84806052 0.82698820 0.44288431 0.77141119 0.39481294 0.07542005 0.07899916 0.56830862 0.19705700 0.34692826