0 0.51227025 0.48747079 0.74120496 0.16711459 0.07494659 0.82966891 0.79848745 0.51479727 0.19285727 0.79233559 0.85802498 0.64480462
0 0.31762493 0.50624128 0.05703157 0.76835156 0.31769693 0.82076017 0.10207780 0.90645947 0.02964041 0.19273682 0.28569168 0.81879345
0 0.79712429 0.76150297 0.59417751 0.02845558 0.73223853 0.45138430 0.07538441 0.61268628 0.12227581 0.73307489 0.08925790 0.61009038
0 0.87482938 0.49654690 0.79935900 0.60691863 0.14503583 0.34070138 0.28013781 0.30809861 0.32101899 0.46875602 0.91259872 0.67312442
0 0.35706728 0.29340395 0.32009756 0.50257734 0.03880359 0.80206731 0.95636118 0.19796445 0.14058329 0.71010784 0.59942240 0.78572598
0 0.59258254 0.43864631 0.42801429 0.19567625 0.71351560 0.99368158 0.06106978 0.21480734 0.28464643 0.89448865 0.92632369 0.49929817
0 0.74173635 0.40181499 0.59061623 0.52073640 0.04379643 0.43018241 0.23234825 0.34697409 0.84098919 0.69364198 0.26564039 0.71370242
0 0.40875143 0.83061773 0.23609959 0.92974476 0.44118627 0.48101394 0.49969817 0.77723126 0.20399883 0.54755072 0.86912210 0.71723255
0 0.73572708 0.16333042 0.36604665 0.39209385 0.75574546 0.20892757 0.45314960 0.62762516 0.68849558 0.57483332 0.63627263 0.88146694
0 0.74562506 0.74887503 0.12499489 0.35836509 0.32119179 0.72327033 0.31898216 0.81875274 0.04981795 0.66226385 0.24782850 0.44395090
0 0.75365403 0.24883473 0.73370756 0.98946343 0.16124006 0.13775099 0.96900282 0.85725655 0.71982827 0.48228686 0.40518775 0.64857676
0 0.04245658 0.07320734 0.33457782 0.22077497 0.53204061 0.23116431 0.31317856 0.26476930 0.50697719 0.22743669 0.62070489 0.94419228
0 0.71622925 0.67298658 0.28294894 0.19293313 0.47658901 0.01209269 0.79202462 0.85469883 0.79079218 0.98436062 0.55161947 0.96638279
0 0.71238307 0.67769964 0.24723503 0.13644324 0.91170680 0.58489356 0.79549947 0.15015798 0.86713117 0.89768356 0.26198665 0.64553579
0 0.35657790 0.12481871 0.15357885 0.94682922 0.95666888 0.00431991 0.78926022 0.91700744 0.07026998 0.59524143 0.03233104 0.99621174
0 0.59794140 0.38050384 0.52738377 0.43013056 0.74478030 0.18991053 0.72698312 0.06039465 0.61136784 0.76124963 0.41584504 0.94850775
0 0.15600903 0.79742208 0.14440953 0.53549104 0.83518116 0.44882526 0.96905549 0.00133508 0.73008238 0.25276147 0.16280562 0.98151575
0 0.24939890 0.69542858 0.10822243 0.82224576 0.56188554 0.72709017 0.41329714 0.11179662 0.75708187 0.75731112 0.40148497 0.31214065
0 0.35846100 0.88468332 0.51864209 0.93332592 0.22053664 0.37425611 0.87247075 0.84241200 0.02992908 0.68592435 0.07418106 0.97945767
0 0.60011797 0.67831644 0.78742903 0.96496621 0.90058655 0.96526331 0.90619237 0.82635774 0.29328770 0.78571941 0.08109692 0.34545245
0 0.76283985 0.16304435 0.39280827 0.33461230 0.02158629 0.57584414 0.33145458 0.48610290 0.24662888 0.84010951 0.88264832 0.30740154
0 0.86317302 0.41117786 0.44352597 0.05459118 0.22699786 0.85408441 0.49632654 0.50664431 0.27859161 0.80215767 0.45238123 0.88531495
0 0.24246942 0.32625239 0.84598804 0.21852038 0.22741673 0.27080366 0.10549685 0.96950931 0.14687814 0.77792323 0.45803189 0.80977628
0 0.72343856 0.91704978 0.13463021 0.00059673 0.46731968 0.06520276 0.93417625 0.96622115 0.42604095 0.44167888 0.37736433 0.29118031
0 0.19087221 0.99106973 0.13602197 0.55481873 0.11542971 0.62976763 0.15847944 0.12808611 0.95274573 0.72366581 0.92827107 0.30078188
0 0.14936722 0.54854851 0.59130730 0.88186131 0.84851603 0.39970545 0.26575605 0.72107570 0.24906983 0.96359396 0.70922490 0.43713395
0 0.34309932 0.54191149 0.65943683 0.00573558 0.21192379 0.72722998 0.58744332 0.76024089 0.99912388 0.16938294 0.30652091 0.78840654
0 0.39867661 0.14308475 0.86524838 0.67053002 0.99735489 0.72980114 0.41986343 0.99750992 0.09275947 0.56067877 0.32884928 0.13174305
0 0.67182871 0.23238054 0.54180331 0.22944384 0.07939743 0.70396294 0.46499118 0.62988510 0.53235301 0.21047034 0.87759162 0.33522351
0 0.04216345 0.48771035 0.14548847 0.45398737 0.49702865 0.39271335 0.93356847 0.16196780 0.62463245 0.32566858 0.85283436 0.94616918
0 0.30745006 0.21166803 0.99524477 0.64063824 0.25479171 0.18437836 0.10704379 0.03740549 0.34923984 0.52880047 0.23044490 0.66143669
0 0.07986401 0.88656505 0.00388507 0.63540621 0.35057418 0.20475186 0.45266680 0.42826793 0.60919936 0.41800907 0.02465730 0.68101375
0 0.68135539 0.39378850 0.82981549 0.23367358 0.91289215 0.24180161 0.52766918 0.93952474 0.22568732 0.69133980 0.07346639 0.84564323
0 0.47377937 0.87389193 0.58157592 0.84334231 0.05031069 0.51353123 0.89381475 0.94770947 0.04047658 0.22383223 0.05073016 0.95236523
0 0.34165373 0.33761797 0.75546731 0.32373274 0.07910760 0.45462667 0.09270345 0.84852015 0.33415502 0.68222572 0.21923248 0.72878245
0 0.67138459 0.36559062 0.47813426 0.53084313 0.20251456 0.95630487 0.40506531 0.63752046 0.95669398 0.55212635 0.39305887 0.62751667
0 0.14052922 0.55570442 0.36132352 0.31149329 0.46584556 0.84632154 0.63388172 0.99126867 0.09916888 0.83627159 0.37549085 0.87673934
0 0.94413997 0.79227680 0.35514075 0.49453936 0.90654977 0.84238374 0.51152383 0.35311716 0.51141151 0.16006834 0.78022467 0.09082257
0 0.74246073 0.91981852 0.90897843 0.82676126 0.25670229 0.75225233 0.53519806 0.45858767 0.19009911 0.59186876 0.62907275 0.20707165
0 0.61522389 0.00681679 0.51589073 0.79418815 0.33767248 0.32760814 0.08284195 0.25964314 0.12526296 0.15048763 0.44840722 0.57016338