473.26515388661363,472.0929654328327,475.62322227962716,473.48483796721763,477.44983820915616,474.7286844582011,476.30075647563865,473.0159444495067,473.3075853717224,474.59266389851996,477.5179645059522,472.47780549806606,471.4621176450964,473.00541354590337,474.27922541220073,474.35457224367815,476.98910388050183,471.73461057778724,476.1845550366266,474.715948765565,476.0021393775812,476.64785125194635,477.431583680206,472.57697863891826,479.1382801230861,473.069871254809,475.04780257658325,474.18902582433736,472.97260633082965,475.53219474654134,
DE统计信息：
size = 50
iters = 3000
nfes = 150000
sum = 14239.191303345251
min = 471.4621176450964
max = 479.1382801230861
mean = 474.63971011150835
std = 1.970714983647322
totaltime = 1736.83s
avgtime = 57.89433333333333s
最优解：
Solution{id=39, content=[2, 4, 1, 8, 2, 5, 5, 2, 3, 5, 2, 3, 3, 3, 2, 4, 3, 4, 3, 4, 2, 5, 1, 3, 5, 4, 5, 2, 4, 3, 2, 2, 3, 5, 2, 1, 5, 3, 4, 4, 2, 5, 3, 4, 5, 5, 1, 3, 2, 1, 5, 9, 3, 2, 5, 2, 2, 10, 3, 1, 7, 3, 1, 3, 2, 3, 4, 4, 3, 1, 3, 4, 9, 2, 1, 5, 4, 5, 9, 2, 4, 5, 3, 4, 1, 2, 4, 3, 3, 0, 4, 2, 5, 4, 1, 3, 5, 2, 3, 9, 1, 1, 10, 0, 1, 8, 1, 2, 1, 1, 3, 5, 1, 3, 7, 3, 3, 6, 3, 4, 9, 3, 3, 7, 3, 2, 9, 1, 2, 3, 3, 5, 8, 3, 5, 5, 3, 0, 7, 2, 0, 2, 2, 5, 4, 2, 5, 8, 3, 4, 4, 4, 2, 5, 3, 1, 3, 3, 4, 5, 3, 3, 9, 1, 1, 9, 2, 2, 7, 3, 4, 5, 3, 2, 6, 4, 4, 9, 1, 5, 9, 4, 1, 3, 2, 4, 1, 3, 5, 5, 3, 5, 8, 2, 4, 5, 3, 4, 7, 3, 2, 2, 2, 2, 2, 2, 2, 6, 3, 5, 1, 4, 4, 9, 2, 1, 4, 2, 5, 1, 3, 1, 7, 3, 1, 4, 3, 3, 4, 3, 4, 8, 1, 3, 5, 2, 1, 6, 4, 2, 8, 2, 1, 8, 3, 5, 8, 2, 1, 3, 3, 2, 6, 3, 3, 4, 2, 4, 8, 4, 2, 2, 3, 1, 1, 3, 3, 5, 1, 1, 4, 3, 2, 3, 3, 1, 5, 2, 1, 2, 2, 4, 6, 3, 3, 10, 3, 3, 4, 3, 5, 8, 4, 1, 8, 4, 4, 8, 3, 1, 4, 2, 3, 3, 4, 4, 8, 1, 2, 6, 1, 2, 8, 2, 4, 6, 2, 5, 5, 2, 4, 4, 3, 4, 8, 3, 5, 3, 4, 2, 5, 3, 2, 7, 1, 4, 6, 4, 4, 9, 1, 5, 5, 4, 3, 7, 4, 5, 6, 3, 1, 7, 1, 3, 4, 2, 2, 6, 2, 5, 7, 3, 3, 5, 2, 4, 8, 2, 3, 5, 3, 2, 7, 2, 2, 3, 4, 3, 7, 4, 1, 10, 1, 3, 4, 2, 3, 4, 3, 2, 10, 2, 3, 9, 3, 1, 5, 1, 3, 8, 4, 1, 2, 2, 2, 5, 2, 1, 5, 4, 5, 4, 3, 5, 4, 3, 4, 7, 4, 4, 6, 3, 1, 5, 2, 5, 1, 2, 1, 7, 3, 2, 5, 3, 4, 4, 2, 3, 7, 4, 2, 5, 2, 4, 8, 3, 3, 9, 2, 1, 3, 4, 3, 4, 2, 3, 8, 4, 2, 2, 3, 1, 5, 3, 4, 5, 3, 1, 4, 2, 2, 2, 3, 3, 4, 3, 1, 10, 4, 3, 8, 4, 3, 5, 2, 3, 8, 2, 3, 5, 3, 5, 4, 3, 1, 7, 2, 2, 1, 1, 2, 4, 3, 1, 5, 3, 2, 5, 4, 1, 2, 3, 2, 1, 1, 1, 7, 2, 4, 1, 1, 5, 6, 2, 3, 8, 3, 1, 2, 3, 1, 3, 2, 3, 4, 1, 5, 1, 3, 4, 8, 2, 5, 8, 4, 4, 5, 4, 1, 3, 3, 1, 10, 4, 4, 1, 2, 3, 9, 3, 1, 8, 3, 2, 1, 3, 1, 5, 2, 2, 8, 4, 1, 7, 3, 1, 2, 4, 4, 4, 1, 3, 8, 1, 1, 5, 3, 1, 5, 3, 3, 3, 1, 1, 7, 3, 4, 5, 2, 3, 5, 4, 3, 5, 1, 2, 5, 2, 2, 5, 0, 4, 7, 4, 2, 1, 3, 1, 8, 2, 1, 9, 3, 3, 5, 1, 4, 7, 1, 4, 4, 1, 3, 7, 4, 3, 3, 3, 5, 4, 1, 5, 5, 2, 3, 3, 2, 4, 10, 1, 0, 8, 2, 4, 1, 2, 4, 5, 3, 4, 5, 2, 1, 5, 3, 5, 4, 4, 4, 8, 3, 1, 5, 1, 2, 8, 4, 2, 5, 1, 3, 5, 1, 3, 6, 1, 5, 5, 2, 5, 4, 0, 3, 9, 4, 2, 8, 2, 1, 4, 3, 5, 2, 3, 3, 5, 1, 2], dimension=708, value=479.1382801230861, stages=0, time=586.7502371066173}
最差解：
Solution{id=22, content=[3, 1, 2, 3, 2, 3, 9, 3, 4, 7, 3, 5, 5, 2, 3, 8, 1, 1, 7, 3, 1, 3, 2, 5, 3, 4, 5, 8, 3, 4, 6, 2, 2, 4, 4, 3, 4, 1, 2, 7, 2, 4, 5, 4, 3, 5, 2, 3, 5, 3, 3, 9, 3, 3, 2, 1, 2, 7, 3, 2, 4, 3, 2, 6, 3, 4, 5, 4, 4, 3, 1, 3, 1, 2, 3, 10, 1, 2, 6, 3, 4, 4, 3, 2, 8, 3, 1, 8, 3, 3, 2, 2, 3, 8, 4, 1, 5, 4, 2, 3, 2, 5, 2, 2, 5, 9, 4, 4, 9, 2, 4, 5, 4, 5, 5, 3, 2, 4, 2, 4, 4, 3, 5, 7, 2, 2, 5, 3, 4, 6, 4, 5, 3, 3, 4, 3, 3, 3, 7, 2, 3, 10, 2, 3, 6, 3, 4, 10, 4, 2, 2, 4, 5, 7, 3, 2, 10, 3, 1, 4, 1, 5, 2, 1, 2, 6, 3, 2, 7, 3, 4, 6, 4, 5, 9, 1, 3, 5, 1, 2, 6, 4, 2, 9, 3, 1, 7, 4, 3, 7, 2, 2, 6, 3, 5, 8, 4, 2, 7, 3, 1, 9, 1, 1, 5, 3, 1, 3, 3, 4, 2, 4, 5, 5, 3, 3, 9, 1, 3, 8, 1, 5, 2, 4, 2, 1, 0, 2, 9, 3, 4, 7, 0, 4, 3, 2, 5, 9, 1, 4, 4, 2, 4, 6, 3, 4, 4, 3, 1, 8, 3, 3, 8, 4, 2, 1, 3, 2, 5, 3, 3, 8, 2, 3, 6, 3, 4, 5, 2, 1, 6, 2, 3, 4, 4, 4, 9, 3, 3, 3, 3, 2, 8, 0, 5, 5, 3, 3, 9, 4, 3, 1, 4, 0, 3, 2, 3, 7, 3, 3, 4, 1, 3, 10, 3, 5, 2, 1, 2, 9, 2, 4, 3, 2, 1, 7, 3, 3, 6, 2, 1, 2, 1, 4, 4, 3, 0, 4, 2, 2, 5, 3, 5, 7, 2, 2, 2, 2, 1, 6, 2, 2, 5, 1, 4, 5, 4, 1, 8, 1, 5, 4, 2, 3, 5, 1, 3, 5, 3, 3, 6, 3, 2, 7, 2, 3, 5, 1, 5, 5, 3, 0, 6, 4, 2, 5, 3, 2, 1, 4, 4, 5, 4, 4, 8, 2, 2, 7, 3, 4, 7, 3, 2, 6, 4, 3, 6, 1, 1, 4, 4, 4, 9, 0, 3, 9, 2, 3, 5, 3, 5, 8, 2, 3, 3, 1, 3, 8, 3, 5, 8, 2, 1, 4, 2, 0, 10, 0, 2, 7, 4, 4, 5, 3, 3, 7, 2, 3, 6, 3, 2, 3, 3, 2, 8, 2, 1, 4, 2, 5, 5, 4, 4, 5, 1, 1, 9, 3, 2, 4, 2, 5, 4, 0, 5, 9, 2, 5, 5, 3, 3, 9, 3, 3, 4, 4, 5, 4, 3, 3, 8, 4, 4, 9, 3, 2, 9, 2, 4, 7, 2, 5, 2, 2, 4, 6, 1, 2, 6, 4, 4, 8, 3, 2, 6, 3, 1, 4, 0, 2, 8, 3, 0, 5, 0, 3, 9, 1, 4, 8, 2, 5, 6, 1, 4, 5, 2, 1, 5, 2, 1, 9, 1, 5, 5, 3, 2, 10, 3, 2, 9, 2, 1, 3, 4, 1, 6, 2, 2, 7, 3, 3, 9, 4, 4, 6, 3, 2, 5, 2, 0, 4, 3, 1, 7, 1, 4, 3, 4, 4, 8, 1, 5, 8, 1, 1, 3, 4, 2, 6, 4, 1, 2, 2, 1, 5, 3, 2, 9, 1, 3, 6, 4, 0, 2, 2, 0, 7, 2, 1, 4, 2, 3, 9, 3, 1, 9, 3, 4, 8, 2, 4, 7, 4, 3, 7, 1, 2, 5, 1, 4, 5, 2, 3, 5, 3, 4, 4, 3, 1, 8, 1, 2, 10, 2, 3, 7, 2, 5, 2, 4, 3, 8, 4, 5, 10, 3, 3, 6, 3, 4, 9, 3, 4, 2, 3, 5, 4, 3, 1, 10, 3, 2, 4, 4, 4, 5, 1, 5, 10, 1, 4, 4, 2, 3, 7, 4, 1, 3, 3, 4, 4, 3, 1, 8, 3, 4, 8, 2, 1, 6, 3, 4, 5, 4, 3, 9, 2, 3, 6, 2, 1, 7, 1, 1, 5, 3, 5], dimension=708, value=471.4621176450964, stages=0, time=555.058591701938}
