485.3823669310155,483.44598974092787,483.3461321963056,482.85149758675726,482.4882543535123,486.4052310937444,484.0636055227549,485.275081556581,483.5415908826223,486.1808450114495,483.71873797298144,484.29337896153,484.0386343104198,481.1002233672909,484.4439858898242,484.14890972128677,484.31405410544716,484.69102832627254,482.43270507247826,483.1651379904217,483.4477107003536,485.0855441014236,482.74383776431455,481.77572605817574,481.27095998683103,479.64900541845384,485.30661161568815,483.77435845903113,481.5978591284632,486.1154199783315,
DEDNSPSO统计信息：
size = 50
iters = 3000
nfes = 150000
sum = 14510.09442380469
min = 479.64900541845384
max = 486.4052310937444
mean = 483.66981412682304
std = 1.6003840375180376
totaltime = 1935.637s
avgtime = 64.52123333333333s
最优解：
Particle{, pBest=Solution{id=0, content=[5, 2, 3, 6, 3, 2, 6, 3, 2, 5, 2, 4, 4, 3, 2, 8, 2, 1, 4, 3, 2, 4, 3, 2, 4, 3, 0, 5, 2, 4, 5, 2, 2, 7, 2, 4, 6, 4, 3, 5, 2, 2, 8, 3, 1, 10, 2, 3, 5, 2, 2, 1, 3, 1, 2, 3, 5, 4, 3, 2, 2, 1, 3, 5, 2, 2, 5, 0, 3, 4, 2, 1, 5, 3, 1, 7, 3, 1, 2, 1, 5, 7, 2, 4, 5, 3, 4, 8, 2, 1, 7, 2, 3, 5, 1, 2, 5, 3, 1, 1, 2, 2, 8, 1, 1, 5, 1, 3, 6, 2, 2, 5, 1, 2, 2, 3, 1, 5, 3, 0, 6, 1, 4, 6, 1, 1, 5, 3, 1, 4, 2, 3, 1, 2, 3, 5, 2, 3, 7, 3, 4, 8, 2, 2, 7, 2, 2, 5, 4, 4, 5, 2, 3, 5, 2, 3, 4, 1, 4, 8, 3, 3, 5, 2, 3, 8, 2, 1, 4, 2, 2, 4, 1, 2, 8, 1, 1, 5, 2, 1, 4, 1, 2, 4, 2, 1, 6, 3, 4, 8, 3, 1, 4, 1, 1, 7, 2, 3, 5, 3, 3, 8, 2, 4, 5, 2, 3, 1, 2, 3, 2, 2, 2, 1, 3, 1, 7, 3, 2, 9, 0, 2, 7, 2, 1, 8, 1, 4, 4, 4, 4, 5, 1, 3, 4, 1, 2, 6, 3, 1, 6, 3, 5, 7, 2, 3, 9, 3, 4, 6, 2, 2, 5, 1, 2, 5, 1, 1, 4, 3, 4, 8, 3, 3, 5, 1, 5, 2, 2, 4, 7, 2, 1, 6, 3, 4, 1, 1, 4, 8, 2, 3, 8, 1, 2, 9, 2, 3, 2, 2, 2, 5, 3, 2, 7, 3, 2, 8, 2, 2, 5, 1, 3, 4, 3, 4, 2, 3, 1, 4, 3, 2, 7, 2, 4, 4, 3, 2, 8, 3, 1, 3, 3, 2, 5, 4, 4, 1, 0, 2, 5, 1, 2, 7, 3, 3, 5, 4, 3, 5, 3, 3, 8, 1, 2, 5, 2, 3, 7, 2, 3, 4, 2, 5, 6, 2, 1, 7, 2, 4, 7, 3, 4, 5, 1, 5, 6, 2, 2, 5, 1, 2, 4, 3, 1, 7, 2, 2, 8, 1, 3, 7, 3, 1, 5, 2, 3, 5, 3, 4, 7, 2, 1, 3, 3, 1, 7, 3, 3, 5, 1, 2, 7, 2, 5, 5, 4, 4, 8, 1, 2, 4, 2, 4, 5, 1, 3, 5, 4, 2, 4, 1, 2, 5, 3, 4, 6, 2, 1, 7, 2, 2, 2, 2, 2, 8, 1, 3, 5, 1, 3, 5, 2, 3, 5, 3, 1, 7, 3, 1, 4, 1, 2, 7, 2, 1, 5, 4, 4, 2, 3, 3, 4, 2, 1, 9, 2, 4, 4, 3, 4, 1, 2, 2, 5, 3, 5, 1, 4, 2, 4, 4, 2, 9, 1, 1, 2, 2, 4, 5, 2, 4, 9, 1, 3, 2, 2, 5, 5, 3, 5, 8, 1, 4, 6, 1, 1, 1, 2, 1, 5, 1, 4, 5, 3, 4, 2, 3, 2, 4, 1, 4, 7, 2, 3, 5, 2, 3, 4, 3, 4, 8, 3, 4, 2, 2, 3, 5, 3, 3, 2, 3, 4, 5, 1, 3, 5, 2, 3, 5, 3, 1, 5, 2, 1, 7, 2, 5, 8, 2, 1, 10, 4, 1, 5, 2, 3, 5, 3, 5, 6, 0, 4, 5, 3, 5, 8, 1, 4, 6, 1, 1, 5, 4, 5, 6, 1, 4, 7, 2, 3, 5, 3, 2, 8, 2, 4, 6, 2, 3, 3, 3, 1, 8, 1, 2, 5, 1, 5, 5, 3, 1, 5, 3, 3, 6, 2, 4, 5, 2, 1, 3, 4, 3, 6, 3, 4, 4, 3, 5, 1, 2, 3, 4, 2, 3, 1, 4, 3, 7, 1, 4, 8, 1, 3, 5, 2, 2, 3, 3, 4, 6, 3, 1, 7, 3, 1, 7, 2, 3, 6, 2, 1, 10, 1, 1, 8, 3, 1, 7, 2, 3, 6, 1, 4, 5, 1, 4, 4, 2, 2, 4, 4, 2, 5, 2, 4, 8, 2, 1, 5, 2, 3, 5, 1, 5, 10, 1, 1, 6, 3, 1, 4, 2, 1, 5, 3, 3], dimension=0, value=486.4052310937444, stages=0, time=0.0}Solution{id=32, content=[5, 2, 3, 6, 3, 2, 6, 3, 2, 5, 2, 4, 4, 3, 2, 8, 2, 1, 4, 3, 2, 4, 3, 2, 4, 3, 0, 5, 2, 4, 5, 2, 2, 7, 2, 4, 6, 4, 3, 5, 2, 2, 8, 3, 1, 10, 2, 3, 5, 2, 2, 1, 3, 1, 2, 3, 5, 4, 3, 2, 2, 1, 3, 5, 2, 2, 5, 0, 3, 4, 2, 1, 5, 3, 1, 7, 3, 1, 2, 1, 5, 7, 2, 4, 5, 3, 4, 8, 2, 1, 7, 2, 3, 5, 1, 2, 5, 3, 1, 1, 2, 2, 8, 1, 1, 5, 1, 3, 6, 2, 2, 5, 1, 2, 2, 3, 1, 5, 3, 0, 6, 1, 4, 6, 1, 1, 5, 3, 1, 4, 2, 3, 1, 2, 3, 5, 2, 3, 7, 3, 4, 8, 2, 2, 7, 2, 2, 5, 4, 4, 5, 2, 3, 5, 2, 3, 4, 1, 4, 8, 3, 3, 5, 2, 3, 8, 2, 1, 4, 2, 2, 4, 1, 2, 8, 1, 1, 5, 2, 1, 4, 1, 2, 4, 2, 1, 6, 3, 4, 8, 3, 1, 4, 1, 1, 7, 2, 3, 5, 3, 3, 8, 2, 4, 5, 2, 3, 1, 2, 3, 2, 2, 2, 1, 3, 1, 7, 3, 2, 9, 0, 2, 7, 2, 1, 8, 1, 4, 4, 4, 4, 5, 1, 3, 4, 1, 2, 6, 3, 1, 6, 3, 5, 7, 2, 3, 9, 3, 4, 6, 2, 2, 5, 1, 2, 5, 1, 1, 4, 3, 4, 8, 3, 3, 5, 1, 5, 2, 2, 4, 7, 2, 1, 6, 3, 4, 1, 1, 4, 8, 2, 3, 8, 1, 2, 9, 2, 3, 2, 2, 2, 5, 3, 2, 7, 3, 2, 8, 2, 2, 5, 1, 3, 4, 3, 4, 2, 3, 1, 4, 3, 2, 7, 2, 4, 4, 3, 2, 8, 3, 1, 3, 3, 2, 5, 4, 4, 1, 0, 2, 5, 1, 2, 7, 3, 3, 5, 4, 3, 5, 3, 3, 8, 1, 2, 5, 2, 3, 7, 2, 3, 4, 2, 5, 6, 2, 1, 7, 2, 4, 7, 3, 4, 5, 1, 5, 6, 2, 2, 5, 1, 2, 4, 3, 1, 7, 2, 2, 8, 1, 3, 7, 3, 1, 5, 2, 3, 5, 3, 4, 7, 2, 1, 3, 3, 1, 7, 3, 3, 5, 1, 2, 7, 2, 5, 5, 4, 4, 8, 1, 2, 4, 2, 4, 5, 1, 3, 5, 4, 2, 4, 1, 2, 5, 3, 4, 6, 2, 1, 7, 2, 2, 2, 2, 2, 8, 1, 3, 5, 1, 3, 5, 2, 3, 5, 3, 1, 7, 3, 1, 4, 1, 2, 7, 2, 1, 5, 4, 4, 2, 3, 3, 4, 2, 1, 9, 2, 4, 4, 3, 4, 1, 2, 2, 5, 3, 5, 1, 4, 2, 4, 4, 2, 9, 1, 1, 2, 2, 4, 5, 2, 4, 9, 1, 3, 2, 2, 5, 5, 3, 5, 8, 1, 4, 6, 1, 1, 1, 2, 1, 5, 1, 4, 5, 3, 4, 2, 3, 2, 4, 1, 4, 7, 2, 3, 5, 2, 3, 4, 3, 4, 8, 3, 4, 2, 2, 3, 5, 3, 3, 2, 3, 4, 5, 1, 3, 5, 2, 3, 5, 3, 1, 5, 2, 1, 7, 2, 5, 8, 2, 1, 10, 4, 1, 5, 2, 3, 5, 3, 5, 6, 0, 4, 5, 3, 5, 8, 1, 4, 6, 1, 1, 5, 4, 5, 6, 1, 4, 7, 2, 3, 5, 3, 2, 8, 2, 4, 6, 2, 3, 3, 3, 1, 8, 1, 2, 5, 1, 5, 5, 3, 1, 5, 3, 3, 6, 2, 4, 5, 2, 1, 3, 4, 3, 6, 3, 4, 4, 3, 5, 1, 2, 3, 4, 2, 3, 1, 4, 3, 7, 1, 4, 8, 1, 3, 5, 2, 2, 3, 3, 4, 6, 3, 1, 7, 3, 1, 7, 2, 3, 6, 2, 1, 10, 1, 1, 8, 3, 1, 7, 2, 3, 6, 1, 4, 5, 1, 4, 4, 2, 2, 4, 4, 2, 5, 2, 4, 8, 2, 1, 5, 2, 3, 5, 1, 5, 10, 1, 1, 6, 3, 1, 4, 2, 1, 5, 3, 3], dimension=708, value=486.4052310937444, stages=0, time=599.7377303148575}} 
最差解：
Particle{, pBest=Solution{id=0, content=[6, 1, 2, 6, 1, 1, 4, 4, 1, 5, 4, 4, 2, 2, 3, 8, 3, 1, 5, 1, 1, 4, 1, 2, 8, 0, 1, 8, 1, 2, 8, 2, 3, 3, 2, 2, 4, 3, 3, 5, 3, 1, 8, 3, 5, 10, 4, 1, 4, 3, 1, 4, 3, 2, 9, 1, 5, 3, 4, 2, 5, 3, 2, 4, 1, 1, 6, 3, 3, 9, 4, 1, 5, 3, 3, 5, 3, 5, 9, 3, 1, 8, 1, 3, 9, 4, 3, 7, 2, 3, 5, 4, 3, 8, 2, 3, 4, 3, 1, 5, 1, 2, 5, 0, 3, 5, 3, 5, 10, 3, 1, 7, 3, 1, 9, 4, 2, 1, 2, 2, 5, 3, 3, 9, 1, 4, 8, 1, 4, 8, 2, 0, 1, 1, 2, 2, 3, 1, 4, 3, 3, 5, 4, 2, 1, 2, 2, 8, 2, 3, 8, 2, 4, 6, 1, 1, 5, 3, 3, 8, 1, 3, 7, 3, 5, 2, 2, 3, 4, 2, 1, 8, 3, 1, 2, 2, 3, 9, 3, 1, 4, 1, 2, 2, 4, 5, 5, 3, 4, 4, 2, 3, 5, 2, 4, 3, 3, 1, 5, 1, 4, 9, 2, 4, 5, 2, 0, 10, 4, 4, 8, 2, 1, 5, 4, 2, 4, 2, 2, 9, 1, 2, 4, 2, 4, 6, 2, 2, 3, 3, 4, 1, 3, 2, 8, 4, 1, 2, 3, 2, 2, 1, 5, 4, 1, 1, 6, 2, 4, 2, 2, 3, 7, 2, 1, 6, 3, 5, 5, 0, 4, 2, 2, 1, 3, 4, 3, 5, 2, 2, 5, 2, 3, 9, 1, 1, 5, 3, 1, 5, 4, 0, 4, 2, 1, 9, 2, 3, 8, 4, 2, 8, 2, 2, 3, 3, 3, 6, 4, 3, 4, 3, 3, 3, 2, 5, 6, 2, 3, 7, 2, 2, 2, 3, 1, 2, 4, 3, 5, 3, 1, 8, 3, 3, 1, 2, 1, 8, 3, 2, 6, 3, 1, 5, 1, 4, 7, 2, 1, 8, 1, 4, 5, 2, 3, 7, 2, 3, 4, 2, 4, 3, 1, 2, 5, 1, 1, 1, 2, 3, 8, 3, 5, 3, 2, 4, 1, 3, 4, 5, 2, 3, 5, 2, 4, 6, 2, 1, 4, 1, 0, 4, 3, 2, 3, 3, 1, 7, 2, 3, 5, 2, 2, 2, 1, 3, 2, 2, 2, 2, 2, 1, 10, 0, 1, 8, 2, 3, 1, 1, 2, 7, 1, 4, 8, 2, 1, 5, 2, 1, 9, 1, 2, 3, 3, 1, 5, 1, 5, 4, 1, 2, 9, 0, 3, 1, 0, 2, 8, 2, 2, 5, 2, 5, 4, 3, 3, 6, 2, 2, 6, 3, 1, 5, 1, 3, 5, 4, 1, 5, 2, 3, 2, 3, 2, 7, 3, 1, 5, 2, 3, 5, 1, 3, 7, 2, 1, 5, 4, 5, 3, 1, 2, 5, 2, 5, 8, 2, 3, 7, 2, 2, 8, 3, 5, 1, 0, 4, 2, 1, 4, 7, 3, 2, 5, 4, 4, 4, 1, 5, 5, 0, 5, 5, 4, 4, 4, 4, 2, 5, 3, 5, 4, 0, 4, 5, 1, 0, 2, 3, 1, 2, 1, 3, 5, 0, 4, 4, 2, 2, 4, 4, 2, 5, 0, 4, 7, 3, 5, 5, 3, 2, 9, 2, 3, 4, 2, 4, 9, 1, 1, 1, 3, 2, 7, 3, 4, 2, 2, 2, 2, 1, 2, 7, 3, 4, 3, 1, 3, 1, 1, 1, 8, 2, 3, 4, 2, 2, 10, 1, 1, 8, 2, 1, 4, 1, 4, 5, 3, 1, 7, 1, 1, 8, 3, 3, 2, 1, 3, 8, 1, 4, 5, 2, 2, 5, 1, 3, 5, 3, 4, 2, 1, 3, 2, 0, 3, 4, 3, 2, 5, 1, 4, 1, 1, 3, 5, 2, 4, 5, 1, 5, 4, 2, 1, 5, 3, 3, 8, 2, 5, 2, 4, 1, 6, 1, 5, 5, 2, 1, 8, 3, 3, 2, 0, 2, 4, 3, 3, 2, 1, 2, 4, 3, 2, 8, 4, 1, 5, 3, 5, 7, 1, 3, 4, 1, 2, 3, 3, 5, 9, 3, 1, 1, 0, 4, 7, 3, 4, 4, 3, 1, 5, 4, 1, 8, 3, 4], dimension=0, value=479.64900541845384, stages=0, time=0.0}Solution{id=0, content=[6, 1, 2, 6, 1, 1, 4, 4, 1, 5, 4, 4, 2, 2, 3, 8, 3, 1, 5, 1, 1, 4, 1, 2, 8, 0, 1, 8, 1, 2, 8, 2, 3, 3, 2, 2, 4, 3, 3, 5, 3, 1, 8, 3, 5, 10, 4, 1, 4, 3, 1, 4, 3, 2, 9, 1, 5, 3, 4, 2, 5, 3, 2, 4, 1, 1, 6, 3, 3, 9, 4, 1, 5, 3, 3, 5, 3, 5, 9, 3, 1, 8, 1, 3, 9, 4, 3, 7, 2, 3, 5, 4, 3, 8, 2, 3, 4, 3, 1, 5, 1, 2, 5, 0, 3, 5, 3, 5, 10, 3, 1, 7, 3, 1, 9, 4, 2, 1, 2, 2, 5, 3, 3, 9, 1, 4, 8, 1, 4, 8, 2, 0, 1, 1, 2, 2, 3, 1, 4, 3, 3, 5, 4, 2, 1, 2, 2, 8, 2, 3, 8, 2, 4, 6, 1, 1, 5, 3, 3, 8, 1, 3, 7, 3, 5, 2, 2, 3, 4, 2, 1, 8, 3, 1, 2, 2, 3, 9, 3, 1, 4, 1, 2, 2, 4, 5, 5, 3, 4, 4, 2, 3, 5, 2, 4, 3, 3, 1, 5, 1, 4, 9, 2, 4, 5, 2, 0, 10, 4, 4, 8, 2, 1, 5, 4, 2, 4, 2, 2, 9, 1, 2, 4, 2, 4, 6, 2, 2, 3, 3, 4, 1, 3, 2, 8, 4, 1, 2, 3, 2, 2, 1, 5, 4, 1, 1, 6, 2, 4, 2, 2, 3, 7, 2, 1, 6, 3, 5, 5, 0, 4, 2, 2, 1, 3, 4, 3, 5, 2, 2, 5, 2, 3, 9, 1, 1, 5, 3, 1, 5, 4, 0, 4, 2, 1, 9, 2, 3, 8, 4, 2, 8, 2, 2, 3, 3, 3, 6, 4, 3, 4, 3, 3, 3, 2, 5, 6, 2, 3, 7, 2, 2, 2, 3, 1, 2, 4, 3, 5, 3, 1, 8, 3, 3, 1, 2, 1, 8, 3, 2, 6, 3, 1, 5, 1, 4, 7, 2, 1, 8, 1, 4, 5, 2, 3, 7, 2, 3, 4, 2, 4, 3, 1, 2, 5, 1, 1, 1, 2, 3, 8, 3, 5, 3, 2, 4, 1, 3, 4, 5, 2, 3, 5, 2, 4, 6, 2, 1, 4, 1, 0, 4, 3, 2, 3, 3, 1, 7, 2, 3, 5, 2, 2, 2, 1, 3, 2, 2, 2, 2, 2, 1, 10, 0, 1, 8, 2, 3, 1, 1, 2, 7, 1, 4, 8, 2, 1, 5, 2, 1, 9, 1, 2, 3, 3, 1, 5, 1, 5, 4, 1, 2, 9, 0, 3, 1, 0, 2, 8, 2, 2, 5, 2, 5, 4, 3, 3, 6, 2, 2, 6, 3, 1, 5, 1, 3, 5, 4, 1, 5, 2, 3, 2, 3, 2, 7, 3, 1, 5, 2, 3, 5, 1, 3, 7, 2, 1, 5, 4, 5, 3, 1, 2, 5, 2, 5, 8, 2, 3, 7, 2, 2, 8, 3, 5, 1, 0, 4, 2, 1, 4, 7, 3, 2, 5, 4, 4, 4, 1, 5, 5, 0, 5, 5, 4, 4, 4, 4, 2, 5, 3, 5, 4, 0, 4, 5, 1, 0, 2, 3, 1, 2, 1, 3, 5, 0, 4, 4, 2, 2, 4, 4, 2, 5, 0, 4, 7, 3, 5, 5, 3, 2, 9, 2, 3, 4, 2, 4, 9, 1, 1, 1, 3, 2, 7, 3, 4, 2, 2, 2, 2, 1, 2, 7, 3, 4, 3, 1, 3, 1, 1, 1, 8, 2, 3, 4, 2, 2, 10, 1, 1, 8, 2, 1, 4, 1, 4, 5, 3, 1, 7, 1, 1, 8, 3, 3, 2, 1, 3, 8, 1, 4, 5, 2, 2, 5, 1, 3, 5, 3, 4, 2, 1, 3, 2, 0, 3, 4, 3, 2, 5, 1, 4, 1, 1, 3, 5, 2, 4, 5, 1, 5, 4, 2, 1, 5, 3, 3, 8, 2, 5, 2, 4, 1, 6, 1, 5, 5, 2, 1, 8, 3, 3, 2, 0, 2, 4, 3, 3, 2, 1, 2, 4, 3, 2, 8, 4, 1, 5, 3, 5, 7, 1, 3, 4, 1, 2, 3, 3, 5, 9, 3, 1, 1, 0, 4, 7, 3, 4, 4, 3, 1, 5, 4, 1, 8, 3, 4], dimension=708, value=479.64900541845384, stages=0, time=599.9566221194907}} 
