474.1655447101541,474.55157493101143,474.49281644383376,475.5841706906296,470.0751155272515,476.5610979222862,473.8688126278702,473.31383994971844,474.69064434631343,474.51186723814493,473.3451870932853,474.42789515147683,472.7261517726341,475.5824295319367,474.1597954306223,472.80524044280884,476.3309602722125,475.2729900865215,478.22977395790986,472.1534688242839,475.61405769319776,474.09236897594275,473.23277545133857,474.2279261510859,476.1320766992504,476.648433544041,476.9134539593339,470.7857553286748,475.99278131384193,475.9153702974961,
DNSPSO统计信息：
size = 50
iters = 3000
nfes = 150000
sum = 14236.40437636511
min = 470.0751155272515
max = 478.22977395790986
mean = 474.54681254550366
std = 1.7919819444993967
totaltime = 2030.36s
avgtime = 67.67866666666666s
最优解：
Particle{, pBest=Solution{id=0, content=[3, 2, 2, 5, 1, 3, 1, 4, 3, 3, 2, 3, 5, 3, 3, 4, 2, 2, 3, 4, 3, 5, 3, 2, 5, 3, 1, 5, 0, 3, 4, 1, 2, 4, 2, 1, 2, 3, 2, 3, 4, 3, 3, 1, 1, 2, 2, 3, 4, 1, 3, 5, 3, 4, 5, 1, 2, 4, 3, 4, 4, 2, 2, 2, 3, 3, 5, 2, 4, 2, 0, 3, 3, 3, 4, 5, 4, 2, 4, 1, 3, 3, 2, 2, 4, 3, 1, 4, 2, 0, 1, 4, 4, 4, 2, 4, 2, 1, 1, 4, 3, 2, 4, 4, 2, 5, 4, 4, 3, 0, 1, 3, 3, 4, 2, 3, 1, 5, 2, 5, 3, 2, 4, 1, 2, 2, 5, 3, 3, 2, 3, 2, 2, 3, 0, 1, 3, 1, 2, 3, 2, 2, 3, 2, 4, 2, 3, 5, 2, 3, 2, 3, 2, 5, 1, 2, 2, 3, 3, 5, 2, 0, 3, 1, 3, 2, 1, 1, 2, 0, 3, 3, 4, 0, 5, 3, 1, 5, 0, 1, 5, 3, 2, 5, 1, 1, 2, 1, 2, 3, 4, 3, 5, 3, 2, 3, 0, 3, 3, 2, 1, 5, 3, 4, 3, 2, 5, 5, 1, 2, 2, 2, 3, 5, 3, 4, 4, 1, 4, 2, 1, 3, 4, 2, 2, 5, 1, 3, 4, 1, 1, 5, 1, 3, 3, 3, 2, 2, 2, 2, 2, 2, 4, 4, 1, 2, 5, 2, 3, 5, 3, 3, 2, 0, 4, 4, 2, 2, 5, 2, 4, 5, 3, 4, 5, 3, 0, 5, 1, 5, 2, 3, 4, 5, 2, 1, 2, 3, 2, 2, 2, 3, 1, 3, 3, 3, 3, 3, 5, 3, 2, 3, 3, 1, 2, 3, 1, 4, 2, 1, 4, 1, 2, 2, 2, 4, 5, 3, 1, 5, 1, 2, 2, 4, 1, 5, 1, 2, 4, 4, 4, 5, 2, 2, 2, 3, 4, 4, 0, 2, 1, 2, 4, 4, 1, 1, 5, 1, 5, 5, 3, 1, 4, 2, 3, 3, 3, 0, 4, 2, 2, 2, 3, 1, 4, 2, 4, 5, 2, 5, 5, 0, 4, 1, 4, 4, 5, 2, 1, 5, 3, 1, 4, 2, 1, 4, 3, 4, 5, 1, 1, 5, 1, 3, 2, 2, 2, 4, 1, 2, 5, 2, 1, 2, 3, 2, 5, 2, 4, 4, 2, 4, 3, 4, 1, 4, 3, 3, 5, 2, 3, 2, 2, 1, 5, 1, 3, 2, 1, 0, 4, 0, 1, 5, 2, 4, 4, 3, 1, 3, 1, 1, 4, 2, 2, 4, 3, 2, 1, 2, 1, 3, 3, 3, 4, 2, 0, 3, 4, 5, 4, 2, 2, 4, 0, 2, 5, 3, 2, 5, 0, 3, 4, 1, 4, 5, 2, 1, 3, 2, 1, 5, 3, 2, 3, 2, 4, 2, 4, 4, 3, 4, 3, 4, 1, 0, 5, 2, 3, 1, 2, 3, 4, 3, 3, 5, 1, 1, 1, 1, 3, 2, 4, 1, 5, 3, 2, 1, 0, 3, 2, 3, 3, 4, 4, 4, 4, 1, 3, 5, 0, 4, 4, 3, 5, 4, 2, 0, 5, 4, 3, 5, 0, 3, 5, 3, 4, 5, 4, 1, 5, 1, 3, 5, 3, 1, 2, 2, 4, 5, 2, 4, 4, 1, 5, 5, 4, 2, 4, 3, 2, 5, 1, 2, 4, 3, 4, 5, 2, 1, 5, 1, 4, 2, 3, 2, 5, 3, 1, 4, 2, 4, 4, 1, 3, 5, 2, 1, 5, 3, 4, 2, 1, 2, 5, 2, 4, 2, 3, 3, 3, 2, 2, 5, 2, 4, 2, 2, 2, 2, 2, 2, 3, 3, 4, 4, 1, 3, 2, 1, 1, 4, 0, 3, 4, 2, 4, 4, 3, 1, 5, 2, 4, 5, 2, 2, 5, 3, 1, 5, 1, 4, 5, 2, 1, 4, 2, 1, 5, 2, 3, 4, 3, 4, 2, 3, 2, 5, 0, 1, 4, 1, 2, 5, 3, 2, 2, 3, 1, 2, 2, 2, 3, 1, 1, 5, 3, 3, 5, 2, 1, 5, 1, 0, 4, 2, 4, 2, 3, 1, 2, 4, 2, 4, 1, 4, 4, 3, 2, 5, 0, 4, 5, 2, 1, 2, 3, 3], dimension=0, value=478.22977395790986, stages=0, time=0.0}Solution{id=0, content=[3, 2, 2, 5, 1, 3, 1, 4, 3, 3, 2, 3, 5, 3, 3, 4, 2, 2, 3, 4, 3, 5, 3, 2, 5, 3, 1, 5, 0, 3, 4, 1, 2, 4, 2, 1, 2, 3, 2, 3, 4, 3, 3, 1, 1, 2, 2, 3, 4, 1, 3, 5, 3, 4, 5, 1, 2, 4, 3, 4, 4, 2, 2, 2, 3, 3, 5, 2, 4, 2, 0, 3, 3, 3, 4, 5, 4, 2, 4, 1, 3, 3, 2, 2, 4, 3, 1, 4, 2, 0, 1, 4, 4, 4, 2, 4, 2, 1, 1, 4, 3, 2, 4, 4, 2, 5, 4, 4, 3, 0, 1, 3, 3, 4, 2, 3, 1, 5, 2, 5, 3, 2, 4, 1, 2, 2, 5, 3, 3, 2, 3, 2, 2, 3, 0, 1, 3, 1, 2, 3, 2, 2, 3, 2, 4, 2, 3, 5, 2, 3, 2, 3, 2, 5, 1, 2, 2, 3, 3, 5, 2, 0, 3, 1, 3, 2, 1, 1, 2, 0, 3, 3, 4, 0, 5, 3, 1, 5, 0, 1, 5, 3, 2, 5, 1, 1, 2, 1, 2, 3, 4, 3, 5, 3, 2, 3, 0, 3, 3, 2, 1, 5, 3, 4, 3, 2, 5, 5, 1, 2, 2, 2, 3, 5, 3, 4, 4, 1, 4, 2, 1, 3, 4, 2, 2, 5, 1, 3, 4, 1, 1, 5, 1, 3, 3, 3, 2, 2, 2, 2, 2, 2, 4, 4, 1, 2, 5, 2, 3, 5, 3, 3, 2, 0, 4, 4, 2, 2, 5, 2, 4, 5, 3, 4, 5, 3, 0, 5, 1, 5, 2, 3, 4, 5, 2, 1, 2, 3, 2, 2, 2, 3, 1, 3, 3, 3, 3, 3, 5, 3, 2, 3, 3, 1, 2, 3, 1, 4, 2, 1, 4, 1, 2, 2, 2, 4, 5, 3, 1, 5, 1, 2, 2, 4, 1, 5, 1, 2, 4, 4, 4, 5, 2, 2, 2, 3, 4, 4, 0, 2, 1, 2, 4, 4, 1, 1, 5, 1, 5, 5, 3, 1, 4, 2, 3, 3, 3, 0, 4, 2, 2, 2, 3, 1, 4, 2, 4, 5, 2, 5, 5, 0, 4, 1, 4, 4, 5, 2, 1, 5, 3, 1, 4, 2, 1, 4, 3, 4, 5, 1, 1, 5, 1, 3, 2, 2, 2, 4, 1, 2, 5, 2, 1, 2, 3, 2, 5, 2, 4, 4, 2, 4, 3, 4, 1, 4, 3, 3, 5, 2, 3, 2, 2, 1, 5, 1, 3, 2, 1, 0, 4, 0, 1, 5, 2, 4, 4, 3, 1, 3, 1, 1, 4, 2, 2, 4, 3, 2, 1, 2, 1, 3, 3, 3, 4, 2, 0, 3, 4, 5, 4, 2, 2, 4, 0, 2, 5, 3, 2, 5, 0, 3, 4, 1, 4, 5, 2, 1, 3, 2, 1, 5, 3, 2, 3, 2, 4, 2, 4, 4, 3, 4, 3, 4, 1, 0, 5, 2, 3, 1, 2, 3, 4, 3, 3, 5, 1, 1, 1, 1, 3, 2, 4, 1, 5, 3, 2, 1, 0, 3, 2, 3, 3, 4, 4, 4, 4, 1, 3, 5, 0, 4, 4, 3, 5, 4, 2, 0, 5, 4, 3, 5, 0, 3, 5, 3, 4, 5, 4, 1, 5, 1, 3, 5, 3, 1, 2, 2, 4, 5, 2, 4, 4, 1, 5, 5, 4, 2, 4, 3, 2, 5, 1, 2, 4, 3, 4, 5, 2, 1, 5, 1, 4, 2, 3, 2, 5, 3, 1, 4, 2, 4, 4, 1, 3, 5, 2, 1, 5, 3, 4, 2, 1, 2, 5, 2, 4, 2, 3, 3, 3, 2, 2, 5, 2, 4, 2, 2, 2, 2, 2, 2, 3, 3, 4, 4, 1, 3, 2, 1, 1, 4, 0, 3, 4, 2, 4, 4, 3, 1, 5, 2, 4, 5, 2, 2, 5, 3, 1, 5, 1, 4, 5, 2, 1, 4, 2, 1, 5, 2, 3, 4, 3, 4, 2, 3, 2, 5, 0, 1, 4, 1, 2, 5, 3, 2, 2, 3, 1, 2, 2, 2, 3, 1, 1, 5, 3, 3, 5, 2, 1, 5, 1, 0, 4, 2, 4, 2, 3, 1, 2, 4, 2, 4, 1, 4, 4, 3, 2, 5, 0, 4, 5, 2, 1, 2, 3, 3], dimension=0, value=478.22977395790986, stages=0, time=588.5762252806434}} 
最差解：
Particle{, pBest=Solution{id=0, content=[5, 3, 3, 5, 4, 4, 5, 2, 2, 5, 3, 4, 5, 2, 0, 4, 2, 1, 4, 3, 3, 5, 3, 1, 5, 3, 3, 3, 3, 2, 2, 2, 3, 2, 2, 4, 5, 2, 1, 2, 3, 2, 4, 2, 3, 3, 2, 4, 5, 3, 3, 5, 2, 3, 4, 3, 1, 4, 1, 4, 5, 3, 3, 5, 3, 3, 3, 2, 0, 2, 4, 1, 3, 3, 0, 5, 4, 1, 3, 3, 1, 5, 3, 3, 4, 2, 4, 2, 1, 2, 5, 3, 4, 4, 1, 2, 1, 3, 4, 5, 2, 1, 4, 2, 1, 4, 3, 4, 5, 2, 3, 5, 3, 0, 3, 3, 1, 4, 2, 1, 3, 0, 3, 3, 1, 2, 4, 3, 3, 5, 0, 0, 4, 2, 1, 1, 1, 1, 5, 1, 1, 4, 1, 4, 4, 0, 3, 4, 1, 0, 4, 1, 4, 3, 2, 3, 5, 3, 3, 5, 2, 1, 2, 2, 0, 4, 2, 0, 4, 2, 3, 4, 4, 1, 4, 2, 2, 5, 2, 3, 1, 2, 2, 5, 3, 4, 5, 1, 2, 4, 2, 1, 4, 3, 2, 5, 3, 0, 4, 0, 4, 5, 1, 4, 2, 1, 1, 5, 1, 3, 4, 2, 0, 3, 3, 4, 4, 3, 4, 5, 1, 3, 5, 2, 3, 5, 3, 2, 4, 0, 1, 5, 2, 3, 5, 2, 1, 3, 2, 5, 2, 2, 0, 3, 2, 2, 5, 2, 3, 4, 4, 2, 1, 2, 2, 5, 0, 5, 1, 1, 3, 4, 3, 2, 5, 2, 1, 2, 2, 5, 5, 1, 2, 4, 3, 4, 4, 2, 2, 2, 1, 4, 5, 3, 1, 5, 1, 2, 5, 3, 4, 5, 1, 3, 3, 1, 3, 4, 1, 4, 5, 3, 1, 5, 3, 1, 5, 1, 4, 1, 4, 1, 5, 0, 2, 5, 4, 0, 1, 0, 4, 2, 2, 2, 5, 3, 4, 4, 1, 2, 3, 0, 1, 4, 0, 1, 4, 1, 3, 5, 2, 3, 3, 2, 2, 5, 2, 2, 5, 1, 3, 4, 1, 2, 2, 4, 1, 4, 1, 1, 3, 1, 1, 4, 1, 2, 4, 0, 2, 2, 1, 3, 1, 1, 1, 5, 1, 3, 4, 1, 0, 4, 2, 2, 5, 1, 3, 4, 3, 1, 2, 2, 4, 1, 3, 1, 2, 3, 3, 4, 1, 1, 5, 1, 3, 5, 2, 4, 2, 2, 4, 4, 1, 3, 3, 1, 1, 5, 2, 0, 4, 4, 2, 4, 2, 4, 4, 4, 4, 4, 1, 2, 2, 2, 1, 2, 2, 4, 4, 2, 0, 3, 2, 2, 5, 1, 3, 2, 1, 2, 4, 1, 1, 2, 1, 4, 5, 2, 0, 2, 0, 4, 5, 1, 1, 5, 3, 2, 5, 1, 2, 3, 2, 3, 4, 2, 3, 2, 2, 1, 5, 2, 1, 4, 2, 3, 2, 3, 2, 5, 1, 4, 4, 2, 2, 2, 1, 4, 3, 4, 2, 5, 1, 3, 3, 2, 3, 3, 1, 2, 5, 2, 3, 3, 0, 3, 5, 0, 2, 4, 2, 0, 5, 1, 4, 5, 1, 3, 3, 4, 1, 4, 3, 2, 3, 4, 2, 3, 4, 2, 4, 1, 1, 3, 2, 3, 4, 1, 1, 3, 4, 1, 2, 1, 0, 5, 1, 2, 2, 1, 1, 5, 4, 2, 4, 3, 2, 5, 3, 4, 4, 3, 3, 4, 1, 0, 5, 1, 2, 4, 2, 0, 3, 2, 1, 1, 3, 1, 5, 0, 4, 4, 1, 2, 5, 2, 1, 1, 2, 3, 5, 2, 2, 5, 1, 2, 1, 2, 3, 2, 0, 4, 4, 2, 1, 4, 2, 1, 2, 4, 2, 4, 3, 2, 4, 2, 3, 5, 2, 1, 3, 2, 0, 1, 1, 0, 4, 3, 3, 2, 1, 2, 4, 0, 0, 4, 1, 3, 5, 1, 3, 4, 2, 4, 4, 3, 2, 3, 2, 3, 5, 1, 2, 5, 4, 3, 3, 2, 5, 4, 1, 0, 5, 1, 2, 2, 0, 4, 5, 0, 1, 5, 1, 2, 5, 1, 2, 2, 3, 3, 2, 3, 2, 5, 2, 3, 3, 1, 1, 5, 2, 1, 1, 4, 2, 5, 2, 1], dimension=0, value=470.0751155272515, stages=0, time=0.0}Solution{id=7, content=[5, 3, 3, 5, 4, 4, 5, 2, 2, 5, 3, 4, 5, 2, 0, 4, 2, 1, 4, 3, 3, 5, 3, 1, 5, 3, 3, 3, 3, 2, 2, 2, 3, 2, 2, 4, 5, 2, 1, 2, 3, 2, 4, 2, 3, 3, 2, 4, 5, 3, 3, 5, 2, 3, 4, 3, 1, 4, 1, 4, 5, 3, 3, 5, 3, 3, 3, 2, 0, 2, 4, 1, 3, 3, 0, 5, 4, 1, 3, 3, 1, 5, 3, 3, 4, 2, 4, 2, 1, 2, 5, 3, 4, 4, 1, 2, 1, 3, 4, 5, 2, 1, 4, 2, 1, 4, 3, 4, 5, 2, 3, 5, 3, 0, 3, 3, 1, 4, 2, 1, 3, 0, 3, 3, 1, 2, 4, 3, 3, 5, 0, 0, 4, 2, 1, 1, 1, 1, 5, 1, 1, 4, 1, 4, 4, 0, 3, 4, 1, 0, 4, 1, 4, 3, 2, 3, 5, 3, 3, 5, 2, 1, 2, 2, 0, 4, 2, 0, 4, 2, 3, 4, 4, 1, 4, 2, 2, 5, 2, 3, 1, 2, 2, 5, 3, 4, 5, 1, 2, 4, 2, 1, 4, 3, 2, 5, 3, 0, 4, 0, 4, 5, 1, 4, 2, 1, 1, 5, 1, 3, 4, 2, 0, 3, 3, 4, 4, 3, 4, 5, 1, 3, 5, 2, 3, 5, 3, 2, 4, 0, 1, 5, 2, 3, 5, 2, 1, 3, 2, 5, 2, 2, 0, 3, 2, 2, 5, 2, 3, 4, 4, 2, 1, 2, 2, 5, 0, 5, 1, 1, 3, 4, 3, 2, 5, 2, 1, 2, 2, 5, 5, 1, 2, 4, 3, 4, 4, 2, 2, 2, 1, 4, 5, 3, 1, 5, 1, 2, 5, 3, 4, 5, 1, 3, 3, 1, 3, 4, 1, 4, 5, 3, 1, 5, 3, 1, 5, 1, 4, 1, 4, 1, 5, 0, 2, 5, 4, 0, 1, 0, 4, 2, 2, 2, 5, 3, 4, 4, 1, 2, 3, 0, 1, 4, 0, 1, 4, 1, 3, 5, 2, 3, 3, 2, 2, 5, 2, 2, 5, 1, 3, 4, 1, 2, 2, 4, 1, 4, 1, 1, 3, 1, 1, 4, 1, 2, 4, 0, 2, 2, 1, 3, 1, 1, 1, 5, 1, 3, 4, 1, 0, 4, 2, 2, 5, 1, 3, 4, 3, 1, 2, 2, 4, 1, 3, 1, 2, 3, 3, 4, 1, 1, 5, 1, 3, 5, 2, 4, 2, 2, 4, 4, 1, 3, 3, 1, 1, 5, 2, 0, 4, 4, 2, 4, 2, 4, 4, 4, 4, 4, 1, 2, 2, 2, 1, 2, 2, 4, 4, 2, 0, 3, 2, 2, 5, 1, 3, 2, 1, 2, 4, 1, 1, 2, 1, 4, 5, 2, 0, 2, 0, 4, 5, 1, 1, 5, 3, 2, 5, 1, 2, 3, 2, 3, 4, 2, 3, 2, 2, 1, 5, 2, 1, 4, 2, 3, 2, 3, 2, 5, 1, 4, 4, 2, 2, 2, 1, 4, 3, 4, 2, 5, 1, 3, 3, 2, 3, 3, 1, 2, 5, 2, 3, 3, 0, 3, 5, 0, 2, 4, 2, 0, 5, 1, 4, 5, 1, 3, 3, 4, 1, 4, 3, 2, 3, 4, 2, 3, 4, 2, 4, 1, 1, 3, 2, 3, 4, 1, 1, 3, 4, 1, 2, 1, 0, 5, 1, 2, 2, 1, 1, 5, 4, 2, 4, 3, 2, 5, 3, 4, 4, 3, 3, 4, 1, 0, 5, 1, 2, 4, 2, 0, 3, 2, 1, 1, 3, 1, 5, 0, 4, 4, 1, 2, 5, 2, 1, 1, 2, 3, 5, 2, 2, 5, 1, 2, 1, 2, 3, 2, 0, 4, 4, 2, 1, 4, 2, 1, 2, 4, 2, 4, 3, 2, 4, 2, 3, 5, 2, 1, 3, 2, 0, 1, 1, 0, 4, 3, 3, 2, 1, 2, 4, 0, 0, 4, 1, 3, 5, 1, 3, 4, 2, 4, 4, 3, 2, 3, 2, 3, 5, 1, 2, 5, 4, 3, 3, 2, 5, 4, 1, 0, 5, 1, 2, 2, 0, 4, 5, 0, 1, 5, 1, 2, 5, 1, 2, 2, 3, 3, 2, 3, 2, 5, 2, 3, 3, 1, 1, 5, 2, 1, 1, 4, 2, 5, 2, 1], dimension=708, value=470.0751155272515, stages=0, time=592.5030403133256}} 
