480.7653230567453,478.69218369074645,477.78123366149896,482.74857100732555,479.8431070811425,481.6097794864529,479.7978345754722,477.9221665685325,483.25877093903875,485.52267493892333,478.15909737565414,479.2374049634187,479.90127417707805,480.0382443620706,482.94337083522413,480.4786412796222,475.8192266312433,480.8000329858117,479.52714868487374,478.692051873781,479.35072864028547,481.41455213621197,481.2665706087387,476.5871422240687,479.34906371244654,481.90220276043084,481.32980136207595,482.6846631518189,483.70731058516714,479.54809033329514,
FADE统计信息：
size = 50
iters = 3000
nfes = 150000
sum = 14410.678263689195
min = 475.8192266312433
max = 485.52267493892333
mean = 480.35594212297315
std = 2.154663217195245
totaltime = 1712.778s
avgtime = 57.0926s
最优解：
FireSpark{pi=0.8900000000000002} Solution{id=0, content=[5, 1, 4, 8, 2, 3, 2, 2, 5, 2, 2, 2, 8, 4, 3, 7, 2, 5, 6, 4, 4, 5, 3, 2, 7, 1, 5, 4, 4, 1, 6, 2, 3, 7, 4, 2, 8, 3, 4, 5, 2, 1, 6, 4, 3, 2, 3, 2, 7, 3, 2, 5, 1, 3, 9, 4, 2, 5, 3, 5, 2, 1, 5, 6, 1, 5, 5, 3, 4, 8, 1, 5, 7, 3, 2, 6, 3, 4, 1, 4, 5, 2, 2, 4, 9, 3, 1, 5, 4, 3, 4, 2, 4, 5, 4, 3, 3, 2, 3, 7, 2, 1, 5, 2, 2, 1, 2, 5, 3, 2, 5, 9, 2, 5, 5, 4, 1, 7, 2, 3, 1, 3, 2, 2, 3, 1, 4, 2, 4, 9, 3, 3, 7, 3, 5, 6, 3, 1, 9, 2, 3, 6, 1, 1, 7, 3, 1, 8, 1, 2, 5, 3, 3, 5, 4, 3, 10, 1, 5, 8, 3, 1, 2, 3, 3, 3, 2, 2, 8, 3, 1, 7, 3, 1, 8, 1, 1, 5, 2, 4, 8, 4, 2, 1, 2, 3, 5, 2, 5, 4, 2, 3, 7, 2, 1, 8, 2, 2, 7, 3, 1, 5, 2, 3, 10, 3, 5, 5, 4, 5, 6, 4, 1, 8, 1, 5, 7, 2, 3, 7, 3, 1, 1, 3, 1, 8, 0, 1, 7, 4, 3, 5, 2, 4, 5, 3, 3, 5, 4, 2, 1, 1, 2, 5, 1, 2, 1, 3, 5, 8, 2, 2, 7, 3, 3, 4, 4, 2, 5, 3, 2, 10, 2, 2, 1, 3, 2, 7, 2, 3, 4, 1, 5, 8, 3, 4, 6, 2, 5, 8, 4, 4, 8, 3, 4, 9, 2, 1, 1, 4, 2, 7, 3, 1, 5, 3, 3, 2, 2, 2, 5, 4, 2, 8, 3, 4, 7, 3, 2, 4, 2, 3, 8, 2, 5, 9, 4, 4, 3, 4, 1, 1, 2, 2, 8, 2, 3, 8, 1, 5, 8, 1, 3, 7, 3, 1, 7, 2, 1, 1, 1, 2, 3, 2, 3, 5, 3, 3, 5, 1, 2, 7, 2, 3, 4, 0, 2, 8, 3, 1, 10, 2, 5, 5, 2, 3, 2, 3, 3, 7, 4, 1, 8, 2, 5, 5, 4, 5, 4, 1, 1, 10, 4, 1, 10, 3, 3, 5, 2, 4, 8, 4, 4, 7, 3, 1, 6, 4, 2, 4, 3, 5, 7, 2, 4, 6, 3, 4, 8, 1, 4, 2, 3, 4, 5, 3, 5, 2, 2, 5, 9, 2, 3, 5, 1, 3, 8, 3, 2, 5, 3, 1, 9, 4, 1, 5, 4, 2, 9, 3, 4, 10, 1, 3, 4, 4, 4, 5, 4, 3, 8, 3, 3, 8, 1, 1, 5, 2, 3, 1, 3, 1, 4, 3, 1, 5, 4, 2, 1, 2, 4, 7, 3, 2, 5, 2, 4, 1, 3, 1, 10, 1, 2, 5, 4, 5, 8, 3, 4, 4, 1, 4, 7, 2, 5, 2, 1, 3, 5, 2, 3, 6, 2, 1, 5, 1, 5, 1, 3, 2, 4, 2, 2, 1, 2, 2, 8, 4, 2, 3, 4, 3, 10, 1, 5, 6, 3, 0, 2, 1, 1, 5, 1, 3, 6, 3, 2, 8, 2, 4, 1, 2, 3, 8, 4, 4, 2, 3, 1, 3, 2, 4, 2, 3, 3, 1, 4, 2, 5, 3, 4, 3, 2, 3, 1, 4, 2, 8, 3, 4, 7, 4, 1, 2, 2, 4, 5, 4, 4, 9, 3, 4, 6, 4, 4, 6, 4, 4, 5, 1, 3, 9, 1, 3, 6, 2, 1, 1, 2, 5, 5, 3, 4, 2, 2, 4, 10, 1, 1, 5, 2, 3, 2, 2, 3, 1, 2, 4, 5, 2, 3, 3, 2, 3, 8, 1, 4, 2, 2, 3, 1, 2, 4, 5, 3, 3, 1, 2, 3, 6, 3, 1, 4, 3, 3, 10, 1, 3, 8, 3, 1, 5, 4, 5, 8, 2, 4, 7, 3, 4, 9, 3, 2, 2, 3, 2, 1, 2, 3, 7, 3, 1, 1, 3, 3, 2, 2, 1, 8, 3, 5, 8, 1, 5, 5, 3, 5, 8, 3, 1, 5, 3, 3, 8, 4, 2, 5, 3, 4, 2, 1, 4, 6, 2, 5, 6, 4, 1], dimension=708, value=485.52267493892333, stages=0, time=588.646335920857}
最差解：
FireSpark{pi=0.22000000000000036} Solution{id=24, content=[5, 2, 0, 5, 3, 3, 9, 2, 1, 5, 2, 4, 1, 3, 1, 1, 4, 4, 2, 3, 3, 4, 1, 2, 8, 3, 3, 3, 1, 2, 8, 3, 2, 10, 3, 5, 8, 3, 1, 4, 0, 5, 10, 3, 4, 4, 2, 4, 2, 3, 4, 3, 3, 2, 8, 3, 4, 5, 3, 4, 7, 3, 2, 8, 3, 1, 3, 3, 1, 5, 3, 3, 5, 1, 3, 1, 2, 1, 6, 1, 1, 7, 4, 4, 6, 2, 4, 5, 3, 5, 2, 3, 2, 5, 1, 3, 4, 4, 1, 7, 1, 4, 7, 4, 4, 3, 3, 3, 6, 4, 5, 1, 3, 4, 3, 2, 4, 8, 1, 3, 4, 3, 5, 6, 3, 1, 2, 3, 3, 2, 2, 3, 8, 1, 4, 3, 4, 4, 5, 1, 5, 7, 3, 5, 5, 3, 1, 7, 2, 4, 9, 2, 3, 10, 3, 3, 9, 1, 4, 1, 1, 2, 6, 1, 0, 3, 4, 3, 6, 4, 2, 10, 4, 3, 4, 4, 2, 5, 2, 3, 1, 4, 1, 7, 4, 2, 1, 3, 1, 5, 3, 0, 7, 2, 1, 10, 4, 1, 8, 3, 1, 5, 2, 5, 8, 3, 2, 1, 2, 5, 9, 1, 1, 3, 3, 1, 1, 1, 4, 5, 1, 3, 4, 3, 3, 7, 4, 1, 5, 3, 4, 1, 4, 2, 6, 2, 5, 7, 4, 2, 6, 1, 3, 1, 4, 3, 2, 3, 1, 3, 2, 1, 9, 2, 1, 7, 3, 2, 6, 1, 5, 7, 3, 5, 4, 3, 4, 7, 3, 1, 4, 2, 5, 4, 3, 5, 4, 0, 1, 2, 3, 3, 6, 2, 2, 4, 1, 3, 2, 3, 1, 8, 2, 4, 7, 2, 4, 7, 4, 3, 5, 4, 5, 5, 4, 3, 6, 4, 3, 1, 2, 4, 3, 1, 4, 3, 3, 3, 4, 3, 3, 4, 3, 4, 3, 2, 3, 8, 2, 1, 2, 4, 5, 10, 1, 0, 6, 0, 4, 1, 3, 2, 4, 3, 3, 9, 2, 1, 4, 4, 1, 2, 3, 0, 5, 2, 1, 2, 2, 2, 7, 3, 1, 3, 2, 3, 7, 1, 4, 1, 1, 1, 9, 3, 3, 5, 4, 2, 1, 1, 4, 7, 3, 2, 5, 4, 5, 4, 2, 4, 9, 1, 1, 5, 2, 2, 2, 2, 3, 8, 4, 2, 8, 3, 3, 5, 3, 4, 5, 3, 1, 8, 1, 5, 7, 2, 2, 9, 2, 5, 7, 3, 2, 2, 2, 4, 1, 1, 3, 7, 3, 1, 7, 3, 0, 1, 3, 3, 6, 3, 3, 5, 3, 3, 4, 3, 1, 3, 3, 2, 5, 3, 4, 5, 1, 3, 1, 3, 4, 7, 1, 3, 4, 4, 2, 9, 3, 1, 7, 3, 2, 3, 3, 3, 5, 2, 2, 8, 3, 4, 3, 1, 3, 4, 1, 2, 4, 4, 4, 7, 2, 3, 4, 3, 1, 6, 2, 5, 5, 1, 4, 10, 1, 2, 5, 3, 2, 2, 3, 4, 7, 3, 3, 7, 1, 5, 2, 1, 1, 2, 4, 4, 9, 3, 2, 5, 3, 1, 7, 2, 1, 1, 4, 1, 9, 3, 1, 10, 3, 3, 8, 3, 1, 1, 2, 3, 7, 1, 4, 8, 4, 2, 7, 2, 3, 5, 2, 3, 5, 1, 3, 6, 4, 3, 5, 0, 5, 3, 3, 1, 4, 3, 3, 2, 1, 3, 4, 1, 4, 1, 3, 3, 4, 4, 0, 10, 2, 3, 6, 4, 4, 9, 4, 5, 7, 3, 1, 8, 3, 4, 4, 2, 4, 7, 1, 2, 9, 0, 1, 5, 2, 1, 5, 3, 2, 7, 3, 1, 1, 2, 4, 7, 4, 4, 5, 4, 3, 4, 2, 5, 5, 3, 4, 7, 3, 5, 5, 2, 3, 10, 4, 4, 8, 3, 5, 1, 2, 0, 3, 1, 4, 6, 2, 4, 9, 1, 2, 7, 2, 4, 1, 2, 3, 8, 0, 1, 6, 4, 1, 7, 2, 1, 1, 3, 0, 4, 3, 1, 3, 2, 2, 5, 1, 4, 1, 2, 1, 8, 3, 3, 5, 4, 1, 5, 4, 3, 7, 2, 4, 4, 2, 1, 5, 2, 3, 9, 3, 5], dimension=708, value=475.8192266312433, stages=0, time=599.6596211032197}
