486.8206437154103,489.119941561094,487.484618054885,487.83108127514356,486.6264942332093,488.6598934311526,489.6277273196782,490.2957638835795,489.4286963108132,489.6382193297441,488.02403339868005,489.26776749563965,487.15464253726753,488.38237033733515,486.8613850572426,487.1370946317933,489.4296376563714,489.343219800473,487.2656248073059,488.4556223063221,488.5942562800318,489.5944650066931,490.4616531177,489.09914792457874,488.95699779560096,488.0169754605402,487.12003270842047,487.7978997665429,488.3783870648307,490.45874976965706,
PSO统计信息：
size = 50
iters = 3000
nfes = 150000
sum = 14655.333042037735
min = 486.6264942332093
max = 490.4616531177
mean = 488.51110140125786
std = 1.1334639115736875
totaltime = 1823.327s
avgtime = 60.777566666666665s
最优解：
Particle{, pBest=Solution{id=0, content=[5, 2, 4, 4, 2, 4, 7, 2, 1, 5, 2, 0, 2, 3, 2, 7, 2, 3, 2, 3, 5, 5, 2, 4, 5, 3, 1, 6, 1, 4, 4, 1, 1, 8, 3, 3, 4, 1, 2, 5, 3, 1, 2, 1, 3, 2, 4, 3, 4, 2, 4, 2, 2, 4, 5, 4, 4, 4, 1, 1, 5, 2, 4, 8, 2, 2, 4, 1, 2, 5, 4, 4, 4, 2, 2, 5, 1, 3, 4, 2, 4, 8, 2, 4, 10, 1, 1, 5, 3, 4, 7, 4, 4, 2, 2, 1, 8, 1, 1, 2, 4, 1, 4, 2, 5, 8, 3, 1, 6, 3, 2, 7, 3, 1, 4, 2, 4, 8, 1, 4, 2, 3, 1, 2, 3, 4, 4, 1, 5, 1, 3, 2, 4, 2, 3, 7, 0, 2, 8, 1, 3, 2, 1, 3, 5, 1, 3, 5, 3, 3, 1, 3, 5, 8, 1, 1, 8, 4, 3, 8, 2, 1, 5, 4, 3, 6, 1, 1, 2, 3, 1, 2, 0, 1, 5, 4, 5, 4, 1, 1, 5, 2, 3, 5, 1, 4, 5, 4, 4, 1, 2, 5, 5, 1, 3, 5, 3, 4, 5, 1, 5, 1, 3, 1, 5, 3, 2, 9, 1, 5, 5, 1, 3, 1, 2, 1, 1, 3, 3, 5, 4, 2, 2, 4, 4, 6, 1, 2, 5, 3, 3, 2, 1, 4, 5, 3, 3, 1, 1, 5, 9, 1, 3, 7, 3, 1, 1, 3, 2, 2, 2, 3, 5, 2, 5, 5, 1, 2, 5, 4, 2, 5, 2, 4, 8, 1, 2, 5, 1, 1, 5, 2, 5, 8, 4, 1, 6, 3, 4, 1, 4, 1, 9, 1, 2, 10, 1, 1, 5, 3, 5, 5, 4, 3, 1, 1, 3, 5, 1, 4, 5, 1, 2, 1, 4, 2, 1, 3, 3, 5, 3, 1, 5, 3, 3, 5, 4, 5, 2, 2, 2, 6, 1, 2, 1, 2, 2, 5, 4, 4, 1, 3, 4, 7, 1, 5, 5, 1, 3, 5, 3, 1, 2, 1, 5, 2, 1, 3, 8, 4, 5, 2, 3, 1, 2, 4, 2, 8, 2, 3, 2, 3, 4, 5, 1, 1, 7, 2, 1, 8, 1, 0, 8, 4, 2, 6, 1, 1, 2, 2, 4, 7, 3, 3, 5, 2, 3, 5, 3, 1, 5, 3, 5, 8, 1, 1, 6, 1, 4, 4, 1, 5, 1, 1, 1, 5, 3, 3, 1, 3, 1, 2, 2, 4, 5, 1, 2, 8, 3, 1, 2, 1, 3, 5, 1, 4, 5, 3, 4, 2, 3, 1, 1, 3, 5, 5, 3, 4, 7, 2, 4, 5, 0, 3, 7, 3, 1, 2, 0, 3, 3, 3, 1, 5, 2, 3, 5, 4, 4, 8, 1, 5, 2, 2, 2, 3, 2, 2, 1, 2, 5, 6, 3, 1, 4, 3, 1, 7, 2, 3, 5, 3, 5, 2, 4, 4, 2, 3, 1, 5, 1, 5, 9, 1, 4, 4, 2, 4, 5, 4, 3, 1, 2, 4, 1, 0, 3, 5, 1, 3, 8, 4, 3, 1, 3, 0, 7, 3, 4, 1, 0, 4, 1, 3, 2, 5, 2, 5, 6, 3, 1, 8, 1, 1, 4, 3, 2, 5, 4, 2, 5, 2, 4, 9, 1, 2, 2, 2, 2, 2, 1, 5, 4, 3, 4, 2, 3, 4, 8, 1, 4, 5, 3, 4, 2, 0, 2, 2, 2, 2, 2, 3, 4, 5, 4, 3, 5, 2, 1, 2, 1, 2, 5, 1, 3, 5, 3, 3, 5, 4, 3, 9, 1, 4, 5, 4, 3, 9, 4, 3, 2, 3, 1, 5, 4, 3, 1, 2, 5, 5, 3, 5, 5, 2, 3, 8, 3, 1, 7, 2, 4, 6, 1, 2, 4, 1, 1, 8, 3, 1, 5, 3, 1, 5, 3, 3, 5, 3, 3, 5, 4, 5, 8, 3, 3, 5, 3, 5, 5, 3, 1, 2, 1, 4, 4, 1, 3, 5, 3, 2, 6, 1, 1, 1, 3, 1, 3, 1, 3, 7, 2, 5, 6, 2, 4, 5, 3, 4, 4, 2, 4, 5, 3, 1, 5, 2, 5, 7, 4, 2, 1, 1, 4, 4, 0, 1, 5, 3, 1, 5, 1, 1, 8, 1, 3, 5, 1, 5], dimension=0, value=490.4616531177, stages=0, time=0.0}Solution{id=17, content=[5, 2, 4, 4, 2, 4, 7, 2, 1, 5, 2, 0, 2, 3, 2, 7, 2, 3, 2, 3, 5, 5, 2, 4, 5, 3, 1, 6, 1, 4, 4, 1, 1, 8, 3, 3, 4, 1, 2, 5, 3, 1, 2, 1, 3, 2, 4, 3, 4, 2, 4, 2, 2, 4, 5, 4, 4, 4, 1, 1, 5, 2, 4, 8, 2, 2, 4, 1, 2, 5, 4, 4, 4, 2, 2, 5, 1, 3, 4, 2, 4, 8, 2, 4, 10, 1, 1, 5, 3, 4, 7, 4, 4, 2, 2, 1, 8, 1, 1, 2, 4, 1, 4, 2, 5, 8, 3, 1, 6, 3, 2, 7, 3, 1, 4, 2, 4, 8, 1, 4, 2, 3, 1, 2, 3, 4, 4, 1, 5, 1, 3, 2, 4, 2, 3, 7, 0, 2, 8, 1, 3, 2, 1, 3, 5, 1, 3, 5, 3, 3, 1, 3, 5, 8, 1, 1, 8, 4, 3, 8, 2, 1, 5, 4, 3, 6, 1, 1, 2, 3, 1, 2, 0, 1, 5, 4, 5, 4, 1, 1, 5, 2, 3, 5, 1, 4, 5, 4, 4, 1, 2, 5, 5, 1, 3, 5, 3, 4, 5, 1, 5, 1, 3, 1, 5, 3, 2, 9, 1, 5, 5, 1, 3, 1, 2, 1, 1, 3, 3, 5, 4, 2, 2, 4, 4, 6, 1, 2, 5, 3, 3, 2, 1, 4, 5, 3, 3, 1, 1, 5, 9, 1, 3, 7, 3, 1, 1, 3, 2, 2, 2, 3, 5, 2, 5, 5, 1, 2, 5, 4, 2, 5, 2, 4, 8, 1, 2, 5, 1, 1, 5, 2, 5, 8, 4, 1, 6, 3, 4, 1, 4, 1, 9, 1, 2, 10, 1, 1, 5, 3, 5, 5, 4, 3, 1, 1, 3, 5, 1, 4, 5, 1, 2, 1, 4, 2, 1, 3, 3, 5, 3, 1, 5, 3, 3, 5, 4, 5, 2, 2, 2, 6, 1, 2, 1, 2, 2, 5, 4, 4, 1, 3, 4, 7, 1, 5, 5, 1, 3, 5, 3, 1, 2, 1, 5, 2, 1, 3, 8, 4, 5, 2, 3, 1, 2, 4, 2, 8, 2, 3, 2, 3, 4, 5, 1, 1, 7, 2, 1, 8, 1, 0, 8, 4, 2, 6, 1, 1, 2, 2, 4, 7, 3, 3, 5, 2, 3, 5, 3, 1, 5, 3, 5, 8, 1, 1, 6, 1, 4, 4, 1, 5, 1, 1, 1, 5, 3, 3, 1, 3, 1, 2, 2, 4, 5, 1, 2, 8, 3, 1, 2, 1, 3, 5, 1, 4, 5, 3, 4, 2, 3, 1, 1, 3, 5, 5, 3, 4, 7, 2, 4, 5, 0, 3, 7, 3, 1, 2, 0, 3, 3, 3, 1, 5, 2, 3, 5, 4, 4, 8, 1, 5, 2, 2, 2, 3, 2, 2, 1, 2, 5, 6, 3, 1, 4, 3, 1, 7, 2, 3, 5, 3, 5, 2, 4, 4, 2, 3, 1, 5, 1, 5, 9, 1, 4, 4, 2, 4, 5, 4, 3, 1, 2, 4, 1, 0, 3, 5, 1, 3, 8, 4, 3, 1, 3, 0, 7, 3, 4, 1, 0, 4, 1, 3, 2, 5, 2, 5, 6, 3, 1, 8, 1, 1, 4, 3, 2, 5, 4, 2, 5, 2, 4, 9, 1, 2, 2, 2, 2, 2, 1, 5, 4, 3, 4, 2, 3, 4, 8, 1, 4, 5, 3, 4, 2, 0, 2, 2, 2, 2, 2, 3, 4, 5, 4, 3, 5, 2, 1, 2, 1, 2, 5, 1, 3, 5, 3, 3, 5, 4, 3, 9, 1, 4, 5, 4, 3, 9, 4, 3, 2, 3, 1, 5, 4, 3, 1, 2, 5, 5, 3, 5, 5, 2, 3, 8, 3, 1, 7, 2, 4, 6, 1, 2, 4, 1, 1, 8, 3, 1, 5, 3, 1, 5, 3, 3, 5, 3, 3, 5, 4, 5, 8, 3, 3, 5, 3, 5, 5, 3, 1, 2, 1, 4, 4, 1, 3, 5, 3, 2, 6, 1, 1, 1, 3, 1, 3, 1, 3, 7, 2, 5, 6, 2, 4, 5, 3, 4, 4, 2, 4, 5, 3, 1, 5, 2, 5, 7, 4, 2, 1, 1, 4, 4, 0, 1, 5, 3, 1, 5, 1, 1, 8, 1, 3, 5, 1, 5], dimension=708, value=490.4616531177, stages=0, time=586.8783885381866}} 
最差解：
Particle{, pBest=Solution{id=0, content=[5, 4, 4, 5, 4, 4, 5, 3, 4, 9, 0, 1, 6, 1, 2, 2, 1, 2, 8, 4, 1, 9, 3, 1, 6, 1, 3, 1, 1, 5, 7, 0, 2, 1, 3, 5, 10, 4, 1, 5, 4, 4, 2, 1, 4, 6, 3, 4, 2, 1, 5, 5, 3, 0, 2, 3, 0, 7, 3, 4, 1, 0, 3, 10, 4, 1, 8, 1, 3, 4, 2, 4, 5, 1, 2, 1, 0, 4, 9, 2, 5, 7, 3, 4, 6, 2, 4, 1, 0, 2, 10, 4, 1, 5, 3, 3, 5, 2, 5, 5, 1, 0, 1, 3, 1, 1, 2, 1, 8, 1, 2, 1, 3, 1, 2, 3, 1, 5, 2, 5, 4, 3, 5, 5, 0, 4, 8, 4, 1, 4, 2, 4, 6, 4, 2, 5, 2, 2, 5, 1, 4, 1, 2, 4, 5, 1, 3, 5, 3, 3, 5, 4, 3, 8, 1, 2, 5, 1, 3, 3, 4, 3, 1, 2, 1, 5, 2, 5, 1, 2, 1, 1, 2, 1, 5, 3, 3, 4, 1, 2, 5, 4, 2, 1, 2, 1, 8, 3, 5, 7, 2, 3, 5, 0, 3, 5, 2, 3, 5, 1, 4, 2, 2, 3, 5, 1, 5, 7, 3, 4, 7, 2, 1, 4, 2, 2, 2, 3, 2, 2, 3, 1, 4, 3, 1, 8, 4, 1, 2, 1, 4, 5, 1, 2, 2, 0, 2, 2, 2, 2, 8, 1, 4, 4, 3, 1, 5, 1, 4, 2, 2, 4, 7, 3, 1, 4, 1, 4, 2, 4, 3, 5, 3, 1, 4, 3, 2, 2, 3, 1, 9, 3, 2, 5, 1, 3, 5, 3, 3, 5, 2, 5, 8, 2, 1, 6, 3, 2, 5, 3, 4, 8, 2, 2, 9, 1, 5, 3, 3, 1, 4, 2, 4, 1, 0, 4, 7, 2, 1, 8, 4, 4, 7, 3, 4, 5, 3, 4, 1, 2, 1, 4, 1, 1, 3, 2, 3, 9, 2, 5, 4, 1, 2, 2, 2, 2, 5, 2, 3, 8, 1, 4, 2, 0, 2, 3, 2, 1, 2, 3, 0, 1, 2, 3, 9, 4, 3, 6, 4, 4, 5, 3, 0, 4, 1, 4, 5, 3, 4, 10, 1, 0, 8, 2, 3, 1, 2, 2, 2, 3, 4, 2, 1, 1, 1, 4, 1, 2, 2, 3, 6, 1, 1, 1, 3, 2, 2, 0, 3, 2, 3, 3, 5, 3, 4, 2, 3, 1, 1, 1, 5, 1, 2, 1, 5, 2, 3, 2, 1, 5, 5, 2, 4, 5, 2, 3, 1, 2, 4, 1, 2, 4, 2, 0, 1, 1, 2, 3, 5, 3, 3, 2, 3, 4, 2, 1, 5, 2, 2, 3, 2, 2, 4, 1, 0, 2, 5, 4, 5, 5, 3, 5, 4, 3, 1, 3, 2, 2, 5, 2, 3, 2, 2, 3, 8, 4, 2, 2, 3, 3, 5, 2, 3, 3, 3, 3, 5, 4, 3, 2, 3, 1, 1, 1, 4, 6, 1, 1, 2, 3, 3, 4, 1, 0, 4, 1, 2, 5, 3, 3, 8, 3, 5, 2, 2, 3, 8, 2, 3, 7, 3, 1, 1, 1, 4, 5, 3, 3, 1, 2, 1, 5, 4, 3, 2, 1, 5, 5, 1, 4, 1, 2, 2, 8, 4, 4, 2, 0, 2, 1, 3, 2, 8, 1, 0, 2, 3, 4, 2, 3, 3, 1, 0, 2, 5, 2, 1, 8, 3, 4, 5, 2, 2, 2, 1, 4, 2, 3, 3, 2, 3, 1, 1, 4, 1, 5, 0, 1, 2, 3, 3, 5, 2, 0, 5, 1, 4, 5, 4, 3, 4, 0, 4, 5, 1, 4, 8, 3, 3, 8, 1, 4, 5, 3, 3, 5, 3, 3, 1, 2, 3, 8, 4, 3, 4, 1, 1, 5, 1, 3, 1, 3, 5, 5, 1, 3, 1, 4, 2, 7, 1, 4, 5, 1, 3, 1, 3, 2, 1, 2, 4, 3, 3, 3, 5, 3, 1, 5, 3, 5, 1, 2, 2, 2, 3, 4, 5, 4, 1, 2, 3, 1, 4, 3, 2, 8, 3, 1, 2, 1, 1, 4, 2, 1, 5, 3, 5, 2, 1, 2, 7, 3, 5, 10, 1, 1, 8, 4, 1, 1, 1, 5, 5, 4, 3, 1, 4, 3], dimension=0, value=486.6264942332093, stages=0, time=0.0}Solution{id=15, content=[5, 4, 4, 5, 4, 4, 5, 3, 4, 9, 0, 1, 6, 1, 2, 2, 1, 2, 8, 4, 1, 9, 3, 1, 6, 1, 3, 1, 1, 5, 7, 0, 2, 1, 3, 5, 10, 4, 1, 5, 4, 4, 2, 1, 4, 6, 3, 4, 2, 1, 5, 5, 3, 0, 2, 3, 0, 7, 3, 4, 1, 0, 3, 10, 4, 1, 8, 1, 3, 4, 2, 4, 5, 1, 2, 1, 0, 4, 9, 2, 5, 7, 3, 4, 6, 2, 4, 1, 0, 2, 10, 4, 1, 5, 3, 3, 5, 2, 5, 5, 1, 0, 1, 3, 1, 1, 2, 1, 8, 1, 2, 1, 3, 1, 2, 3, 1, 5, 2, 5, 4, 3, 5, 5, 0, 4, 8, 4, 1, 4, 2, 4, 6, 4, 2, 5, 2, 2, 5, 1, 4, 1, 2, 4, 5, 1, 3, 5, 3, 3, 5, 4, 3, 8, 1, 2, 5, 1, 3, 3, 4, 3, 1, 2, 1, 5, 2, 5, 1, 2, 1, 1, 2, 1, 5, 3, 3, 4, 1, 2, 5, 4, 2, 1, 2, 1, 8, 3, 5, 7, 2, 3, 5, 0, 3, 5, 2, 3, 5, 1, 4, 2, 2, 3, 5, 1, 5, 7, 3, 4, 7, 2, 1, 4, 2, 2, 2, 3, 2, 2, 3, 1, 4, 3, 1, 8, 4, 1, 2, 1, 4, 5, 1, 2, 2, 0, 2, 2, 2, 2, 8, 1, 4, 4, 3, 1, 5, 1, 4, 2, 2, 4, 7, 3, 1, 4, 1, 4, 2, 4, 3, 5, 3, 1, 4, 3, 2, 2, 3, 1, 9, 3, 2, 5, 1, 3, 5, 3, 3, 5, 2, 5, 8, 2, 1, 6, 3, 2, 5, 3, 4, 8, 2, 2, 9, 1, 5, 3, 3, 1, 4, 2, 4, 1, 0, 4, 7, 2, 1, 8, 4, 4, 7, 3, 4, 5, 3, 4, 1, 2, 1, 4, 1, 1, 3, 2, 3, 9, 2, 5, 4, 1, 2, 2, 2, 2, 5, 2, 3, 8, 1, 4, 2, 0, 2, 3, 2, 1, 2, 3, 0, 1, 2, 3, 9, 4, 3, 6, 4, 4, 5, 3, 0, 4, 1, 4, 5, 3, 4, 10, 1, 0, 8, 2, 3, 1, 2, 2, 2, 3, 4, 2, 1, 1, 1, 4, 1, 2, 2, 3, 6, 1, 1, 1, 3, 2, 2, 0, 3, 2, 3, 3, 5, 3, 4, 2, 3, 1, 1, 1, 5, 1, 2, 1, 5, 2, 3, 2, 1, 5, 5, 2, 4, 5, 2, 3, 1, 2, 4, 1, 2, 4, 2, 0, 1, 1, 2, 3, 5, 3, 3, 2, 3, 4, 2, 1, 5, 2, 2, 3, 2, 2, 4, 1, 0, 2, 5, 4, 5, 5, 3, 5, 4, 3, 1, 3, 2, 2, 5, 2, 3, 2, 2, 3, 8, 4, 2, 2, 3, 3, 5, 2, 3, 3, 3, 3, 5, 4, 3, 2, 3, 1, 1, 1, 4, 6, 1, 1, 2, 3, 3, 4, 1, 0, 4, 1, 2, 5, 3, 3, 8, 3, 5, 2, 2, 3, 8, 2, 3, 7, 3, 1, 1, 1, 4, 5, 3, 3, 1, 2, 1, 5, 4, 3, 2, 1, 5, 5, 1, 4, 1, 2, 2, 8, 4, 4, 2, 0, 2, 1, 3, 2, 8, 1, 0, 2, 3, 4, 2, 3, 3, 1, 0, 2, 5, 2, 1, 8, 3, 4, 5, 2, 2, 2, 1, 4, 2, 3, 3, 2, 3, 1, 1, 4, 1, 5, 0, 1, 2, 3, 3, 5, 2, 0, 5, 1, 4, 5, 4, 3, 4, 0, 4, 5, 1, 4, 8, 3, 3, 8, 1, 4, 5, 3, 3, 5, 3, 3, 1, 2, 3, 8, 4, 3, 4, 1, 1, 5, 1, 3, 1, 3, 5, 5, 1, 3, 1, 4, 2, 7, 1, 4, 5, 1, 3, 1, 3, 2, 1, 2, 4, 3, 3, 3, 5, 3, 1, 5, 3, 5, 1, 2, 2, 2, 3, 4, 5, 4, 1, 2, 3, 1, 4, 3, 2, 8, 3, 1, 2, 1, 1, 4, 2, 1, 5, 3, 5, 2, 1, 2, 7, 3, 5, 10, 1, 1, 8, 4, 1, 1, 1, 5, 5, 4, 3, 1, 4, 3], dimension=708, value=486.6264942332093, stages=0, time=579.7891165420439}} 
