466.81900990970075,466.28464868476146,467.81845967109604,468.2297089326287,470.5298046842789,465.91559627568705,474.8741339989839,469.1525210411408,466.5834206560486,468.317107862927,465.6789680141446,465.0726386357406,465.9865321503588,468.01588024342897,469.00322967925223,471.0762771846067,466.756307028061,465.54350121268726,469.76818837439623,467.93997805548565,467.12840949082397,468.96321712217804,468.8226092987876,466.18426807472,466.9510077065352,465.2684026393722,465.14219711033775,465.5035353530331,465.7690472750052,466.20183039082355,
WWO统计信息：
size = 50
iters = 3000
nfes = 150000
sum = 14025.300436757034
min = 465.0726386357406
max = 474.8741339989839
mean = 467.5100145585678
std = 2.1550210818457645
totaltime = 1770.188s
avgtime = 59.00626666666667s
最优解：
Wave{amplitude=12.0, length=7.705098653475449E75} Solution{id=22, content=[3, 2, 3, 3, 3, 1, 5, 1, 2, 5, 3, 2, 4, 3, 5, 4, 1, 2, 5, 3, 2, 4, 2, 2, 1, 2, 1, 8, 1, 1, 8, 2, 1, 5, 2, 3, 5, 1, 5, 2, 2, 3, 8, 1, 0, 7, 2, 0, 7, 1, 3, 7, 2, 3, 5, 0, 2, 5, 1, 3, 1, 2, 1, 5, 1, 2, 1, 1, 2, 7, 2, 4, 9, 3, 1, 6, 3, 5, 1, 3, 1, 4, 3, 2, 5, 4, 4, 5, 2, 3, 2, 2, 3, 4, 2, 0, 1, 2, 2, 5, 3, 1, 5, 2, 3, 1, 2, 3, 5, 2, 5, 7, 2, 2, 1, 3, 4, 5, 4, 5, 2, 1, 2, 9, 1, 2, 3, 4, 3, 3, 2, 4, 1, 1, 5, 5, 3, 3, 7, 3, 2, 10, 1, 3, 5, 3, 2, 3, 2, 3, 2, 1, 4, 10, 0, 2, 6, 2, 4, 1, 3, 1, 5, 2, 4, 8, 1, 1, 7, 2, 2, 6, 1, 3, 5, 0, 5, 8, 3, 1, 4, 1, 4, 3, 0, 1, 1, 3, 5, 5, 0, 1, 8, 2, 5, 8, 1, 2, 2, 0, 2, 2, 1, 4, 5, 3, 1, 8, 1, 3, 4, 4, 1, 7, 4, 3, 2, 2, 3, 6, 3, 4, 3, 2, 3, 2, 2, 5, 4, 1, 4, 6, 2, 3, 5, 0, 3, 7, 2, 3, 7, 1, 5, 4, 3, 2, 2, 3, 1, 8, 0, 3, 1, 0, 5, 1, 1, 1, 8, 2, 1, 9, 2, 5, 5, 4, 4, 1, 0, 1, 5, 1, 5, 2, 3, 0, 3, 3, 5, 4, 3, 2, 2, 3, 3, 5, 3, 0, 7, 2, 1, 1, 4, 3, 5, 3, 3, 1, 2, 2, 2, 2, 1, 4, 1, 2, 1, 1, 1, 1, 0, 4, 1, 3, 1, 5, 1, 5, 3, 2, 4, 2, 1, 4, 8, 1, 4, 5, 4, 3, 7, 1, 1, 1, 2, 2, 1, 1, 2, 7, 1, 5, 5, 3, 1, 9, 4, 0, 2, 2, 3, 7, 2, 4, 7, 1, 0, 1, 2, 1, 4, 4, 1, 3, 0, 1, 8, 1, 3, 4, 3, 1, 8, 1, 5, 1, 0, 3, 4, 2, 2, 9, 1, 5, 1, 2, 2, 2, 1, 2, 9, 1, 1, 8, 1, 1, 3, 0, 5, 5, 3, 3, 2, 3, 4, 3, 2, 1, 4, 4, 2, 2, 0, 2, 2, 2, 4, 2, 1, 1, 5, 0, 0, 8, 2, 4, 5, 1, 4, 2, 1, 2, 8, 1, 3, 1, 2, 5, 8, 2, 1, 5, 0, 4, 8, 1, 2, 8, 0, 3, 5, 2, 0, 7, 2, 3, 6, 1, 1, 5, 2, 3, 1, 3, 1, 9, 2, 3, 2, 2, 4, 10, 1, 1, 7, 3, 1, 1, 4, 3, 4, 0, 2, 4, 3, 1, 1, 2, 2, 1, 1, 3, 5, 3, 1, 5, 2, 4, 8, 0, 1, 5, 4, 3, 10, 1, 1, 5, 2, 4, 6, 2, 1, 2, 4, 3, 10, 4, 5, 5, 2, 5, 1, 1, 2, 5, 1, 3, 1, 0, 4, 8, 3, 4, 7, 3, 4, 1, 2, 1, 2, 2, 4, 4, 2, 0, 4, 2, 2, 4, 1, 1, 2, 0, 3, 5, 1, 3, 6, 3, 3, 9, 0, 4, 4, 1, 4, 5, 3, 2, 6, 1, 3, 2, 2, 3, 4, 1, 1, 2, 1, 2, 7, 3, 2, 5, 1, 3, 7, 2, 2, 1, 1, 4, 9, 4, 1, 8, 1, 0, 1, 2, 1, 7, 2, 0, 8, 1, 1, 8, 2, 0, 8, 3, 1, 4, 1, 2, 6, 1, 3, 1, 1, 3, 2, 0, 1, 3, 1, 3, 4, 3, 2, 8, 2, 4, 2, 2, 4, 1, 1, 3, 1, 3, 0, 2, 2, 4, 7, 0, 4, 7, 2, 0, 7, 2, 2, 5, 0, 0, 2, 3, 0, 6, 1, 3, 8, 1, 2, 3, 2, 4, 8, 4, 3, 2, 3, 1, 6, 1, 4, 1, 1, 0, 2, 1, 0, 2, 2, 3, 5, 4, 3, 7, 2, 0, 2, 1, 0, 2, 3, 2, 4, 1, 1, 7, 1, 3], dimension=708, value=474.8741339989839, stages=0, time=585.4069858270607}
最差解：
Wave{amplitude=12.0, length=-73792.01742358717} Solution{id=48, content=[1, 1, 1, 6, 1, 2, 9, 2, 2, 8, 0, 1, 5, 2, 3, 1, 2, 2, 1, 2, 0, 6, 0, 3, 8, 3, 4, 4, 2, 1, 6, 2, 4, 3, 0, 3, 8, 3, 3, 6, 4, 3, 2, 3, 4, 7, 2, 0, 1, 1, 2, 8, 3, 0, 4, 1, 3, 4, 0, 2, 6, 2, 2, 6, 2, 2, 6, 0, 4, 9, 0, 3, 10, 2, 1, 6, 0, 3, 3, 2, 4, 5, 1, 1, 3, 1, 2, 7, 3, 3, 3, 2, 1, 5, 0, 1, 4, 1, 0, 6, 2, 2, 6, 2, 0, 7, 1, 2, 8, 2, 3, 6, 1, 1, 2, 1, 3, 6, 3, 3, 5, 3, 1, 5, 2, 4, 2, 1, 3, 5, 2, 3, 7, 2, 3, 4, 3, 3, 8, 2, 2, 2, 2, 2, 8, 1, 1, 8, 1, 3, 2, 3, 2, 4, 1, 2, 9, 3, 1, 1, 2, 3, 3, 1, 2, 8, 4, 0, 4, 2, 3, 9, 1, 3, 4, 0, 2, 8, 3, 4, 9, 3, 2, 3, 3, 3, 4, 2, 0, 4, 0, 4, 10, 1, 3, 9, 3, 1, 4, 2, 1, 9, 0, 2, 6, 2, 1, 2, 4, 1, 7, 2, 1, 2, 2, 4, 9, 2, 1, 7, 1, 2, 10, 2, 2, 8, 3, 2, 2, 2, 3, 6, 1, 2, 2, 2, 0, 8, 4, 1, 4, 3, 5, 5, 1, 2, 3, 2, 0, 5, 2, 4, 4, 0, 1, 4, 3, 1, 4, 1, 2, 6, 1, 4, 7, 2, 1, 2, 3, 2, 7, 4, 2, 8, 1, 1, 5, 1, 3, 5, 3, 3, 1, 2, 2, 9, 1, 3, 4, 2, 3, 5, 3, 3, 6, 1, 3, 7, 0, 2, 5, 3, 1, 7, 4, 1, 8, 2, 4, 4, 3, 4, 10, 3, 2, 5, 2, 4, 1, 1, 1, 4, 3, 4, 6, 0, 5, 4, 2, 1, 7, 2, 4, 7, 2, 3, 7, 3, 3, 4, 3, 2, 5, 1, 4, 3, 3, 3, 10, 2, 1, 7, 1, 4, 4, 1, 2, 4, 2, 3, 4, 4, 4, 5, 0, 0, 3, 1, 2, 4, 3, 1, 9, 2, 0, 5, 4, 5, 8, 3, 1, 4, 1, 2, 4, 3, 2, 2, 4, 4, 9, 3, 2, 8, 1, 3, 7, 2, 2, 4, 3, 1, 3, 3, 3, 2, 2, 2, 3, 1, 2, 5, 2, 0, 6, 3, 5, 4, 2, 1, 9, 3, 1, 3, 3, 3, 4, 1, 1, 7, 2, 0, 5, 1, 2, 4, 3, 1, 7, 2, 5, 5, 1, 5, 5, 2, 1, 4, 3, 2, 8, 4, 3, 7, 1, 2, 5, 2, 3, 6, 2, 3, 5, 3, 1, 2, 2, 2, 5, 0, 1, 6, 3, 3, 10, 1, 3, 7, 4, 1, 3, 1, 0, 1, 2, 2, 8, 2, 1, 2, 1, 1, 3, 2, 4, 10, 1, 1, 8, 2, 2, 4, 2, 1, 4, 4, 0, 4, 1, 0, 6, 1, 3, 7, 2, 0, 5, 2, 1, 2, 1, 4, 4, 2, 4, 2, 1, 1, 7, 2, 0, 1, 2, 2, 3, 2, 4, 3, 4, 3, 10, 1, 2, 3, 3, 1, 8, 0, 4, 4, 3, 5, 5, 0, 3, 2, 0, 3, 1, 4, 2, 6, 1, 1, 4, 1, 0, 5, 4, 5, 9, 1, 0, 1, 3, 4, 8, 2, 3, 9, 2, 3, 2, 2, 1, 8, 1, 3, 6, 3, 0, 3, 4, 0, 3, 3, 5, 6, 1, 3, 4, 2, 4, 7, 2, 3, 3, 2, 4, 5, 3, 1, 8, 2, 3, 3, 2, 3, 2, 2, 2, 3, 3, 1, 5, 3, 0, 3, 2, 4, 1, 3, 1, 6, 1, 2, 5, 3, 4, 2, 3, 1, 6, 1, 3, 7, 1, 1, 7, 0, 5, 2, 3, 0, 7, 0, 4, 4, 2, 4, 3, 1, 2, 6, 1, 5, 2, 1, 5, 4, 2, 4, 7, 1, 3, 3, 2, 2, 2, 3, 1, 7, 0, 2, 2, 2, 2, 3, 2, 2, 7, 4, 2, 5, 2, 3, 5, 2, 2, 2, 1, 5, 2, 3, 4, 2, 2, 1], dimension=708, value=465.0726386357406, stages=0, time=594.098071673899}
