39.88380773532579,39.86709847457063,39.87438142771729,39.93202937730525,39.87393810310251,39.85873811056935,39.885061097753024,39.87936255711817,39.86797949619612,39.85512858508673,39.86951598105235,39.88486876014278,39.875627545495426,39.83568359383172,39.85205987190869,39.923708324490526,39.89589798504528,39.89450239869355,39.88727794079484,39.86018636282089,39.85507267430805,39.870567587708386,39.85139503002813,39.83703028190879,39.901140485980015,39.90553312573358,39.89992910313617,39.8558024746489,39.85515322066071,39.84753450520257,
DE统计信息：
size = 50
iters = 1000
nfes = 50000
sum = 1196.236012218336
min = 39.83568359383172
max = 39.93202937730525
mean = 39.874533740611206
std = 0.02359526273848227
totaltime = 78.137s
avgtime = 2.6045666666666665s
最优解：
Solution{id=13, content=[2, 1, 1, 2, 1, 2, 4, 1, 2, 2, 1, 2, 4, 1, 2, 4, 1, 2, 2, 1, 2, 2, 1, 2, 4, 2, 2, 2, 1, 2, 4, 2, 2, 4, 1, 2, 2, 2, 2, 4, 1, 2, 4, 2, 2, 4, 1, 2, 2, 1, 2, 4, 1, 2, 2, 2, 2, 3, 1, 2, 2, 1, 2, 4, 1, 2, 2, 2, 2, 2, 1, 2, 2, 1, 2, 4, 1, 2, 2, 1, 2, 2, 1, 2, 2, 1, 2, 4, 1, 2, 4, 1, 2, 4, 1, 2, 2, 1, 2, 4, 2, 2, 2, 1, 2, 4, 1, 2, 4, 1, 2, 2, 1, 2, 4, 2, 2, 2, 2, 2, 2, 1, 2, 2, 1, 2, 4, 2, 2, 3, 1, 2, 4, 2, 2, 2, 1, 2, 4, 2, 2, 4, 2, 2, 2, 1, 2, 4, 2, 2, 2, 1, 2, 4, 1, 2, 2, 2, 2, 4, 1, 2, 4, 2, 2, 2, 1, 2, 2, 1, 2, 2, 2, 2], dimension=174, value=39.93202937730525, stages=0, time=579.3531917997846}
最差解：
Solution{id=1, content=[4, 1, 2, 2, 1, 2, 4, 1, 2, 2, 2, 2, 4, 1, 2, 2, 1, 2, 4, 1, 2, 2, 1, 2, 4, 2, 2, 2, 1, 2, 2, 2, 2, 2, 1, 2, 3, 1, 2, 4, 1, 2, 2, 2, 2, 4, 1, 2, 4, 1, 2, 2, 1, 2, 2, 1, 2, 3, 1, 2, 2, 1, 2, 4, 1, 2, 1, 2, 2, 4, 1, 2, 4, 1, 2, 2, 1, 2, 2, 1, 2, 3, 2, 2, 3, 1, 2, 2, 1, 2, 3, 1, 2, 4, 1, 2, 4, 1, 2, 2, 2, 2, 2, 1, 2, 4, 2, 2, 2, 1, 2, 2, 1, 2, 4, 2, 2, 2, 1, 2, 2, 1, 2, 2, 1, 2, 2, 2, 2, 4, 2, 2, 4, 2, 2, 2, 1, 2, 2, 2, 1, 2, 2, 2, 4, 2, 2, 2, 2, 2, 3, 1, 2, 4, 1, 2, 2, 1, 2, 4, 1, 2, 4, 2, 2, 2, 1, 2, 2, 1, 2, 3, 1, 2], dimension=174, value=39.83568359383172, stages=0, time=580.5109550075852}
39.70653904448952,39.718249880694344,39.75436561849462,39.61850488124814,39.76087837203803,39.690152188032286,39.69720725599498,39.6911296116628,39.63826765460101,39.620048419477094,39.73542615428657,39.743440406891644,39.674435729661056,39.691541222479316,39.696740450275236,39.71643614663252,39.706470677338345,39.738047950178505,39.750709325876585,39.752782699496315,39.763508418391126,39.74213772268383,39.71654692022549,39.679157670210756,39.72746579904546,39.641240347970474,39.69572366824285,39.727225072259586,39.698460584435885,39.6419645606,
DE统计信息：
size = 50
iters = 1000
nfes = 50000
sum = 1191.1348044539145
min = 39.61850488124814
max = 39.763508418391126
mean = 39.70449348179715
std = 0.04123481073006117
totaltime = 76.292s
avgtime = 2.543066666666667s
最优解：
Solution{id=42, content=[2, 1, 2, 2, 1, 2, 4, 1, 2, 2, 2, 2, 2, 1, 2, 4, 1, 2, 4, 1, 2, 2, 1, 2, 2, 2, 2, 2, 1, 2, 3, 1, 2, 2, 1, 1, 3, 2, 2, 2, 1, 2, 4, 2, 1, 4, 1, 2, 3, 1, 2, 4, 1, 2, 2, 2, 2, 4, 1, 2, 4, 1, 2, 2, 1, 2, 4, 2, 2, 3, 1, 2, 2, 1, 2, 2, 1, 1, 2, 1, 2, 3, 1, 2, 4, 1, 2, 4, 1, 2, 2, 1, 2, 2, 1, 2, 4, 1, 2, 2, 2, 1, 2, 1, 2, 4, 1, 2, 4, 1, 2, 2, 1, 1, 4, 2, 1, 4, 2, 2, 3, 1, 2, 3, 1, 2, 2, 2, 2, 1, 1, 2, 2, 2, 1, 4, 1, 2, 4, 2, 1, 2, 2, 1, 3, 2, 1, 4, 2, 2, 3, 1, 2, 4, 1, 2, 2, 2, 1, 3, 1, 2, 2, 1, 1, 4, 1, 2, 4, 1, 2, 2, 1, 2], dimension=174, value=39.763508418391126, stages=0, time=445.0626754683445}
最差解：
Solution{id=7, content=[4, 1, 1, 3, 1, 2, 4, 1, 2, 4, 1, 2, 4, 1, 2, 3, 1, 2, 2, 2, 2, 4, 1, 2, 2, 1, 1, 2, 1, 2, 2, 2, 1, 4, 1, 2, 4, 2, 1, 4, 1, 2, 2, 2, 2, 3, 1, 2, 3, 1, 2, 4, 1, 2, 3, 1, 2, 3, 1, 2, 4, 1, 2, 2, 1, 1, 4, 2, 2, 3, 1, 2, 2, 1, 2, 4, 2, 2, 4, 1, 2, 3, 1, 2, 3, 1, 2, 3, 1, 2, 2, 1, 2, 3, 1, 2, 2, 2, 2, 2, 2, 2, 2, 1, 2, 2, 1, 1, 3, 1, 2, 4, 1, 1, 2, 2, 2, 3, 2, 2, 2, 1, 2, 4, 1, 2, 2, 2, 1, 4, 2, 2, 2, 2, 1, 4, 1, 2, 3, 2, 2, 4, 2, 2, 3, 1, 1, 4, 2, 2, 2, 1, 2, 2, 1, 2, 4, 1, 1, 2, 1, 2, 2, 1, 1, 2, 2, 2, 2, 1, 2, 2, 1, 2], dimension=174, value=39.61850488124814, stages=0, time=446.365247018076}
39.683664904068245,39.69178423249626,39.64840790838079,39.76706538761913,39.72311284278035,39.74216956464023,39.60783880904635,39.643425167341135,39.723657365696276,39.671972646724235,39.67229843771888,39.70987725173352,39.60241868331639,39.68687175034407,39.75576293334476,39.66640478431322,39.69243505275807,39.727640967797875,39.68022265000561,39.67206068098011,39.64994275620782,39.80231370365682,39.76507091310232,39.70876467393272,39.68018647801235,39.693374674523916,39.66362106745453,39.68150259234195,39.726850872451685,39.57830781683075,
DE统计信息：
size = 50
iters = 1000
nfes = 50000
sum = 1190.7190275696207
min = 39.57830781683075
max = 39.80231370365682
mean = 39.69063425232069
std = 0.049800228963252896
totaltime = 75.079s
avgtime = 2.5026333333333333s
最优解：
Solution{id=37, content=[3, 2, 2, 2, 1, 2, 2, 1, 2, 3, 1, 2, 2, 1, 2, 2, 1, 2, 2, 1, 2, 4, 1, 2, 2, 1, 1, 2, 1, 2, 2, 2, 2, 4, 1, 2, 4, 2, 1, 4, 1, 2, 4, 2, 2, 2, 1, 2, 2, 1, 2, 4, 1, 2, 2, 2, 2, 3, 1, 2, 2, 1, 2, 4, 1, 2, 2, 1, 1, 4, 1, 2, 3, 1, 2, 4, 1, 2, 2, 1, 2, 3, 2, 2, 3, 1, 2, 4, 1, 2, 2, 1, 2, 2, 1, 2, 2, 1, 2, 2, 2, 1, 3, 1, 2, 4, 1, 1, 4, 1, 2, 3, 1, 2, 4, 2, 1, 2, 1, 2, 2, 1, 2, 2, 1, 2, 2, 2, 1, 2, 1, 2, 4, 2, 1, 2, 1, 2, 4, 2, 1, 2, 2, 1, 3, 2, 1, 2, 2, 1, 2, 1, 2, 2, 1, 1, 4, 2, 2, 4, 1, 2, 4, 2, 2, 2, 1, 2, 2, 1, 2, 4, 2, 2], dimension=174, value=39.80231370365682, stages=0, time=445.7576168699645}
最差解：
Solution{id=11, content=[2, 1, 2, 2, 1, 2, 2, 1, 2, 2, 2, 1, 4, 1, 1, 3, 2, 2, 2, 1, 2, 3, 1, 1, 2, 1, 1, 1, 1, 2, 4, 2, 2, 2, 1, 2, 2, 1, 1, 4, 1, 1, 4, 2, 1, 4, 1, 2, 3, 1, 2, 4, 1, 2, 2, 2, 2, 2, 1, 2, 2, 1, 2, 4, 1, 2, 3, 1, 2, 2, 2, 2, 2, 1, 2, 2, 2, 1, 2, 1, 2, 4, 2, 2, 2, 1, 2, 2, 1, 2, 3, 1, 2, 4, 1, 2, 4, 1, 1, 4, 2, 2, 2, 1, 2, 4, 1, 2, 2, 1, 2, 2, 1, 1, 4, 0, 2, 2, 2, 1, 4, 1, 2, 4, 1, 2, 4, 2, 2, 3, 1, 2, 4, 2, 2, 2, 1, 2, 4, 2, 0, 4, 2, 2, 2, 1, 1, 2, 2, 2, 4, 1, 2, 3, 1, 1, 4, 0, 2, 2, 1, 2, 2, 2, 2, 4, 1, 2, 4, 1, 2, 3, 1, 2], dimension=174, value=39.57830781683075, stages=0, time=439.26818755559185}
39.71314006519241,39.73265279640689,39.72637424439289,39.721359067709,39.73444945900214,39.639190164924436,39.70244486616821,39.712630966679924,39.66831884968246,39.795095399214084,39.79158622331322,39.72004464691606,39.79411017328133,39.67421101201252,39.69566763924927,39.679442480416434,39.738033167074114,39.751110588117164,39.74690958585297,39.63990409974764,39.68040175910348,39.66619179275204,39.675672233461164,39.67484413996744,39.68817147892015,39.749992772588385,39.77519127213194,39.66240689371876,39.64164288882335,39.73801621272056,
DE统计信息：
size = 50
iters = 1000
nfes = 50000
sum = 1191.3292069395404
min = 39.639190164924436
max = 39.795095399214084
mean = 39.71097356465135
std = 0.04541288907351896
totaltime = 74.203s
avgtime = 2.4734333333333334s
最优解：
Solution{id=27, content=[4, 2, 2, 2, 1, 2, 4, 1, 2, 3, 2, 2, 2, 1, 2, 4, 1, 2, 4, 1, 2, 2, 1, 2, 4, 1, 2, 2, 1, 2, 4, 2, 2, 2, 1, 1, 4, 2, 1, 2, 1, 2, 4, 2, 1, 3, 1, 2, 4, 1, 2, 4, 1, 2, 4, 1, 2, 4, 1, 2, 2, 1, 2, 2, 1, 2, 3, 1, 2, 2, 1, 2, 2, 1, 2, 4, 1, 2, 2, 1, 2, 2, 2, 2, 3, 1, 2, 4, 1, 2, 3, 1, 2, 2, 1, 2, 3, 1, 2, 2, 2, 1, 2, 1, 2, 4, 1, 2, 4, 1, 2, 2, 1, 1, 2, 0, 1, 2, 2, 2, 2, 1, 2, 4, 1, 2, 2, 2, 1, 4, 2, 2, 4, 2, 1, 2, 1, 2, 3, 2, 1, 4, 2, 1, 3, 2, 1, 4, 2, 2, 3, 1, 2, 2, 1, 1, 2, 2, 2, 4, 1, 2, 4, 1, 2, 2, 1, 2, 2, 1, 2, 2, 2, 2], dimension=174, value=39.795095399214084, stages=0, time=448.09513363542436}
最差解：
Solution{id=24, content=[2, 2, 2, 4, 1, 2, 4, 1, 2, 2, 1, 2, 4, 1, 2, 2, 1, 2, 1, 1, 2, 3, 1, 2, 2, 0, 2, 3, 1, 2, 2, 2, 2, 2, 1, 1, 4, 2, 1, 4, 1, 2, 3, 1, 1, 3, 1, 2, 2, 2, 2, 3, 1, 2, 2, 2, 2, 2, 1, 1, 4, 1, 2, 4, 1, 2, 2, 2, 2, 4, 2, 2, 2, 1, 2, 2, 2, 2, 4, 1, 2, 4, 1, 2, 2, 1, 2, 2, 1, 2, 3, 1, 2, 4, 1, 2, 4, 1, 2, 3, 2, 1, 4, 1, 2, 4, 1, 1, 4, 1, 2, 3, 1, 2, 3, 2, 1, 3, 1, 2, 3, 1, 2, 4, 1, 2, 3, 2, 1, 2, 2, 2, 2, 2, 1, 2, 1, 2, 4, 2, 1, 2, 2, 1, 2, 2, 1, 4, 2, 2, 2, 1, 2, 4, 1, 2, 4, 2, 1, 4, 1, 2, 3, 2, 2, 4, 1, 2, 3, 1, 2, 4, 1, 2], dimension=174, value=39.639190164924436, stages=0, time=431.43552185173326}
39.68182315926539,39.68686434771369,39.74288908969061,39.70449504098802,39.64254109391631,39.692268935383616,39.749479984502386,39.614490236650205,39.762860339635544,39.700464233031774,39.68827894910413,39.75585306915987,39.74972953844841,39.734863391630526,39.72799870617071,39.70916089731791,39.64355549284439,39.6305601345365,39.732899509017095,39.75021006134341,39.68094558198431,39.72825393046126,39.67890825431104,39.758766517958456,39.6945853539295,39.70218085124343,39.68883756311083,39.728689100886584,39.680139081765724,39.69594966219899,
DE统计信息：
size = 50
iters = 1000
nfes = 50000
sum = 1191.1385421082007
min = 39.614490236650205
max = 39.762860339635544
mean = 39.704618070273355
std = 0.039248480786002175
totaltime = 73.199s
avgtime = 2.4399666666666664s
最优解：
Solution{id=23, content=[2, 2, 1, 2, 1, 2, 3, 1, 2, 3, 2, 2, 2, 1, 2, 4, 1, 2, 3, 1, 2, 2, 1, 2, 4, 2, 2, 2, 1, 2, 4, 2, 2, 2, 1, 1, 4, 2, 1, 4, 1, 2, 3, 1, 1, 2, 1, 2, 2, 1, 2, 2, 1, 2, 2, 2, 1, 2, 1, 2, 4, 1, 2, 2, 1, 2, 2, 1, 2, 3, 1, 2, 2, 1, 2, 4, 1, 2, 4, 1, 2, 1, 2, 2, 4, 1, 2, 4, 1, 2, 2, 1, 2, 3, 1, 2, 4, 1, 2, 4, 2, 2, 2, 1, 2, 2, 1, 1, 3, 1, 2, 4, 1, 2, 4, 2, 1, 2, 2, 2, 2, 1, 2, 4, 1, 2, 2, 2, 1, 3, 1, 2, 4, 2, 1, 4, 1, 2, 4, 2, 1, 2, 2, 1, 1, 1, 1, 4, 2, 2, 2, 1, 2, 4, 1, 1, 3, 2, 2, 4, 1, 2, 4, 2, 2, 2, 1, 2, 2, 1, 2, 2, 1, 2], dimension=174, value=39.762860339635544, stages=0, time=438.47372680343545}
最差解：
Solution{id=49, content=[2, 1, 1, 2, 1, 2, 2, 1, 2, 4, 2, 2, 2, 1, 2, 4, 1, 2, 2, 1, 2, 3, 1, 2, 2, 1, 2, 2, 1, 2, 3, 1, 2, 4, 1, 2, 4, 2, 1, 3, 1, 2, 2, 0, 1, 4, 1, 2, 2, 1, 2, 4, 1, 2, 3, 1, 2, 2, 1, 1, 2, 1, 2, 2, 1, 2, 2, 1, 2, 3, 1, 2, 4, 1, 2, 4, 1, 2, 2, 1, 2, 4, 1, 2, 4, 1, 2, 4, 1, 2, 2, 2, 2, 3, 1, 2, 4, 2, 2, 4, 2, 2, 4, 1, 2, 4, 1, 2, 4, 1, 2, 1, 1, 2, 4, 1, 1, 3, 2, 1, 3, 1, 2, 2, 1, 2, 2, 1, 1, 3, 2, 2, 3, 2, 1, 2, 1, 2, 2, 1, 1, 1, 1, 1, 4, 1, 2, 2, 2, 1, 3, 1, 2, 2, 1, 1, 3, 2, 1, 4, 1, 2, 3, 1, 2, 3, 2, 2, 4, 1, 2, 4, 2, 2], dimension=174, value=39.614490236650205, stages=0, time=449.4059065251758}
39.81112207743971,39.71882116697569,39.80368222041211,39.713215219068495,39.78725300229564,39.82013613806797,39.74327364420338,39.792348797645005,39.82781612467999,39.78204284679053,39.818166884692815,39.75596221926393,39.810160693744436,39.76736646208064,39.832918601849876,39.76781176745477,39.880267673535926,39.7660746860745,39.69801080601248,39.67564144830144,39.757222888112125,39.75648089899722,39.84584974475347,39.776416369328835,39.74271775889948,39.769840666964996,39.80223341171669,39.75604253944272,39.81476934018991,39.797217331749195,
DE统计信息：
size = 50
iters = 1500
nfes = 75000
sum = 1193.390883430744
min = 39.67564144830144
max = 39.880267673535926
mean = 39.77969611435813
std = 0.04494674052342085
totaltime = 109.888s
avgtime = 3.6629333333333336s
最优解：
Solution{id=13, content=[2, 2, 1, 2, 1, 2, 2, 1, 1, 2, 2, 2, 4, 1, 2, 2, 1, 2, 2, 1, 2, 2, 1, 2, 4, 1, 2, 2, 1, 2, 2, 2, 2, 4, 1, 2, 4, 2, 1, 4, 1, 2, 2, 2, 1, 2, 1, 2, 4, 1, 2, 2, 1, 2, 2, 1, 2, 3, 1, 2, 2, 1, 2, 2, 1, 2, 2, 2, 2, 2, 1, 2, 2, 1, 2, 4, 1, 2, 2, 1, 2, 2, 2, 2, 2, 1, 2, 4, 1, 2, 2, 1, 2, 2, 1, 2, 2, 1, 2, 2, 2, 1, 2, 1, 2, 4, 1, 1, 4, 1, 2, 2, 1, 2, 4, 1, 1, 2, 2, 1, 2, 1, 2, 2, 1, 2, 4, 2, 2, 2, 1, 2, 4, 2, 1, 2, 1, 2, 2, 2, 1, 2, 2, 1, 2, 1, 1, 4, 2, 2, 2, 1, 2, 4, 1, 2, 2, 1, 1, 4, 1, 2, 4, 2, 2, 2, 1, 2, 2, 1, 2, 2, 1, 2], dimension=174, value=39.880267673535926, stages=0, time=449.7589219173372}
最差解：
Solution{id=4, content=[3, 2, 2, 3, 1, 2, 3, 1, 2, 3, 2, 2, 4, 1, 2, 2, 1, 2, 4, 1, 2, 4, 1, 2, 2, 2, 2, 3, 1, 2, 4, 1, 2, 4, 1, 2, 4, 2, 1, 2, 1, 1, 4, 2, 2, 2, 2, 2, 4, 1, 2, 4, 1, 2, 4, 1, 2, 2, 1, 2, 2, 1, 2, 4, 1, 2, 4, 2, 2, 2, 2, 2, 3, 1, 2, 4, 1, 2, 3, 1, 2, 4, 2, 2, 4, 1, 2, 4, 1, 2, 3, 1, 2, 4, 1, 2, 2, 1, 1, 4, 2, 1, 4, 1, 2, 2, 1, 1, 4, 1, 2, 2, 1, 1, 4, 1, 1, 2, 2, 1, 3, 1, 2, 2, 1, 2, 3, 2, 2, 4, 2, 2, 4, 2, 1, 2, 1, 2, 3, 2, 1, 3, 2, 1, 1, 2, 2, 4, 2, 2, 2, 1, 2, 4, 1, 2, 3, 2, 1, 4, 1, 2, 2, 1, 1, 2, 1, 1, 4, 1, 2, 3, 2, 2], dimension=174, value=39.67564144830144, stages=0, time=423.9204420746271}
