39.27910377050955,38.865214104789985,39.02506861532783,39.17829847946969,39.148083104786565,39.15463689632118,39.2415213040582,38.93770890887354,38.82731952480635,39.1422221447707,38.93788220516601,39.191082217119416,38.96685344108203,39.201585041736905,39.26822107426624,39.230459406154246,39.12245167122938,39.21422856926337,39.11129573033314,39.21291627521376,38.93733287262275,39.04011274663052,38.90673845088269,39.19312997083837,39.04617588117668,39.13724041680536,39.29925038822172,39.04539495493609,39.10670501483076,38.62494239760799,
DEDNSPSO统计信息：
size = 50
iters = 1000
nfes = 50000
sum = 1172.5931755798313
min = 38.62494239760799
max = 39.29925038822172
mean = 39.08643918599437
std = 0.15584775411437193
totaltime = 83.705s
avgtime = 2.7901666666666665s
最优解：
Particle{, pBest=Solution{id=0, content=[2, 1, 2, 1, 1, 1, 2, 1, 0, 2, 1, 2, 2, 1, 1, 2, 1, 1, 2, 1, 2, 2, 1, 1, 2, 1, 1, 2, 1, 2, 2, 1, 2, 2, 1, 1, 2, 1, 1, 2, 1, 1, 2, 1, 1, 2, 1, 2, 2, 1, 2, 2, 1, 2, 1, 1, 1, 2, 1, 2, 2, 1, 1, 2, 1, 1, 2, 1, 1, 2, 1, 1, 2, 1, 2, 4, 1, 2, 2, 1, 2, 2, 1, 1, 1, 1, 1, 2, 1, 2, 2, 1, 1, 2, 1, 1, 2, 1, 1, 2, 0, 2, 2, 1, 2, 4, 1, 2, 2, 1, 1, 2, 1, 2, 2, 1, 1, 2, 1, 2, 2, 1, 1, 2, 1, 1, 2, 2, 1, 1, 1, 1, 2, 2, 1, 2, 1, 1, 2, 0, 0, 2, 1, 2, 2, 1, 0, 2, 0, 2, 2, 1, 2, 2, 1, 1, 1, 1, 1, 2, 1, 0, 2, 1, 1, 2, 1, 2, 2, 1, 2, 2, 1, 1], dimension=0, value=39.29925038822172, stages=0, time=0.0}Solution{id=14, content=[2, 1, 2, 1, 1, 1, 2, 1, 0, 2, 1, 2, 2, 1, 1, 2, 1, 1, 2, 1, 2, 2, 1, 1, 2, 1, 1, 2, 1, 2, 2, 1, 2, 2, 1, 1, 2, 1, 1, 2, 1, 1, 2, 1, 1, 2, 1, 2, 2, 1, 2, 2, 1, 2, 1, 1, 1, 2, 1, 2, 2, 1, 1, 2, 1, 1, 2, 1, 1, 2, 1, 1, 2, 1, 2, 4, 1, 2, 2, 1, 2, 2, 1, 1, 1, 1, 1, 2, 1, 2, 2, 1, 1, 2, 1, 1, 2, 1, 1, 2, 0, 2, 2, 1, 2, 4, 1, 2, 2, 1, 1, 2, 1, 2, 2, 1, 1, 2, 1, 2, 2, 1, 1, 2, 1, 1, 2, 2, 1, 1, 1, 1, 2, 2, 1, 2, 1, 1, 2, 0, 0, 2, 1, 2, 2, 1, 0, 2, 0, 2, 2, 1, 2, 2, 1, 1, 1, 1, 1, 2, 1, 0, 2, 1, 1, 2, 1, 2, 2, 1, 2, 2, 1, 1], dimension=174, value=39.29925038822172, stages=0, time=322.05393519343806}} 
最差解：
Particle{, pBest=Solution{id=0, content=[2, 1, 2, 1, 1, 1, 2, 1, 1, 2, 1, 1, 2, 1, 1, 2, 1, 1, 2, 1, 1, 2, 1, 1, 2, 1, 2, 2, 1, 0, 2, 1, 1, 2, 0, 1, 2, 0, 1, 2, 0, 2, 2, 1, 0, 2, 0, 2, 2, 1, 2, 2, 1, 2, 1, 1, 2, 2, 1, 1, 2, 0, 2, 2, 1, 0, 1, 1, 0, 1, 1, 1, 2, 1, 1, 2, 1, 1, 1, 1, 1, 2, 0, 2, 2, 1, 2, 2, 1, 1, 1, 1, 1, 2, 1, 1, 2, 0, 1, 2, 1, 0, 3, 1, 2, 2, 1, 1, 2, 1, 1, 2, 1, 2, 3, 2, 1, 2, 0, 2, 2, 0, 2, 2, 0, 1, 2, 0, 1, 2, 1, 1, 2, 0, 2, 2, 1, 1, 1, 1, 1, 1, 0, 1, 2, 1, 1, 2, 2, 2, 2, 1, 2, 2, 0, 1, 2, 0, 0, 2, 1, 1, 2, 1, 1, 2, 1, 2, 2, 1, 1, 1, 0, 2], dimension=0, value=38.62494239760799, stages=0, time=0.0}Solution{id=28, content=[2, 1, 2, 1, 1, 1, 2, 1, 1, 2, 1, 1, 2, 1, 1, 2, 1, 1, 2, 1, 1, 2, 1, 1, 2, 1, 2, 2, 1, 0, 2, 1, 1, 2, 0, 1, 2, 0, 1, 2, 0, 2, 2, 1, 0, 2, 0, 2, 2, 1, 2, 2, 1, 2, 1, 1, 2, 2, 1, 1, 2, 0, 2, 2, 1, 0, 1, 1, 0, 1, 1, 1, 2, 1, 1, 2, 1, 1, 1, 1, 1, 2, 0, 2, 2, 1, 2, 2, 1, 1, 1, 1, 1, 2, 1, 1, 2, 0, 1, 2, 1, 0, 3, 1, 2, 2, 1, 1, 2, 1, 1, 2, 1, 2, 3, 2, 1, 2, 0, 2, 2, 0, 2, 2, 0, 1, 2, 0, 1, 2, 1, 1, 2, 0, 2, 2, 1, 1, 1, 1, 1, 1, 0, 1, 2, 1, 1, 2, 2, 2, 2, 1, 2, 2, 0, 1, 2, 0, 0, 2, 1, 1, 2, 1, 1, 2, 1, 2, 2, 1, 1, 1, 0, 2], dimension=174, value=38.62494239760799, stages=0, time=332.8446067614287}} 
38.98943125013188,39.04933605311833,38.88784192588944,38.90216534684863,39.24490305224828,39.28522408305485,38.591386629907404,39.04762634053547,39.01650273523072,39.08247241445289,38.92574455846855,39.236458830113,39.17365749809941,38.90832399290144,39.31899363790106,38.753262811963715,39.01670347868842,38.85180795622316,39.37302783524751,39.135983682562056,38.82919780149838,39.354706662786796,39.03326074137521,38.576533619891215,39.19031427346853,38.991317360840064,39.347831970807434,38.89841884586323,39.188178315442094,39.10751523719938,
DEDNSPSO统计信息：
size = 50
iters = 1000
nfes = 50000
sum = 1171.3081289427587
min = 38.576533619891215
max = 39.37302783524751
mean = 39.04360429809196
std = 0.20990895221158276
totaltime = 81.534s
avgtime = 2.7178s
最优解：
Particle{, pBest=Solution{id=0, content=[2, 1, 1, 1, 1, 2, 2, 1, 2, 2, 1, 2, 2, 1, 2, 2, 1, 1, 2, 1, 2, 1, 1, 2, 2, 1, 1, 2, 1, 2, 2, 1, 1, 2, 1, 1, 2, 1, 1, 2, 1, 2, 2, 1, 0, 2, 1, 2, 2, 1, 1, 2, 1, 2, 2, 1, 0, 2, 1, 1, 2, 1, 1, 2, 1, 2, 1, 1, 2, 2, 1, 2, 2, 1, 2, 2, 1, 2, 2, 1, 1, 2, 1, 2, 2, 1, 2, 3, 1, 1, 2, 1, 1, 2, 1, 2, 2, 1, 2, 2, 1, 2, 2, 1, 1, 2, 1, 2, 2, 1, 1, 2, 1, 1, 2, 1, 1, 2, 1, 0, 2, 1, 1, 2, 1, 2, 2, 1, 2, 2, 1, 1, 2, 0, 2, 1, 1, 2, 1, 1, 1, 2, 1, 1, 1, 1, 0, 2, 1, 1, 2, 1, 2, 2, 1, 1, 2, 1, 1, 2, 1, 1, 2, 1, 1, 2, 1, 2, 2, 0, 2, 2, 0, 2], dimension=0, value=39.37302783524751, stages=0, time=0.0}Solution{id=35, content=[2, 1, 1, 1, 1, 2, 2, 1, 2, 2, 1, 2, 2, 1, 2, 2, 1, 1, 2, 1, 2, 1, 1, 2, 2, 1, 1, 2, 1, 2, 2, 1, 1, 2, 1, 1, 2, 1, 1, 2, 1, 2, 2, 1, 0, 2, 1, 2, 2, 1, 1, 2, 1, 2, 2, 1, 0, 2, 1, 1, 2, 1, 1, 2, 1, 2, 1, 1, 2, 2, 1, 2, 2, 1, 2, 2, 1, 2, 2, 1, 1, 2, 1, 2, 2, 1, 2, 3, 1, 1, 2, 1, 1, 2, 1, 2, 2, 1, 2, 2, 1, 2, 2, 1, 1, 2, 1, 2, 2, 1, 1, 2, 1, 1, 2, 1, 1, 2, 1, 0, 2, 1, 1, 2, 1, 2, 2, 1, 2, 2, 1, 1, 2, 0, 2, 1, 1, 2, 1, 1, 1, 2, 1, 1, 1, 1, 0, 2, 1, 1, 2, 1, 2, 2, 1, 1, 2, 1, 1, 2, 1, 1, 2, 1, 1, 2, 1, 2, 2, 0, 2, 2, 0, 2], dimension=174, value=39.37302783524751, stages=0, time=295.3457676186688}} 
最差解：
Particle{, pBest=Solution{id=0, content=[2, 0, 0, 2, 1, 1, 2, 1, 2, 1, 1, 1, 2, 1, 1, 2, 1, 1, 2, 1, 2, 2, 1, 2, 2, 1, 1, 2, 1, 1, 2, 0, 1, 2, 1, 1, 1, 2, 1, 1, 1, 0, 2, 1, 1, 2, 1, 1, 2, 0, 2, 2, 0, 1, 3, 0, 2, 2, 0, 2, 2, 1, 1, 2, 0, 2, 2, 1, 1, 2, 1, 1, 2, 1, 2, 2, 0, 1, 2, 1, 1, 1, 1, 1, 3, 1, 2, 2, 1, 1, 2, 1, 1, 2, 1, 1, 2, 0, 1, 2, 1, 0, 2, 1, 0, 2, 0, 2, 2, 1, 1, 2, 1, 0, 2, 1, 1, 1, 0, 2, 2, 0, 2, 2, 0, 2, 2, 1, 1, 2, 1, 2, 2, 1, 1, 2, 1, 2, 2, 1, 1, 2, 1, 0, 2, 1, 2, 2, 1, 1, 1, 1, 2, 2, 0, 2, 2, 0, 1, 2, 1, 1, 2, 1, 1, 2, 1, 2, 2, 1, 2, 2, 1, 0], dimension=0, value=38.576533619891215, stages=0, time=0.0}Solution{id=25, content=[2, 0, 0, 2, 1, 1, 2, 1, 2, 1, 1, 1, 2, 1, 1, 2, 1, 1, 2, 1, 2, 2, 1, 2, 2, 1, 1, 2, 1, 1, 2, 0, 1, 2, 1, 1, 1, 2, 1, 1, 1, 0, 2, 1, 1, 2, 1, 1, 2, 0, 2, 2, 0, 1, 3, 0, 2, 2, 0, 2, 2, 1, 1, 2, 0, 2, 2, 1, 1, 2, 1, 1, 2, 1, 2, 2, 0, 1, 2, 1, 1, 1, 1, 1, 3, 1, 2, 2, 1, 1, 2, 1, 1, 2, 1, 1, 2, 0, 1, 2, 1, 0, 2, 1, 0, 2, 0, 2, 2, 1, 1, 2, 1, 0, 2, 1, 1, 1, 0, 2, 2, 0, 2, 2, 0, 2, 2, 1, 1, 2, 1, 2, 2, 1, 1, 2, 1, 2, 2, 1, 1, 2, 1, 0, 2, 1, 2, 2, 1, 1, 1, 1, 2, 2, 0, 2, 2, 0, 1, 2, 1, 1, 2, 1, 1, 2, 1, 2, 2, 1, 2, 2, 1, 0], dimension=174, value=38.576533619891215, stages=0, time=295.99713846118846}} 
39.36292328324584,39.27141246791109,39.34129343500891,39.429765491785744,38.98905483411849,39.28114470288845,39.367850521522236,39.36838192935072,39.39846524201179,39.46685694398077,39.367060003776956,39.21649829572772,39.37671300190361,39.37047483807092,39.46300508418874,39.382721896569876,39.35657870884142,39.37375317345661,38.96489465361283,39.403375724997666,39.396913966940915,39.356135806420205,39.46630828406733,39.49656844674018,39.141003639155386,39.342022175604896,39.21921583743448,39.31767795785892,39.31958080782007,39.379330202319736,
DEDNSPSO统计信息：
size = 50
iters = 1000
nfes = 50000
sum = 1179.9869813573328
min = 38.96489465361283
max = 39.49656844674018
mean = 39.33289937857776
std = 0.12338169950128558
totaltime = 78.922s
avgtime = 2.630733333333333s
最优解：
Particle{, pBest=Solution{id=0, content=[2, 1, 2, 2, 1, 1, 2, 1, 1, 2, 1, 2, 2, 1, 1, 2, 1, 2, 2, 1, 1, 2, 1, 1, 2, 1, 2, 2, 1, 2, 1, 1, 1, 2, 1, 1, 2, 1, 2, 2, 1, 2, 2, 2, 2, 2, 1, 1, 2, 1, 1, 2, 1, 1, 2, 1, 1, 2, 1, 2, 2, 1, 1, 2, 1, 2, 2, 1, 1, 2, 1, 2, 2, 1, 1, 2, 1, 2, 2, 1, 1, 2, 1, 1, 2, 1, 1, 2, 1, 2, 2, 2, 1, 2, 1, 2, 2, 1, 2, 2, 2, 1, 2, 1, 1, 2, 1, 1, 2, 1, 2, 2, 1, 2, 2, 1, 2, 2, 1, 1, 2, 1, 2, 2, 1, 2, 2, 1, 2, 2, 1, 1, 2, 2, 1, 2, 1, 2, 2, 1, 2, 2, 2, 1, 2, 2, 1, 2, 1, 2, 2, 1, 2, 2, 2, 1, 2, 1, 2, 2, 1, 2, 2, 1, 1, 2, 1, 2, 2, 1, 2, 2, 1, 2], dimension=0, value=39.49656844674018, stages=0, time=0.0}Solution{id=12, content=[2, 1, 2, 2, 1, 1, 2, 1, 1, 2, 1, 2, 2, 1, 1, 2, 1, 2, 2, 1, 1, 2, 1, 1, 2, 1, 2, 2, 1, 2, 1, 1, 1, 2, 1, 1, 2, 1, 2, 2, 1, 2, 2, 2, 2, 2, 1, 1, 2, 1, 1, 2, 1, 1, 2, 1, 1, 2, 1, 2, 2, 1, 1, 2, 1, 2, 2, 1, 1, 2, 1, 2, 2, 1, 1, 2, 1, 2, 2, 1, 1, 2, 1, 1, 2, 1, 1, 2, 1, 2, 2, 2, 1, 2, 1, 2, 2, 1, 2, 2, 2, 1, 2, 1, 1, 2, 1, 1, 2, 1, 2, 2, 1, 2, 2, 1, 2, 2, 1, 1, 2, 1, 2, 2, 1, 2, 2, 1, 2, 2, 1, 1, 2, 2, 1, 2, 1, 2, 2, 1, 2, 2, 2, 1, 2, 2, 1, 2, 1, 2, 2, 1, 2, 2, 2, 1, 2, 1, 2, 2, 1, 2, 2, 1, 1, 2, 1, 2, 2, 1, 2, 2, 1, 2], dimension=174, value=39.49656844674018, stages=0, time=306.1611162703972}} 
最差解：
Particle{, pBest=Solution{id=0, content=[2, 1, 1, 2, 1, 1, 2, 1, 1, 2, 1, 1, 2, 1, 1, 1, 1, 1, 2, 1, 2, 2, 1, 2, 2, 1, 2, 2, 1, 1, 2, 1, 2, 2, 1, 1, 2, 0, 1, 2, 1, 1, 2, 1, 1, 2, 1, 2, 2, 1, 1, 2, 1, 1, 2, 1, 0, 2, 1, 2, 2, 1, 1, 1, 1, 1, 2, 1, 2, 2, 0, 1, 2, 2, 2, 2, 0, 1, 2, 1, 2, 2, 1, 2, 2, 1, 1, 1, 1, 1, 2, 1, 1, 2, 1, 2, 2, 1, 2, 2, 1, 0, 2, 1, 1, 2, 1, 1, 2, 1, 1, 2, 1, 1, 2, 1, 1, 2, 1, 2, 2, 1, 1, 2, 1, 1, 2, 1, 1, 2, 1, 2, 2, 1, 1, 2, 1, 1, 2, 2, 1, 2, 2, 0, 2, 1, 1, 1, 0, 1, 1, 1, 1, 2, 1, 1, 2, 1, 1, 2, 1, 1, 2, 1, 1, 2, 1, 1, 2, 1, 1, 2, 1, 1], dimension=0, value=38.96489465361283, stages=0, time=0.0}Solution{id=3, content=[2, 1, 1, 2, 1, 1, 2, 1, 1, 2, 1, 1, 2, 1, 1, 1, 1, 1, 2, 1, 2, 2, 1, 2, 2, 1, 2, 2, 1, 1, 2, 1, 2, 2, 1, 1, 2, 0, 1, 2, 1, 1, 2, 1, 1, 2, 1, 2, 2, 1, 1, 2, 1, 1, 2, 1, 0, 2, 1, 2, 2, 1, 1, 1, 1, 1, 2, 1, 2, 2, 0, 1, 2, 2, 2, 2, 0, 1, 2, 1, 2, 2, 1, 2, 2, 1, 1, 1, 1, 1, 2, 1, 1, 2, 1, 2, 2, 1, 2, 2, 1, 0, 2, 1, 1, 2, 1, 1, 2, 1, 1, 2, 1, 1, 2, 1, 1, 2, 1, 2, 2, 1, 1, 2, 1, 1, 2, 1, 1, 2, 1, 2, 2, 1, 1, 2, 1, 1, 2, 2, 1, 2, 2, 0, 2, 1, 1, 1, 0, 1, 1, 1, 1, 2, 1, 1, 2, 1, 1, 2, 1, 1, 2, 1, 1, 2, 1, 1, 2, 1, 1, 2, 1, 1], dimension=174, value=38.96489465361283, stages=0, time=431.83220302805216}} 
39.086090537666784,39.420866449597455,39.19476661491896,38.96935292618082,39.22390462890822,39.072361701751575,39.008968806547564,39.177595247676656,39.09553889173726,38.86760069262014,39.23635416160431,39.0132190175577,39.02026846688802,39.13320134595725,39.257050936553966,39.227299573627164,39.207538200317614,39.239397165524615,39.16964663473364,39.18015784726424,39.07481215391168,39.430252475954134,39.27043226298331,39.20986850228127,39.32240901869148,39.08572694745575,39.42220457370199,39.47734828176083,39.37490373348262,39.293496847360885,
DEDNSPSO统计信息：
size = 50
iters = 1000
nfes = 50000
sum = 1175.762634645218
min = 38.86760069262014
max = 39.47734828176083
mean = 39.192087821507265
std = 0.14805414247369938
totaltime = 57.614s
avgtime = 1.9204666666666665s
最优解：
Particle{, pBest=Solution{id=0, content=[4, 2, 2, 2, 1, 2, 2, 1, 2, 2, 2, 1, 2, 2, 2, 3, 1, 1, 2, 1, 2, 4, 2, 2, 3, 1, 2, 2, 1, 2, 4, 1, 2, 3, 1, 2, 3, 1, 2, 3, 1, 2, 4, 2, 2, 2, 2, 2, 2, 1, 2, 4, 1, 2, 3, 1, 2, 3, 1, 2, 2, 1, 2, 3, 1, 2, 3, 1, 2, 3, 1, 1, 2, 2, 2, 2, 1, 1, 3, 1, 2, 2, 2, 2, 3, 2, 2, 4, 1, 2, 2, 2, 1, 4, 1, 2, 2, 1, 2, 3, 2, 1, 3, 1, 2, 2, 1, 2, 2, 1, 2, 2, 1, 1, 4, 1, 2, 2, 2, 1, 2, 1, 2, 2, 1, 1, 2, 2, 1, 2, 1, 1, 2, 2, 2, 2, 1, 2, 2, 2, 0, 2, 1, 1, 2, 2, 1, 2, 1, 1, 2, 1, 2, 4, 1, 2, 4, 2, 2, 2, 1, 1, 4, 2, 1, 2, 2, 2, 2, 2, 2, 2, 2, 2], dimension=0, value=39.47734828176083, stages=0, time=0.0}Solution{id=3, content=[4, 2, 2, 2, 1, 2, 2, 1, 2, 2, 2, 1, 2, 2, 2, 3, 1, 1, 2, 1, 2, 4, 2, 2, 3, 1, 2, 2, 1, 2, 4, 1, 2, 3, 1, 2, 3, 1, 2, 3, 1, 2, 4, 2, 2, 2, 2, 2, 2, 1, 2, 4, 1, 2, 3, 1, 2, 3, 1, 2, 2, 1, 2, 3, 1, 2, 3, 1, 2, 3, 1, 1, 2, 2, 2, 2, 1, 1, 3, 1, 2, 2, 2, 2, 3, 2, 2, 4, 1, 2, 2, 2, 1, 4, 1, 2, 2, 1, 2, 3, 2, 1, 3, 1, 2, 2, 1, 2, 2, 1, 2, 2, 1, 1, 4, 1, 2, 2, 2, 1, 2, 1, 2, 2, 1, 1, 2, 2, 1, 2, 1, 1, 2, 2, 2, 2, 1, 2, 2, 2, 0, 2, 1, 1, 2, 2, 1, 2, 1, 1, 2, 1, 2, 4, 1, 2, 4, 2, 2, 2, 1, 1, 4, 2, 1, 2, 2, 2, 2, 2, 2, 2, 2, 2], dimension=174, value=39.47734828176083, stages=0, time=429.3867897168945}} 
最差解：
Particle{, pBest=Solution{id=0, content=[2, 2, 1, 2, 1, 2, 3, 1, 1, 3, 2, 1, 2, 1, 1, 2, 1, 1, 2, 1, 1, 3, 1, 1, 3, 1, 1, 3, 1, 1, 2, 1, 1, 3, 1, 2, 2, 1, 1, 3, 1, 1, 2, 0, 1, 3, 1, 2, 2, 1, 2, 2, 1, 1, 3, 1, 0, 3, 1, 2, 3, 1, 1, 3, 1, 1, 3, 1, 1, 2, 1, 1, 2, 2, 1, 2, 2, 1, 2, 1, 1, 2, 1, 2, 2, 1, 1, 2, 1, 1, 3, 1, 1, 2, 1, 1, 2, 1, 1, 2, 1, 2, 2, 1, 2, 2, 1, 1, 3, 1, 1, 2, 1, 2, 2, 1, 1, 2, 2, 1, 2, 1, 2, 3, 1, 1, 2, 1, 1, 2, 2, 2, 2, 1, 1, 3, 1, 1, 2, 1, 1, 2, 1, 0, 2, 1, 1, 2, 1, 2, 2, 1, 1, 3, 1, 1, 3, 1, 1, 3, 1, 1, 4, 1, 2, 3, 1, 1, 2, 1, 1, 2, 1, 1], dimension=0, value=38.86760069262014, stages=0, time=0.0}Solution{id=8, content=[2, 2, 1, 2, 1, 2, 3, 1, 1, 3, 2, 1, 2, 1, 1, 2, 1, 1, 2, 1, 1, 3, 1, 1, 3, 1, 1, 3, 1, 1, 2, 1, 1, 3, 1, 2, 2, 1, 1, 3, 1, 1, 2, 0, 1, 3, 1, 2, 2, 1, 2, 2, 1, 1, 3, 1, 0, 3, 1, 2, 3, 1, 1, 3, 1, 1, 3, 1, 1, 2, 1, 1, 2, 2, 1, 2, 2, 1, 2, 1, 1, 2, 1, 2, 2, 1, 1, 2, 1, 1, 3, 1, 1, 2, 1, 1, 2, 1, 1, 2, 1, 2, 2, 1, 2, 2, 1, 1, 3, 1, 1, 2, 1, 2, 2, 1, 1, 2, 2, 1, 2, 1, 2, 3, 1, 1, 2, 1, 1, 2, 2, 2, 2, 1, 1, 3, 1, 1, 2, 1, 1, 2, 1, 0, 2, 1, 1, 2, 1, 2, 2, 1, 1, 3, 1, 1, 3, 1, 1, 3, 1, 1, 4, 1, 2, 3, 1, 1, 2, 1, 1, 2, 1, 1], dimension=174, value=38.86760069262014, stages=0, time=422.6708163467981}} 
39.28937134409738,39.24196624693458,39.31929108872731,39.162855029156475,39.37090803491286,39.226315827723596,39.004534353041315,39.48898426003851,39.16670173992198,39.41159197488268,39.0820119426881,39.35381554341166,39.13926892972039,39.40012497742568,39.28841913483948,39.28901236465826,39.307578703583395,39.29411527940123,39.12016662598841,39.2300357213226,39.38497675776107,39.526131086704225,39.09308849484098,39.244070135611565,39.33727232825517,39.311417465152296,39.416868600503605,39.226321643256014,39.23699927666111,39.25136630100619,
DEDNSPSO统计信息：
size = 50
iters = 1000
nfes = 50000
sum = 1178.215581212228
min = 39.004534353041315
max = 39.526131086704225
mean = 39.27385270707427
std = 0.12047874558134271
totaltime = 58.479s
avgtime = 1.9493s
最优解：
Particle{, pBest=Solution{id=0, content=[2, 1, 1, 2, 1, 2, 3, 1, 2, 3, 2, 1, 3, 1, 2, 2, 1, 1, 2, 2, 2, 3, 1, 2, 4, 1, 2, 4, 1, 2, 3, 1, 1, 4, 1, 1, 4, 1, 2, 3, 1, 2, 3, 2, 1, 3, 1, 1, 2, 2, 2, 2, 1, 1, 3, 1, 2, 3, 1, 2, 4, 1, 2, 3, 1, 2, 3, 1, 2, 2, 1, 2, 2, 1, 2, 4, 1, 2, 2, 1, 2, 3, 1, 2, 3, 1, 2, 4, 1, 2, 3, 1, 2, 4, 1, 2, 2, 1, 1, 3, 1, 2, 2, 1, 2, 3, 1, 2, 2, 1, 2, 3, 1, 2, 3, 2, 1, 2, 1, 2, 3, 1, 2, 3, 1, 2, 4, 2, 2, 3, 1, 2, 2, 2, 1, 3, 1, 2, 3, 1, 2, 2, 0, 2, 3, 1, 1, 3, 1, 2, 2, 1, 2, 2, 2, 2, 2, 1, 1, 2, 1, 2, 2, 1, 2, 3, 1, 2, 2, 1, 2, 2, 1, 1], dimension=0, value=39.526131086704225, stages=0, time=0.0}Solution{id=4, content=[2, 1, 1, 2, 1, 2, 3, 1, 2, 3, 2, 1, 3, 1, 2, 2, 1, 1, 2, 2, 2, 3, 1, 2, 4, 1, 2, 4, 1, 2, 3, 1, 1, 4, 1, 1, 4, 1, 2, 3, 1, 2, 3, 2, 1, 3, 1, 1, 2, 2, 2, 2, 1, 1, 3, 1, 2, 3, 1, 2, 4, 1, 2, 3, 1, 2, 3, 1, 2, 2, 1, 2, 2, 1, 2, 4, 1, 2, 2, 1, 2, 3, 1, 2, 3, 1, 2, 4, 1, 2, 3, 1, 2, 4, 1, 2, 2, 1, 1, 3, 1, 2, 2, 1, 2, 3, 1, 2, 2, 1, 2, 3, 1, 2, 3, 2, 1, 2, 1, 2, 3, 1, 2, 3, 1, 2, 4, 2, 2, 3, 1, 2, 2, 2, 1, 3, 1, 2, 3, 1, 2, 2, 0, 2, 3, 1, 1, 3, 1, 2, 2, 1, 2, 2, 2, 2, 2, 1, 1, 2, 1, 2, 2, 1, 2, 3, 1, 2, 2, 1, 2, 2, 1, 1], dimension=174, value=39.526131086704225, stages=0, time=448.13525212203893}} 
最差解：
Particle{, pBest=Solution{id=0, content=[2, 1, 1, 3, 1, 1, 2, 1, 1, 2, 1, 1, 2, 1, 1, 2, 1, 2, 2, 1, 1, 2, 1, 2, 2, 1, 2, 4, 2, 2, 4, 2, 2, 3, 1, 1, 2, 1, 2, 3, 1, 2, 2, 1, 0, 2, 1, 2, 3, 1, 1, 2, 1, 1, 3, 1, 2, 2, 2, 2, 2, 1, 2, 3, 1, 1, 3, 1, 1, 3, 1, 1, 2, 2, 2, 4, 1, 2, 3, 1, 1, 2, 1, 1, 2, 2, 1, 2, 2, 2, 2, 1, 1, 3, 1, 2, 2, 2, 2, 2, 1, 2, 2, 2, 1, 2, 1, 2, 2, 1, 2, 3, 1, 2, 2, 0, 1, 3, 2, 2, 3, 1, 1, 2, 1, 1, 2, 2, 1, 2, 1, 2, 2, 1, 2, 1, 1, 1, 2, 0, 1, 2, 2, 2, 2, 1, 2, 3, 2, 1, 2, 1, 1, 2, 1, 1, 4, 2, 2, 2, 1, 1, 3, 1, 1, 2, 1, 1, 2, 1, 2, 2, 1, 1], dimension=0, value=39.004534353041315, stages=0, time=0.0}Solution{id=36, content=[2, 1, 1, 3, 1, 1, 2, 1, 1, 2, 1, 1, 2, 1, 1, 2, 1, 2, 2, 1, 1, 2, 1, 2, 2, 1, 2, 4, 2, 2, 4, 2, 2, 3, 1, 1, 2, 1, 2, 3, 1, 2, 2, 1, 0, 2, 1, 2, 3, 1, 1, 2, 1, 1, 3, 1, 2, 2, 2, 2, 2, 1, 2, 3, 1, 1, 3, 1, 1, 3, 1, 1, 2, 2, 2, 4, 1, 2, 3, 1, 1, 2, 1, 1, 2, 2, 1, 2, 2, 2, 2, 1, 1, 3, 1, 2, 2, 2, 2, 2, 1, 2, 2, 2, 1, 2, 1, 2, 2, 1, 2, 3, 1, 2, 2, 0, 1, 3, 2, 2, 3, 1, 1, 2, 1, 1, 2, 2, 1, 2, 1, 2, 2, 1, 2, 1, 1, 1, 2, 0, 1, 2, 2, 2, 2, 1, 2, 3, 2, 1, 2, 1, 1, 2, 1, 1, 4, 2, 2, 2, 1, 1, 3, 1, 1, 2, 1, 1, 2, 1, 2, 2, 1, 1], dimension=174, value=39.004534353041315, stages=0, time=300.6969229125534}} 
39.300106973357146,39.48381967261175,39.32073068723505,39.20729208669291,39.18144333805808,39.381277199055894,39.34461056633752,39.27607725193227,39.229722125454515,39.068814399716345,39.14523066949891,39.374395409283686,39.16249839249875,39.37819846845515,39.38069678761443,39.20670183584727,39.285627348696174,39.263018762607935,39.402662631086145,39.343455142859185,39.3342337499225,39.03582112742376,39.23812434814783,39.03266415966792,39.16871537707654,39.23116671509311,39.341120412989326,39.16831143782779,39.22820022132775,39.31988590492285,
DEDNSPSO统计信息：
size = 50
iters = 1500
nfes = 75000
sum = 1177.8346232032984
min = 39.03266415966792
max = 39.48381967261175
mean = 39.261154106776615
std = 0.11074965270238478
totaltime = 84.594s
avgtime = 2.8198s
最优解：
Particle{, pBest=Solution{id=0, content=[2, 2, 2, 3, 1, 2, 2, 2, 2, 2, 1, 2, 4, 1, 2, 2, 1, 2, 2, 1, 2, 2, 2, 2, 2, 1, 2, 2, 1, 2, 2, 1, 2, 2, 2, 2, 2, 1, 2, 2, 1, 1, 3, 1, 1, 3, 1, 1, 2, 1, 1, 2, 1, 2, 2, 2, 1, 3, 1, 2, 3, 1, 2, 2, 1, 1, 2, 1, 1, 3, 1, 1, 2, 1, 1, 2, 1, 2, 2, 1, 1, 2, 1, 1, 2, 1, 2, 4, 1, 2, 2, 2, 2, 2, 1, 2, 2, 1, 1, 2, 2, 1, 3, 1, 2, 2, 1, 1, 2, 1, 2, 2, 1, 1, 4, 2, 1, 4, 2, 1, 2, 2, 2, 2, 2, 2, 3, 2, 2, 2, 1, 2, 2, 2, 1, 2, 1, 2, 3, 2, 1, 2, 2, 1, 2, 1, 2, 2, 1, 1, 2, 1, 2, 2, 1, 2, 2, 1, 2, 2, 1, 1, 2, 1, 2, 3, 2, 2, 3, 1, 2, 3, 2, 2], dimension=0, value=39.48381967261175, stages=0, time=0.0}Solution{id=46, content=[2, 2, 2, 3, 1, 2, 2, 2, 2, 2, 1, 2, 4, 1, 2, 2, 1, 2, 2, 1, 2, 2, 2, 2, 2, 1, 2, 2, 1, 2, 2, 1, 2, 2, 2, 2, 2, 1, 2, 2, 1, 1, 3, 1, 1, 3, 1, 1, 2, 1, 1, 2, 1, 2, 2, 2, 1, 3, 1, 2, 3, 1, 2, 2, 1, 1, 2, 1, 1, 3, 1, 1, 2, 1, 1, 2, 1, 2, 2, 1, 1, 2, 1, 1, 2, 1, 2, 4, 1, 2, 2, 2, 2, 2, 1, 2, 2, 1, 1, 2, 2, 1, 3, 1, 2, 2, 1, 1, 2, 1, 2, 2, 1, 1, 4, 2, 1, 4, 2, 1, 2, 2, 2, 2, 2, 2, 3, 2, 2, 2, 1, 2, 2, 2, 1, 2, 1, 2, 3, 2, 1, 2, 2, 1, 2, 1, 2, 2, 1, 1, 2, 1, 2, 2, 1, 2, 2, 1, 2, 2, 1, 1, 2, 1, 2, 3, 2, 2, 3, 1, 2, 3, 2, 2], dimension=174, value=39.48381967261175, stages=0, time=379.18195434329493}} 
最差解：
Particle{, pBest=Solution{id=0, content=[1, 1, 1, 2, 1, 2, 2, 2, 1, 3, 1, 2, 4, 1, 2, 2, 1, 1, 2, 1, 1, 2, 1, 2, 3, 1, 2, 3, 1, 2, 3, 1, 1, 2, 1, 1, 2, 1, 1, 2, 1, 1, 3, 1, 2, 3, 1, 1, 3, 1, 1, 2, 1, 1, 2, 1, 1, 2, 1, 1, 2, 1, 1, 2, 1, 1, 2, 1, 1, 2, 1, 1, 3, 1, 1, 3, 2, 2, 2, 1, 2, 3, 1, 2, 3, 1, 1, 4, 1, 2, 3, 1, 1, 2, 1, 1, 3, 1, 1, 2, 1, 1, 2, 1, 1, 2, 1, 1, 2, 2, 2, 2, 1, 1, 3, 1, 1, 3, 1, 2, 3, 1, 1, 2, 1, 1, 2, 1, 1, 2, 1, 2, 3, 2, 1, 3, 1, 2, 2, 1, 1, 3, 2, 1, 2, 1, 1, 2, 1, 1, 3, 1, 2, 3, 1, 1, 2, 1, 2, 2, 2, 2, 2, 1, 2, 3, 1, 1, 2, 1, 1, 2, 2, 1], dimension=0, value=39.03266415966792, stages=0, time=0.0}Solution{id=37, content=[1, 1, 1, 2, 1, 2, 2, 2, 1, 3, 1, 2, 4, 1, 2, 2, 1, 1, 2, 1, 1, 2, 1, 2, 3, 1, 2, 3, 1, 2, 3, 1, 1, 2, 1, 1, 2, 1, 1, 2, 1, 1, 3, 1, 2, 3, 1, 1, 3, 1, 1, 2, 1, 1, 2, 1, 1, 2, 1, 1, 2, 1, 1, 2, 1, 1, 2, 1, 1, 2, 1, 1, 3, 1, 1, 3, 2, 2, 2, 1, 2, 3, 1, 2, 3, 1, 1, 4, 1, 2, 3, 1, 1, 2, 1, 1, 3, 1, 1, 2, 1, 1, 2, 1, 1, 2, 1, 1, 2, 2, 2, 2, 1, 1, 3, 1, 1, 3, 1, 2, 3, 1, 1, 2, 1, 1, 2, 1, 1, 2, 1, 2, 3, 2, 1, 3, 1, 2, 2, 1, 1, 3, 2, 1, 2, 1, 1, 2, 1, 1, 3, 1, 2, 3, 1, 1, 2, 1, 2, 2, 2, 2, 2, 1, 2, 3, 1, 1, 2, 1, 1, 2, 2, 1], dimension=174, value=39.03266415966792, stages=0, time=403.4757189694219}} 
