38.68714097529139,38.064372199005284,37.96534502764172,38.147495184334666,38.28017223244826,38.30563437764915,38.46069847120046,38.122032623528874,38.023485201380005,39.13134238721618,38.68991464980066,38.08284700213697,38.86147057648496,39.133320011627966,38.988330422352966,38.39491256578098,38.29104270246539,38.163849499007526,38.39592615504005,38.204145211244786,37.873201646453545,38.437069320028385,38.27789189626938,38.59961193110401,38.41558614852569,38.85031847555094,39.15567060068576,38.486312439472805,38.18349919243301,38.42891757295908,
DNSPSO统计信息：
size = 50
iters = 1000
nfes = 50000
sum = 1153.1015566991207
min = 37.873201646453545
max = 39.15567060068576
mean = 38.43671855663736
std = 0.3590488407536926
totaltime = 78.835s
avgtime = 2.6278333333333332s
最优解：
Particle{, pBest=Solution{id=0, content=[2, 1, 1, 2, 1, 2, 2, 1, 1, 2, 1, 1, 2, 1, 1, 2, 1, 1, 2, 1, 1, 2, 1, 1, 2, 1, 1, 2, 1, 1, 2, 1, 2, 2, 1, 1, 2, 1, 1, 2, 1, 1, 2, 1, 1, 2, 1, 1, 2, 1, 1, 2, 1, 1, 2, 1, 1, 2, 1, 1, 2, 1, 1, 2, 1, 1, 2, 1, 1, 2, 1, 1, 2, 1, 1, 2, 1, 1, 2, 1, 1, 2, 1, 1, 2, 1, 1, 2, 1, 0, 2, 1, 1, 2, 1, 1, 2, 1, 1, 2, 1, 1, 2, 1, 1, 2, 1, 1, 2, 1, 1, 2, 1, 1, 2, 1, 1, 2, 1, 1, 2, 1, 1, 2, 1, 2, 2, 1, 1, 2, 1, 1, 2, 1, 1, 2, 1, 1, 2, 1, 1, 2, 1, 2, 2, 1, 1, 2, 2, 1, 2, 1, 1, 2, 1, 1, 2, 1, 1, 2, 1, 1, 2, 1, 1, 2, 1, 1, 2, 1, 1, 2, 1, 1], dimension=0, value=39.15567060068576, stages=0, time=0.0}Solution{id=38, content=[2, 1, 1, 2, 1, 2, 2, 1, 1, 2, 1, 1, 2, 1, 1, 2, 1, 1, 2, 1, 1, 2, 1, 1, 2, 1, 1, 2, 1, 1, 2, 1, 2, 2, 1, 1, 2, 1, 1, 2, 1, 1, 2, 1, 1, 2, 1, 1, 2, 1, 1, 2, 1, 1, 2, 1, 1, 2, 1, 1, 2, 1, 1, 2, 1, 1, 2, 1, 1, 2, 1, 1, 2, 1, 1, 2, 1, 1, 2, 1, 1, 2, 1, 1, 2, 1, 1, 2, 1, 0, 2, 1, 1, 2, 1, 1, 2, 1, 1, 2, 1, 1, 2, 1, 1, 2, 1, 1, 2, 1, 1, 2, 1, 1, 2, 1, 1, 2, 1, 1, 2, 1, 1, 2, 1, 2, 2, 1, 1, 2, 1, 1, 2, 1, 1, 2, 1, 1, 2, 1, 1, 2, 1, 2, 2, 1, 1, 2, 2, 1, 2, 1, 1, 2, 1, 1, 2, 1, 1, 2, 1, 1, 2, 1, 1, 2, 1, 1, 2, 1, 1, 2, 1, 1], dimension=174, value=39.15567060068576, stages=0, time=536.0805794841087}} 
最差解：
Particle{, pBest=Solution{id=0, content=[2, 0, 1, 2, 1, 1, 2, 1, 0, 2, 1, 0, 1, 1, 1, 2, 1, 1, 1, 1, 2, 2, 1, 1, 2, 1, 1, 2, 1, 1, 1, 0, 2, 2, 1, 0, 2, 1, 2, 2, 1, 1, 1, 0, 2, 2, 0, 1, 2, 1, 1, 2, 1, 1, 2, 0, 1, 2, 1, 1, 2, 1, 1, 2, 1, 0, 1, 1, 1, 2, 1, 1, 2, 1, 1, 1, 1, 1, 2, 1, 1, 2, 1, 0, 1, 1, 0, 1, 1, 0, 2, 1, 1, 2, 1, 1, 2, 1, 1, 1, 1, 0, 2, 1, 1, 2, 1, 1, 1, 1, 1, 1, 1, 1, 1, 1, 1, 1, 1, 1, 1, 1, 2, 1, 1, 0, 2, 1, 1, 2, 2, 1, 1, 1, 1, 1, 1, 2, 1, 1, 1, 1, 1, 0, 2, 0, 2, 2, 1, 0, 2, 1, 1, 1, 1, 1, 2, 1, 1, 2, 1, 1, 1, 0, 1, 1, 1, 1, 2, 1, 0, 1, 1, 1], dimension=0, value=37.873201646453545, stages=0, time=0.0}Solution{id=20, content=[2, 0, 1, 2, 1, 1, 2, 1, 0, 2, 1, 0, 1, 1, 1, 2, 1, 1, 1, 1, 2, 2, 1, 1, 2, 1, 1, 2, 1, 1, 1, 0, 2, 2, 1, 0, 2, 1, 2, 2, 1, 1, 1, 0, 2, 2, 0, 1, 2, 1, 1, 2, 1, 1, 2, 0, 1, 2, 1, 1, 2, 1, 1, 2, 1, 0, 1, 1, 1, 2, 1, 1, 2, 1, 1, 1, 1, 1, 2, 1, 1, 2, 1, 0, 1, 1, 0, 1, 1, 0, 2, 1, 1, 2, 1, 1, 2, 1, 1, 1, 1, 0, 2, 1, 1, 2, 1, 1, 1, 1, 1, 1, 1, 1, 1, 1, 1, 1, 1, 1, 1, 1, 2, 1, 1, 0, 2, 1, 1, 2, 2, 1, 1, 1, 1, 1, 1, 2, 1, 1, 1, 1, 1, 0, 2, 0, 2, 2, 1, 0, 2, 1, 1, 1, 1, 1, 2, 1, 1, 2, 1, 1, 1, 0, 1, 1, 1, 1, 2, 1, 0, 1, 1, 1], dimension=174, value=37.873201646453545, stages=0, time=401.6838570352742}} 
38.51654864571062,38.50286729922573,38.02155317035215,38.15102371584415,38.416038491463055,38.56956939745366,38.127814931176516,38.46142847157817,38.23772659180709,38.6542586391683,38.479547310676175,38.45531814604804,38.200970806089316,38.22035473822479,38.328352859507184,38.32081967876063,39.053442554012655,38.35101516470725,37.997682702709014,38.17808896522154,38.09580272696101,37.94887661016796,38.24702589577856,38.97385267020401,38.02644812368994,38.30115524839839,38.795959685940545,38.26618365657655,37.78393571053339,38.396640218455104,
DNSPSO统计信息：
size = 50
iters = 1000
nfes = 50000
sum = 1150.0803028264413
min = 37.78393571053339
max = 39.053442554012655
mean = 38.33601009421471
std = 0.2870693533700144
totaltime = 77.357s
avgtime = 2.5785666666666667s
最优解：
Particle{, pBest=Solution{id=0, content=[2, 1, 1, 2, 1, 1, 2, 1, 1, 2, 1, 0, 2, 1, 1, 2, 1, 2, 2, 1, 0, 2, 1, 1, 2, 1, 1, 2, 1, 1, 2, 0, 1, 2, 1, 1, 2, 1, 1, 2, 1, 1, 2, 2, 0, 2, 1, 2, 2, 1, 1, 2, 1, 1, 2, 1, 1, 2, 1, 1, 2, 1, 2, 2, 1, 1, 2, 1, 1, 2, 1, 1, 2, 1, 2, 2, 1, 1, 2, 1, 1, 2, 1, 1, 2, 1, 1, 2, 1, 1, 2, 1, 1, 2, 1, 1, 2, 1, 1, 2, 1, 1, 2, 1, 1, 2, 1, 1, 2, 1, 1, 2, 1, 1, 2, 1, 1, 2, 1, 1, 2, 1, 1, 2, 1, 2, 2, 1, 2, 2, 1, 0, 2, 1, 1, 2, 1, 1, 2, 1, 1, 2, 1, 1, 2, 1, 2, 2, 1, 0, 2, 1, 1, 2, 0, 1, 2, 1, 1, 2, 1, 1, 2, 1, 2, 2, 1, 2, 2, 1, 1, 2, 1, 1], dimension=0, value=39.053442554012655, stages=0, time=0.0}Solution{id=0, content=[2, 1, 1, 2, 1, 1, 2, 1, 1, 2, 1, 0, 2, 1, 1, 2, 1, 2, 2, 1, 0, 2, 1, 1, 2, 1, 1, 2, 1, 1, 2, 0, 1, 2, 1, 1, 2, 1, 1, 2, 1, 1, 2, 2, 0, 2, 1, 2, 2, 1, 1, 2, 1, 1, 2, 1, 1, 2, 1, 1, 2, 1, 2, 2, 1, 1, 2, 1, 1, 2, 1, 1, 2, 1, 2, 2, 1, 1, 2, 1, 1, 2, 1, 1, 2, 1, 1, 2, 1, 1, 2, 1, 1, 2, 1, 1, 2, 1, 1, 2, 1, 1, 2, 1, 1, 2, 1, 1, 2, 1, 1, 2, 1, 1, 2, 1, 1, 2, 1, 1, 2, 1, 1, 2, 1, 2, 2, 1, 2, 2, 1, 0, 2, 1, 1, 2, 1, 1, 2, 1, 1, 2, 1, 1, 2, 1, 2, 2, 1, 0, 2, 1, 1, 2, 0, 1, 2, 1, 1, 2, 1, 1, 2, 1, 2, 2, 1, 2, 2, 1, 1, 2, 1, 1], dimension=0, value=39.053442554012655, stages=0, time=448.48943127397405}} 
最差解：
Particle{, pBest=Solution{id=0, content=[2, 1, 1, 2, 1, 1, 2, 1, 0, 2, 1, 1, 2, 0, 2, 1, 1, 1, 2, 1, 2, 2, 1, 1, 2, 0, 0, 2, 1, 1, 1, 1, 1, 2, 1, 1, 1, 0, 0, 1, 1, 2, 1, 1, 1, 2, 1, 2, 1, 1, 1, 2, 1, 1, 1, 1, 2, 2, 1, 0, 1, 1, 1, 1, 0, 2, 2, 1, 0, 2, 1, 1, 2, 1, 0, 1, 1, 0, 2, 1, 1, 2, 1, 1, 2, 1, 1, 2, 1, 1, 1, 1, 1, 1, 1, 1, 1, 1, 1, 1, 0, 1, 2, 1, 1, 1, 1, 2, 2, 1, 0, 2, 1, 1, 1, 1, 1, 2, 1, 1, 2, 1, 1, 2, 1, 1, 2, 1, 0, 2, 0, 0, 2, 2, 0, 2, 1, 1, 1, 2, 1, 2, 1, 1, 2, 0, 0, 2, 1, 0, 2, 2, 1, 1, 1, 0, 2, 1, 1, 1, 1, 1, 1, 1, 1, 1, 1, 1, 2, 1, 1, 2, 0, 1], dimension=0, value=37.78393571053339, stages=0, time=0.0}Solution{id=47, content=[2, 1, 1, 2, 1, 1, 2, 1, 0, 2, 1, 1, 2, 0, 2, 1, 1, 1, 2, 1, 2, 2, 1, 1, 2, 0, 0, 2, 1, 1, 1, 1, 1, 2, 1, 1, 1, 0, 0, 1, 1, 2, 1, 1, 1, 2, 1, 2, 1, 1, 1, 2, 1, 1, 1, 1, 2, 2, 1, 0, 1, 1, 1, 1, 0, 2, 2, 1, 0, 2, 1, 1, 2, 1, 0, 1, 1, 0, 2, 1, 1, 2, 1, 1, 2, 1, 1, 2, 1, 1, 1, 1, 1, 1, 1, 1, 1, 1, 1, 1, 0, 1, 2, 1, 1, 1, 1, 2, 2, 1, 0, 2, 1, 1, 1, 1, 1, 2, 1, 1, 2, 1, 1, 2, 1, 1, 2, 1, 0, 2, 0, 0, 2, 2, 0, 2, 1, 1, 1, 2, 1, 2, 1, 1, 2, 0, 0, 2, 1, 0, 2, 2, 1, 1, 1, 0, 2, 1, 1, 1, 1, 1, 1, 1, 1, 1, 1, 1, 2, 1, 1, 2, 0, 1], dimension=174, value=37.78393571053339, stages=0, time=373.0355410035869}} 
