39.540279095272865,39.58348649329851,39.43559885035775,39.32856018567525,39.61013459859488,39.54990667863701,39.56370523692454,39.529511960601155,39.52257340854068,39.58171276404614,39.50453488135363,39.57193164319102,39.483617290907624,39.314224734252264,39.54920613874112,39.550516840163205,39.65943027588515,39.4553490402271,39.498634836980685,39.607579416958345,39.6239888886348,39.34050295174638,39.4959508729682,39.618912846568115,39.46769194497818,39.55614828815022,39.41265459040894,39.63901611949814,39.49770244718776,39.37859839236172,
FADE统计信息：
size = 50
iters = 1000
nfes = 50000
sum = 1185.4716617131116
min = 39.314224734252264
max = 39.65943027588515
mean = 39.51572205710372
std = 0.0921490256327198
totaltime = 59.749s
avgtime = 1.9916333333333334s
最优解：
FireSpark{pi=0.15999999999999956} Solution{id=26, content=[4, 2, 1, 2, 1, 2, 4, 1, 2, 4, 1, 2, 4, 1, 2, 2, 2, 2, 4, 1, 2, 4, 2, 2, 2, 2, 1, 2, 1, 2, 2, 2, 2, 3, 1, 2, 4, 2, 2, 2, 1, 2, 4, 1, 2, 2, 2, 2, 2, 1, 2, 4, 1, 2, 2, 2, 2, 3, 2, 2, 2, 1, 2, 2, 1, 2, 2, 1, 2, 2, 1, 1, 2, 1, 2, 3, 2, 2, 2, 1, 2, 3, 2, 2, 3, 1, 2, 4, 1, 2, 4, 2, 2, 4, 1, 2, 2, 2, 2, 2, 2, 2, 2, 2, 2, 4, 1, 2, 4, 1, 2, 4, 1, 2, 4, 1, 2, 3, 1, 2, 2, 1, 2, 2, 1, 2, 4, 2, 2, 2, 1, 2, 2, 2, 1, 4, 1, 2, 4, 2, 2, 4, 2, 2, 4, 2, 2, 4, 2, 2, 3, 1, 2, 4, 1, 2, 4, 2, 2, 4, 1, 2, 3, 1, 2, 4, 1, 2, 2, 2, 2, 2, 2, 2], dimension=174, value=39.65943027588515, stages=0, time=553.7587015947644}
最差解：
FireSpark{pi=0.8600000000000009} Solution{id=16, content=[3, 2, 2, 2, 2, 2, 2, 1, 2, 3, 2, 2, 4, 2, 2, 4, 2, 2, 2, 2, 2, 4, 1, 2, 4, 2, 2, 2, 1, 2, 2, 1, 2, 2, 1, 2, 2, 1, 2, 3, 1, 2, 2, 1, 1, 2, 2, 2, 2, 1, 1, 4, 1, 2, 3, 2, 1, 2, 2, 2, 2, 1, 2, 2, 2, 1, 3, 2, 2, 2, 1, 2, 3, 1, 1, 2, 1, 2, 2, 1, 2, 4, 2, 1, 3, 1, 2, 2, 2, 2, 4, 1, 2, 4, 2, 2, 3, 1, 2, 3, 1, 2, 4, 2, 2, 4, 1, 2, 2, 1, 2, 4, 2, 2, 2, 2, 1, 3, 2, 2, 2, 1, 2, 2, 1, 2, 3, 2, 2, 3, 2, 2, 3, 2, 1, 2, 1, 2, 3, 2, 2, 4, 2, 1, 4, 2, 2, 3, 2, 2, 3, 2, 2, 2, 1, 2, 4, 2, 2, 2, 1, 1, 3, 1, 2, 3, 1, 2, 3, 1, 2, 4, 2, 2], dimension=174, value=39.314224734252264, stages=0, time=496.90840778495385}
39.352190633459976,39.25159902525586,39.53703699844755,39.392602739579324,39.31846637806666,39.49374851239662,39.07719577283679,39.46818275964484,39.391806271929234,39.290251806138635,39.40185631386686,39.35362650189589,39.24492854086117,39.31905073067391,39.34178070147368,39.386794110266635,39.265369236355305,39.23081036561632,39.3094236458552,39.439593792285145,39.45022739326742,39.46085249646207,39.62783276672741,39.28798247700777,39.51347635085378,39.368324752513054,39.44737688424875,39.377567934743404,39.35441233686188,39.49245003482962,
FADE统计信息：
size = 50
iters = 1000
nfes = 50000
sum = 1181.2468182644207
min = 39.07719577283679
max = 39.62783276672741
mean = 39.37489394214735
std = 0.11007953426484035
totaltime = 57.414s
avgtime = 1.9138s
最优解：
FireSpark{pi=0.990000000000001} Solution{id=42, content=[2, 2, 1, 2, 1, 2, 4, 1, 2, 4, 2, 2, 4, 1, 2, 4, 1, 2, 3, 1, 2, 2, 1, 2, 4, 2, 2, 2, 1, 2, 4, 2, 2, 3, 2, 2, 4, 2, 1, 2, 1, 1, 4, 2, 1, 4, 1, 2, 2, 1, 2, 4, 2, 2, 2, 2, 2, 2, 1, 2, 3, 1, 2, 4, 1, 2, 2, 2, 2, 2, 1, 2, 4, 1, 2, 3, 1, 2, 2, 1, 2, 2, 2, 2, 4, 2, 2, 2, 1, 1, 4, 2, 2, 2, 1, 2, 2, 1, 2, 4, 2, 1, 4, 1, 2, 4, 1, 2, 2, 1, 2, 4, 1, 2, 3, 2, 1, 2, 2, 2, 4, 1, 2, 4, 2, 2, 2, 1, 2, 3, 1, 2, 4, 2, 1, 3, 1, 2, 2, 2, 1, 3, 2, 1, 4, 2, 2, 2, 2, 2, 2, 1, 2, 2, 1, 1, 3, 2, 1, 2, 1, 2, 4, 2, 1, 4, 2, 2, 2, 1, 2, 2, 2, 2], dimension=174, value=39.62783276672741, stages=0, time=445.70821953099795}
最差解：
FireSpark{pi=0.09999999999999983} Solution{id=12, content=[3, 2, 1, 2, 1, 2, 2, 2, 2, 3, 1, 2, 3, 2, 2, 2, 2, 1, 4, 2, 2, 2, 2, 2, 3, 2, 1, 2, 2, 2, 3, 2, 2, 2, 1, 1, 3, 1, 2, 3, 1, 1, 3, 2, 1, 4, 1, 2, 2, 2, 2, 3, 2, 2, 2, 2, 2, 2, 1, 1, 2, 1, 2, 2, 1, 2, 2, 1, 1, 3, 1, 2, 4, 2, 2, 2, 1, 2, 4, 2, 2, 3, 1, 2, 4, 2, 2, 4, 1, 2, 3, 2, 1, 2, 1, 2, 3, 1, 1, 2, 2, 2, 4, 2, 2, 2, 2, 2, 4, 2, 2, 2, 1, 2, 4, 1, 2, 2, 1, 1, 4, 2, 2, 3, 1, 2, 3, 2, 2, 3, 1, 2, 4, 2, 2, 4, 1, 2, 2, 0, 2, 4, 2, 1, 3, 2, 2, 4, 2, 2, 3, 1, 2, 4, 1, 2, 2, 1, 1, 3, 1, 1, 4, 2, 2, 3, 1, 1, 3, 2, 2, 4, 2, 2], dimension=174, value=39.07719577283679, stages=0, time=443.9840650905634}
