39.70482025756216,39.65499471349325,39.65838052875899,39.60968137059518,39.45072032075195,39.38951788562029,39.54048744342143,39.47451544064213,39.568527157736504,39.666880800292404,39.55242123918612,39.513696099310344,39.57788555392493,39.63777773900841,39.49600654926609,39.46474314013488,39.545649838178335,39.520504652773624,39.66420072761454,39.57564041077404,39.62518893704846,39.57338356434537,39.65817205529836,39.57704058119646,39.622670338489726,39.62841555922311,39.54090647962662,39.65837839551495,39.691606488232374,39.66831922126996,
PSO统计信息：
size = 50
iters = 1000
nfes = 50000
sum = 1187.5111334892906
min = 39.38951788562029
max = 39.70482025756216
mean = 39.58370444964302
std = 0.07925230903053317
totaltime = 88.352s
avgtime = 2.945066666666667s
最优解：
Particle{, pBest=Solution{id=0, content=[2, 2, 2, 2, 1, 2, 4, 1, 2, 2, 2, 2, 2, 1, 1, 2, 1, 2, 2, 1, 2, 2, 1, 2, 2, 1, 2, 2, 1, 2, 2, 1, 2, 2, 1, 1, 2, 0, 1, 2, 1, 2, 2, 2, 2, 2, 1, 2, 2, 1, 2, 2, 1, 2, 2, 1, 1, 2, 1, 2, 2, 1, 2, 2, 1, 1, 2, 2, 2, 2, 1, 2, 2, 1, 2, 2, 1, 1, 2, 1, 2, 2, 1, 2, 2, 1, 1, 2, 1, 1, 2, 1, 1, 4, 1, 2, 2, 1, 2, 2, 2, 1, 2, 1, 2, 2, 1, 1, 2, 1, 1, 2, 1, 1, 2, 2, 2, 2, 2, 1, 2, 1, 1, 2, 1, 2, 2, 1, 1, 2, 1, 2, 2, 2, 1, 2, 1, 2, 1, 2, 2, 2, 1, 1, 2, 1, 2, 4, 2, 2, 2, 1, 2, 4, 1, 2, 2, 1, 2, 2, 1, 1, 2, 2, 2, 2, 1, 2, 2, 1, 2, 2, 1, 1], dimension=0, value=39.70482025756216, stages=0, time=0.0}Solution{id=3, content=[2, 2, 2, 2, 1, 2, 4, 1, 2, 2, 2, 2, 2, 1, 1, 2, 1, 2, 2, 1, 2, 2, 1, 2, 2, 1, 2, 2, 1, 2, 2, 1, 2, 2, 1, 1, 2, 0, 1, 2, 1, 2, 2, 2, 2, 2, 1, 2, 2, 1, 2, 2, 1, 2, 2, 1, 1, 2, 1, 2, 2, 1, 2, 2, 1, 1, 2, 2, 2, 2, 1, 2, 2, 1, 2, 2, 1, 1, 2, 1, 2, 2, 1, 2, 2, 1, 1, 2, 1, 1, 2, 1, 1, 4, 1, 2, 2, 1, 2, 2, 2, 1, 2, 1, 2, 2, 1, 1, 2, 1, 1, 2, 1, 1, 2, 2, 2, 2, 2, 1, 2, 1, 1, 2, 1, 2, 2, 1, 1, 2, 1, 2, 2, 2, 1, 2, 1, 2, 1, 2, 2, 2, 1, 1, 2, 1, 2, 4, 2, 2, 2, 1, 2, 4, 1, 2, 2, 1, 2, 2, 1, 1, 2, 2, 2, 2, 1, 2, 2, 1, 2, 2, 1, 1], dimension=174, value=39.70482025756216, stages=0, time=379.9846344548732}} 
最差解：
Particle{, pBest=Solution{id=0, content=[2, 1, 1, 2, 1, 1, 2, 1, 1, 2, 2, 1, 2, 1, 1, 2, 1, 2, 2, 1, 1, 2, 1, 2, 2, 1, 2, 2, 1, 1, 1, 1, 1, 2, 1, 2, 4, 2, 1, 2, 2, 2, 4, 1, 2, 2, 1, 2, 2, 1, 2, 4, 1, 2, 1, 0, 2, 2, 1, 2, 2, 1, 1, 2, 1, 2, 1, 2, 2, 1, 1, 1, 2, 1, 2, 4, 1, 2, 2, 1, 1, 2, 1, 1, 2, 1, 1, 2, 1, 1, 2, 1, 1, 2, 1, 2, 2, 1, 2, 2, 1, 0, 2, 1, 2, 2, 1, 1, 2, 1, 1, 1, 1, 1, 2, 0, 1, 2, 1, 2, 2, 1, 2, 2, 1, 1, 2, 2, 1, 2, 1, 2, 2, 2, 1, 2, 1, 1, 2, 2, 1, 2, 2, 1, 2, 2, 2, 2, 1, 1, 2, 1, 1, 2, 1, 2, 2, 1, 2, 2, 1, 1, 2, 1, 1, 2, 1, 1, 2, 1, 1, 2, 1, 1], dimension=0, value=39.38951788562029, stages=0, time=0.0}Solution{id=0, content=[2, 1, 1, 2, 1, 1, 2, 1, 1, 2, 2, 1, 2, 1, 1, 2, 1, 2, 2, 1, 1, 2, 1, 2, 2, 1, 2, 2, 1, 1, 1, 1, 1, 2, 1, 2, 4, 2, 1, 2, 2, 2, 4, 1, 2, 2, 1, 2, 2, 1, 2, 4, 1, 2, 1, 0, 2, 2, 1, 2, 2, 1, 1, 2, 1, 2, 1, 2, 2, 1, 1, 1, 2, 1, 2, 4, 1, 2, 2, 1, 1, 2, 1, 1, 2, 1, 1, 2, 1, 1, 2, 1, 1, 2, 1, 2, 2, 1, 2, 2, 1, 0, 2, 1, 2, 2, 1, 1, 2, 1, 1, 1, 1, 1, 2, 0, 1, 2, 1, 2, 2, 1, 2, 2, 1, 1, 2, 2, 1, 2, 1, 2, 2, 2, 1, 2, 1, 1, 2, 2, 1, 2, 2, 1, 2, 2, 2, 2, 1, 1, 2, 1, 1, 2, 1, 2, 2, 1, 2, 2, 1, 1, 2, 1, 1, 2, 1, 1, 2, 1, 1, 2, 1, 1], dimension=174, value=39.38951788562029, stages=0, time=333.68327103299083}} 
39.56190815340665,39.566860804750995,39.51911720762361,39.68150743604197,39.62443687947408,39.59618981893379,39.63601113030048,39.58283819004698,39.559961021254516,39.689454738977865,39.588583064219335,39.6215698614839,39.571054454471664,39.677731897796896,39.64411164516553,39.55712191885415,39.574127475512675,39.532013036047886,39.50220417599099,39.503191249331074,39.415133692092944,39.61894073097451,39.480460321533144,39.6253473602494,39.58505496297018,39.674266717251506,39.73664824307537,39.522336357179874,39.524555042059006,39.58887571036539,
PSO统计信息：
size = 50
iters = 1000
nfes = 50000
sum = 1187.5616132974367
min = 39.415133692092944
max = 39.73664824307537
mean = 39.585387109914556
std = 0.07006154999013027
totaltime = 86.875s
avgtime = 2.8958333333333335s
最优解：
Particle{, pBest=Solution{id=0, content=[4, 1, 2, 2, 1, 2, 2, 1, 1, 2, 1, 2, 2, 1, 2, 2, 1, 2, 2, 1, 2, 2, 1, 1, 2, 2, 2, 2, 1, 2, 2, 1, 2, 2, 1, 1, 2, 1, 1, 2, 1, 2, 2, 1, 1, 2, 1, 2, 2, 1, 2, 2, 1, 2, 1, 1, 1, 2, 1, 2, 2, 1, 1, 2, 1, 2, 2, 2, 2, 2, 1, 2, 2, 1, 2, 4, 1, 2, 2, 1, 2, 2, 1, 2, 2, 1, 2, 2, 1, 1, 2, 1, 1, 4, 1, 2, 2, 1, 1, 2, 1, 2, 2, 1, 2, 2, 1, 1, 4, 1, 2, 2, 1, 1, 2, 2, 1, 2, 1, 2, 2, 1, 2, 2, 1, 2, 2, 2, 2, 2, 1, 2, 4, 2, 2, 2, 1, 2, 2, 2, 2, 2, 2, 1, 2, 2, 2, 2, 1, 1, 2, 1, 1, 2, 1, 1, 4, 2, 2, 2, 1, 1, 2, 1, 1, 2, 1, 2, 2, 1, 2, 2, 2, 2], dimension=0, value=39.73664824307537, stages=0, time=0.0}Solution{id=48, content=[4, 1, 2, 2, 1, 2, 2, 1, 1, 2, 1, 2, 2, 1, 2, 2, 1, 2, 2, 1, 2, 2, 1, 1, 2, 2, 2, 2, 1, 2, 2, 1, 2, 2, 1, 1, 2, 1, 1, 2, 1, 2, 2, 1, 1, 2, 1, 2, 2, 1, 2, 2, 1, 2, 1, 1, 1, 2, 1, 2, 2, 1, 1, 2, 1, 2, 2, 2, 2, 2, 1, 2, 2, 1, 2, 4, 1, 2, 2, 1, 2, 2, 1, 2, 2, 1, 2, 2, 1, 1, 2, 1, 1, 4, 1, 2, 2, 1, 1, 2, 1, 2, 2, 1, 2, 2, 1, 1, 4, 1, 2, 2, 1, 1, 2, 2, 1, 2, 1, 2, 2, 1, 2, 2, 1, 2, 2, 2, 2, 2, 1, 2, 4, 2, 2, 2, 1, 2, 2, 2, 2, 2, 2, 1, 2, 2, 2, 2, 1, 1, 2, 1, 1, 2, 1, 1, 4, 2, 2, 2, 1, 1, 2, 1, 1, 2, 1, 2, 2, 1, 2, 2, 2, 2], dimension=174, value=39.73664824307537, stages=0, time=390.1815302396522}} 
最差解：
Particle{, pBest=Solution{id=0, content=[4, 2, 2, 2, 1, 2, 2, 1, 1, 2, 2, 1, 2, 1, 1, 2, 1, 2, 2, 1, 1, 2, 1, 2, 4, 2, 2, 2, 1, 2, 2, 1, 2, 4, 1, 2, 2, 2, 1, 2, 1, 1, 4, 2, 2, 2, 1, 2, 2, 1, 1, 2, 1, 2, 2, 1, 2, 2, 1, 0, 2, 1, 2, 4, 1, 2, 2, 1, 1, 2, 1, 0, 2, 1, 2, 2, 1, 2, 2, 1, 2, 1, 2, 1, 2, 1, 1, 2, 1, 1, 2, 1, 1, 2, 1, 1, 2, 1, 1, 2, 1, 2, 2, 1, 1, 2, 1, 1, 2, 1, 1, 2, 1, 2, 2, 1, 0, 2, 2, 2, 2, 1, 2, 2, 1, 1, 2, 1, 1, 2, 2, 2, 2, 1, 2, 2, 1, 2, 2, 0, 0, 2, 1, 1, 2, 1, 0, 2, 1, 2, 2, 1, 1, 2, 1, 2, 2, 1, 2, 2, 1, 2, 2, 1, 2, 2, 0, 2, 2, 1, 1, 2, 1, 2], dimension=0, value=39.415133692092944, stages=0, time=0.0}Solution{id=3, content=[4, 2, 2, 2, 1, 2, 2, 1, 1, 2, 2, 1, 2, 1, 1, 2, 1, 2, 2, 1, 1, 2, 1, 2, 4, 2, 2, 2, 1, 2, 2, 1, 2, 4, 1, 2, 2, 2, 1, 2, 1, 1, 4, 2, 2, 2, 1, 2, 2, 1, 1, 2, 1, 2, 2, 1, 2, 2, 1, 0, 2, 1, 2, 4, 1, 2, 2, 1, 1, 2, 1, 0, 2, 1, 2, 2, 1, 2, 2, 1, 2, 1, 2, 1, 2, 1, 1, 2, 1, 1, 2, 1, 1, 2, 1, 1, 2, 1, 1, 2, 1, 2, 2, 1, 1, 2, 1, 1, 2, 1, 1, 2, 1, 2, 2, 1, 0, 2, 2, 2, 2, 1, 2, 2, 1, 1, 2, 1, 1, 2, 2, 2, 2, 1, 2, 2, 1, 2, 2, 0, 0, 2, 1, 1, 2, 1, 0, 2, 1, 2, 2, 1, 1, 2, 1, 2, 2, 1, 2, 2, 1, 2, 2, 1, 2, 2, 0, 2, 2, 1, 1, 2, 1, 2], dimension=174, value=39.415133692092944, stages=0, time=326.3240221673193}} 
