38.80511545830158,38.8996693752037,38.8426730735911,38.944562801964075,38.935052695762465,39.103939844067945,38.7649140105261,39.0982882500949,39.01561028005553,39.002376337502476,38.87730370600922,38.978732940930186,39.1500475546461,39.056731140705274,39.13779721079127,39.13834587248556,38.80515130329055,38.90721409170065,38.93445094093289,39.10202813236245,38.910436867373,38.805969814859274,38.91720363058402,39.12574793038289,38.96976586910829,38.59841637585557,38.83345887339448,39.10818188629223,39.04468188431429,38.76058271071597,
WWO统计信息：
size = 50
iters = 1000
nfes = 50000
sum = 1168.574450863804
min = 38.59841637585557
max = 39.1500475546461
mean = 38.952481695460136
std = 0.13874488664592907
totaltime = 80.432s
avgtime = 2.6810666666666667s
最优解：
Wave{amplitude=12.0, length=0.17416685420814185} Solution{id=47, content=[2, 0, 1, 2, 0, 2, 2, 1, 2, 1, 1, 1, 2, 1, 1, 2, 1, 2, 2, 1, 1, 2, 0, 1, 2, 1, 1, 2, 2, 2, 2, 2, 1, 2, 0, 2, 1, 0, 1, 2, 0, 2, 2, 1, 1, 2, 0, 2, 2, 2, 2, 2, 1, 2, 1, 1, 1, 2, 1, 1, 2, 1, 2, 2, 0, 2, 2, 1, 1, 2, 1, 2, 2, 1, 1, 2, 0, 2, 2, 1, 1, 2, 1, 1, 2, 1, 1, 2, 1, 2, 2, 1, 1, 2, 1, 1, 2, 1, 1, 2, 1, 1, 2, 0, 2, 2, 1, 2, 2, 1, 1, 2, 1, 2, 2, 0, 1, 2, 1, 2, 2, 1, 2, 2, 1, 1, 2, 1, 1, 2, 0, 2, 4, 2, 1, 2, 1, 1, 2, 0, 1, 2, 2, 1, 2, 0, 1, 2, 2, 1, 2, 1, 1, 2, 1, 1, 2, 2, 2, 2, 1, 1, 2, 1, 1, 2, 1, 2, 2, 1, 1, 2, 1, 1], dimension=174, value=39.1500475546461, stages=0, time=351.4352405404551}
最差解：
Wave{amplitude=12.0, length=0.1672433500516042} Solution{id=27, content=[2, 1, 1, 2, 1, 2, 2, 1, 1, 2, 1, 1, 2, 1, 1, 2, 1, 0, 2, 1, 0, 2, 1, 1, 2, 1, 1, 2, 1, 1, 1, 1, 1, 2, 0, 2, 2, 1, 0, 2, 1, 1, 2, 1, 0, 2, 1, 1, 2, 1, 1, 2, 2, 2, 2, 0, 2, 2, 1, 2, 2, 1, 1, 2, 1, 1, 2, 0, 1, 2, 1, 0, 4, 1, 2, 2, 1, 1, 2, 1, 1, 2, 1, 0, 2, 1, 1, 2, 1, 1, 2, 1, 2, 2, 0, 2, 2, 1, 1, 2, 0, 1, 2, 1, 0, 2, 1, 1, 2, 1, 1, 2, 1, 0, 2, 1, 0, 2, 1, 2, 2, 0, 2, 2, 1, 1, 1, 1, 1, 2, 0, 0, 2, 1, 1, 2, 1, 1, 2, 0, 1, 2, 2, 1, 2, 0, 1, 2, 1, 1, 2, 1, 0, 2, 1, 1, 2, 1, 2, 2, 1, 0, 2, 0, 1, 2, 1, 1, 2, 1, 1, 2, 1, 2], dimension=174, value=38.59841637585557, stages=0, time=363.20254993661155}
38.86721097011306,39.17084022755246,39.0939895375823,38.8099450381536,38.805579157182294,39.00667614491143,38.99290399736917,38.88580974098057,38.99290979148329,38.871860189617045,39.075951519952994,39.13085480148846,38.878388874085125,38.97522179760168,38.97602617274029,38.725808676423775,38.742465097113936,38.95546444663305,38.93254146875521,39.06537262271757,39.25899492757336,38.895520449095756,39.22276191134461,38.841644632269514,39.031485797558425,39.0420381715213,38.90668453290764,39.025569765472696,38.988511566687265,38.75412543189002,
WWO统计信息：
size = 50
iters = 1000
nfes = 50000
sum = 1168.923157458778
min = 38.725808676423775
max = 39.25899492757336
mean = 38.964105248625934
std = 0.13609169594816561
totaltime = 78.142s
avgtime = 2.6047333333333333s
最优解：
Wave{amplitude=12.0, length=0.17460147690580236} Solution{id=34, content=[2, 1, 1, 2, 1, 2, 2, 1, 1, 2, 0, 2, 2, 1, 2, 2, 1, 1, 2, 1, 1, 2, 1, 1, 2, 2, 1, 2, 1, 1, 2, 1, 1, 2, 1, 2, 2, 1, 1, 2, 1, 1, 2, 2, 0, 2, 1, 1, 2, 1, 1, 2, 1, 1, 2, 2, 1, 2, 1, 1, 2, 1, 1, 2, 1, 1, 2, 0, 2, 2, 1, 1, 2, 1, 0, 2, 1, 2, 2, 1, 2, 2, 2, 2, 2, 2, 2, 2, 1, 2, 2, 0, 2, 2, 1, 1, 2, 1, 1, 2, 2, 2, 2, 1, 2, 4, 1, 2, 2, 1, 1, 2, 1, 1, 2, 2, 1, 2, 1, 0, 2, 1, 1, 2, 1, 2, 2, 1, 1, 2, 1, 2, 2, 2, 0, 2, 1, 2, 2, 1, 2, 2, 2, 2, 2, 1, 0, 2, 1, 2, 2, 1, 2, 2, 1, 2, 2, 2, 1, 2, 1, 1, 2, 1, 1, 2, 1, 2, 2, 1, 0, 2, 2, 2], dimension=174, value=39.25899492757336, stages=0, time=273.3696416949744}
最差解：
Wave{amplitude=12.0, length=0.14048646352085203} Solution{id=10, content=[2, 0, 0, 2, 1, 1, 2, 1, 1, 2, 1, 0, 2, 1, 2, 2, 0, 2, 2, 1, 1, 2, 1, 1, 2, 1, 1, 2, 1, 2, 2, 2, 0, 2, 1, 2, 2, 1, 0, 2, 0, 1, 2, 1, 1, 2, 1, 1, 2, 1, 1, 2, 1, 1, 2, 1, 0, 2, 1, 0, 2, 0, 1, 2, 1, 1, 2, 1, 1, 2, 0, 2, 2, 1, 1, 2, 1, 1, 2, 1, 1, 2, 1, 2, 2, 1, 2, 2, 1, 1, 2, 1, 2, 2, 1, 1, 2, 1, 1, 2, 0, 1, 2, 1, 1, 2, 1, 1, 2, 1, 0, 2, 1, 2, 2, 1, 0, 1, 1, 1, 2, 1, 2, 2, 0, 2, 1, 0, 1, 2, 1, 1, 2, 1, 1, 2, 1, 1, 2, 0, 0, 2, 1, 1, 1, 1, 0, 2, 1, 0, 2, 1, 1, 2, 1, 1, 2, 1, 1, 2, 1, 1, 2, 1, 2, 2, 1, 1, 2, 1, 2, 2, 1, 1], dimension=174, value=38.725808676423775, stages=0, time=361.5953493899227}
39.01944276622624,38.936820704649996,38.85398632987622,38.920405523656676,38.91004979109333,38.44915444858899,38.952946820873485,38.74344494532027,38.9714814345985,38.9282022030556,38.738827554348816,38.957939845602596,39.00901147803372,38.83549466570233,38.84258211839406,38.954410979140754,38.80899302259753,38.84445130309004,38.83667620354568,38.902672428974185,38.563396926353555,39.058559613919286,38.91472405718612,38.983338630854,39.08620485243135,39.017366638799906,38.946106570291626,38.646156812686314,38.45737190345235,39.118040442674406,
WWO统计信息：
size = 50
iters = 1000
nfes = 50000
sum = 1166.208261016018
min = 38.44915444858899
max = 39.118040442674406
mean = 38.873608700533936
std = 0.16660270438778882
totaltime = 76.054s
avgtime = 2.5351333333333335s
最优解：
Wave{amplitude=12.0, length=0.1292857820248676} Solution{id=4, content=[2, 2, 1, 2, 1, 2, 2, 1, 2, 2, 0, 2, 2, 1, 1, 2, 1, 2, 2, 0, 2, 2, 1, 2, 2, 1, 1, 2, 1, 1, 2, 2, 1, 2, 0, 1, 2, 1, 1, 2, 0, 2, 2, 0, 1, 2, 1, 2, 2, 1, 1, 2, 1, 2, 2, 1, 1, 2, 0, 2, 2, 1, 2, 2, 1, 1, 2, 1, 1, 2, 2, 2, 2, 1, 1, 2, 0, 1, 2, 1, 2, 1, 1, 1, 2, 1, 2, 2, 1, 1, 2, 1, 1, 2, 1, 1, 2, 1, 2, 2, 1, 1, 2, 1, 1, 2, 1, 1, 2, 1, 1, 2, 1, 0, 4, 1, 0, 2, 1, 1, 2, 1, 1, 2, 1, 2, 2, 1, 1, 2, 1, 1, 2, 0, 1, 2, 1, 1, 1, 0, 1, 2, 0, 2, 2, 1, 0, 2, 2, 2, 2, 1, 2, 2, 1, 2, 2, 1, 1, 2, 1, 2, 2, 1, 1, 2, 1, 0, 2, 1, 2, 2, 0, 2], dimension=174, value=39.118040442674406, stages=0, time=311.31020705493904}
最差解：
Wave{amplitude=12.0, length=0.17343618893534485} Solution{id=24, content=[2, 0, 1, 2, 1, 1, 2, 1, 0, 2, 0, 0, 2, 1, 1, 2, 1, 1, 2, 1, 1, 2, 1, 1, 2, 1, 1, 2, 1, 1, 2, 1, 0, 2, 1, 1, 2, 0, 0, 2, 1, 2, 2, 0, 0, 2, 0, 1, 2, 1, 2, 2, 1, 2, 2, 1, 1, 2, 1, 1, 2, 0, 2, 2, 1, 1, 1, 1, 1, 2, 1, 0, 2, 1, 0, 2, 1, 1, 2, 1, 1, 2, 1, 1, 2, 1, 0, 2, 1, 0, 2, 1, 0, 2, 1, 0, 2, 0, 1, 2, 1, 1, 2, 1, 1, 4, 1, 1, 2, 1, 2, 2, 1, 0, 2, 1, 0, 2, 1, 1, 2, 1, 1, 2, 1, 1, 1, 1, 1, 2, 0, 1, 2, 0, 2, 2, 1, 2, 2, 1, 2, 2, 1, 2, 2, 0, 1, 2, 0, 2, 2, 0, 2, 2, 0, 1, 2, 0, 1, 2, 1, 1, 2, 1, 1, 2, 1, 1, 2, 1, 2, 2, 1, 1], dimension=174, value=38.44915444858899, stages=0, time=361.6833012088763}
39.232158036998044,38.90489171751433,39.158475625127984,39.112781786006025,38.75064540606153,39.16923074053165,38.87365998625492,38.836390470760826,38.76960988971874,38.69605690828702,38.81710718736572,39.117918429064105,38.456484536459236,38.80518664752993,39.185901636193016,38.964381187083944,39.08798850803973,38.83167635647172,38.82732244827256,38.817215360384964,38.91858377957934,38.94106416527173,38.65795250923151,38.97141074514251,39.21294323126904,38.96468019420283,38.897114550628665,39.01287604930321,38.77416515939129,38.36305102327782,
WWO统计信息：
size = 50
iters = 1000
nfes = 50000
sum = 1167.128924271424
min = 38.36305102327782
max = 39.232158036998044
mean = 38.90429747571413
std = 0.20867620027165135
totaltime = 73.972s
avgtime = 2.465733333333333s
最优解：
Wave{amplitude=12.0, length=0.13890071901851972} Solution{id=0, content=[2, 1, 1, 2, 0, 2, 2, 1, 1, 2, 1, 1, 2, 1, 2, 2, 0, 2, 2, 1, 2, 2, 1, 2, 2, 2, 1, 2, 1, 2, 2, 0, 1, 2, 1, 2, 2, 2, 0, 2, 1, 2, 2, 1, 1, 2, 1, 0, 2, 0, 2, 4, 1, 2, 1, 1, 1, 2, 1, 2, 2, 1, 2, 2, 1, 1, 2, 2, 1, 2, 1, 2, 2, 1, 1, 2, 1, 1, 2, 1, 2, 1, 1, 1, 2, 1, 2, 2, 2, 2, 2, 1, 1, 2, 1, 1, 2, 1, 1, 2, 1, 1, 2, 1, 2, 2, 1, 1, 2, 1, 2, 2, 1, 0, 2, 1, 2, 2, 1, 2, 2, 0, 2, 2, 1, 2, 2, 0, 2, 2, 1, 1, 2, 1, 1, 2, 1, 1, 2, 2, 1, 2, 1, 1, 2, 1, 2, 2, 1, 0, 2, 1, 2, 2, 1, 0, 2, 1, 1, 2, 1, 2, 2, 1, 2, 2, 1, 2, 2, 1, 2, 2, 1, 1], dimension=174, value=39.232158036998044, stages=0, time=304.96850940594015}
最差解：
Wave{amplitude=12.0, length=0.17328456442645337} Solution{id=35, content=[2, 0, 2, 2, 1, 1, 2, 0, 2, 2, 1, 0, 2, 0, 1, 2, 0, 2, 2, 0, 2, 2, 1, 1, 2, 0, 1, 2, 1, 1, 1, 0, 1, 2, 0, 1, 2, 0, 0, 2, 1, 0, 2, 2, 1, 2, 1, 0, 2, 0, 2, 2, 1, 1, 1, 1, 1, 2, 1, 1, 2, 1, 1, 2, 0, 1, 2, 1, 0, 2, 1, 1, 2, 2, 1, 2, 1, 1, 2, 0, 2, 2, 0, 1, 2, 1, 1, 2, 1, 2, 2, 1, 2, 2, 0, 1, 2, 2, 2, 1, 1, 1, 2, 1, 1, 2, 1, 1, 2, 1, 1, 2, 1, 2, 2, 1, 1, 2, 1, 1, 2, 1, 0, 2, 1, 2, 2, 1, 0, 2, 1, 0, 2, 2, 1, 2, 1, 2, 1, 2, 1, 2, 1, 1, 2, 1, 1, 2, 0, 2, 2, 0, 2, 2, 1, 1, 2, 1, 1, 2, 1, 1, 2, 0, 1, 2, 1, 0, 2, 1, 1, 2, 1, 2], dimension=174, value=38.36305102327782, stages=0, time=357.6397576454948}
39.05736763155717,38.8511460022825,39.11902204999434,39.03180459984043,39.006313901768706,38.8130231156695,38.93262692512912,39.00688266248294,38.81921025062057,38.94059799866581,38.77622120054774,38.70844339170457,38.85950178875438,39.05179130628353,38.713750606905585,38.97968731513708,38.89228706553616,38.83092029165302,38.952136843771314,38.94074111608558,38.90277422666711,38.57707832139928,38.782518308474465,39.10003211283617,38.980623944126776,38.947532052489144,39.11170750958803,38.70055475134832,38.88100321567435,38.882966883464135,
WWO统计信息：
size = 50
iters = 1000
nfes = 50000
sum = 1167.150267390458
min = 38.57707832139928
max = 39.11902204999434
mean = 38.90500891301527
std = 0.13265552529918107
totaltime = 74.644s
avgtime = 2.4881333333333333s
最优解：
Wave{amplitude=12.0, length=0.16906637156797802} Solution{id=46, content=[2, 1, 0, 2, 1, 2, 2, 1, 1, 2, 0, 2, 2, 1, 2, 2, 1, 1, 2, 1, 2, 2, 1, 1, 2, 0, 2, 2, 1, 2, 2, 0, 2, 2, 1, 2, 2, 0, 1, 2, 0, 2, 2, 1, 1, 2, 1, 2, 2, 1, 1, 2, 0, 2, 2, 1, 0, 2, 1, 1, 2, 1, 1, 2, 2, 2, 2, 1, 0, 2, 0, 2, 2, 1, 2, 2, 1, 0, 2, 1, 2, 2, 2, 0, 2, 1, 2, 2, 1, 1, 2, 1, 1, 2, 1, 1, 2, 0, 2, 2, 0, 1, 2, 1, 2, 2, 1, 1, 2, 1, 1, 2, 1, 0, 2, 2, 0, 2, 1, 1, 2, 1, 2, 2, 1, 2, 2, 2, 1, 2, 0, 1, 2, 1, 1, 2, 1, 2, 2, 1, 2, 2, 1, 1, 2, 1, 0, 2, 1, 1, 2, 1, 2, 2, 1, 1, 2, 0, 1, 2, 1, 2, 2, 1, 1, 2, 1, 2, 2, 1, 2, 2, 1, 0], dimension=174, value=39.11902204999434, stages=0, time=262.4064795696562}
最差解：
Wave{amplitude=12.0, length=0.17437112299334495} Solution{id=18, content=[2, 0, 1, 2, 1, 1, 2, 1, 1, 2, 1, 1, 2, 1, 1, 2, 1, 1, 2, 1, 1, 2, 1, 1, 2, 1, 1, 2, 1, 1, 2, 1, 0, 2, 1, 1, 2, 1, 0, 2, 0, 2, 2, 0, 1, 2, 1, 1, 2, 1, 1, 2, 1, 1, 2, 1, 0, 2, 1, 1, 2, 1, 1, 2, 1, 1, 2, 0, 1, 1, 1, 1, 2, 1, 1, 2, 0, 2, 2, 1, 1, 2, 1, 1, 2, 1, 0, 2, 1, 1, 2, 1, 0, 2, 1, 1, 2, 1, 1, 2, 1, 0, 2, 1, 1, 2, 1, 1, 2, 1, 1, 2, 1, 1, 2, 0, 0, 2, 1, 1, 2, 1, 1, 2, 1, 0, 2, 0, 0, 1, 1, 1, 2, 0, 1, 2, 1, 1, 2, 0, 0, 2, 0, 2, 2, 0, 1, 2, 1, 1, 2, 1, 1, 2, 1, 1, 2, 2, 1, 2, 1, 1, 2, 1, 1, 2, 0, 2, 2, 1, 0, 2, 0, 1], dimension=174, value=38.57707832139928, stages=0, time=435.3162209414529}
39.23572672993751,38.91682508079429,39.11694445814431,39.10693711311965,38.82127399150577,38.89582260573892,39.04022882318228,38.93495008687448,38.9676242050278,38.93119829332741,38.90888565499237,38.778434430016006,38.670020927873395,38.97383141541268,38.804554278393994,39.00320267677887,38.81778005843776,39.14176778647507,39.12456030647702,38.93670505314535,38.94929130192038,38.87366374205707,39.072685427981995,38.856150509256835,38.957386696349516,39.011601641665564,39.18160051233638,38.49917523998684,39.181457227343344,39.00493560252314,
WWO统计信息：
size = 50
iters = 1500
nfes = 75000
sum = 1168.7152218770764
min = 38.49917523998684
max = 39.23572672993751
mean = 38.957174062569216
std = 0.1584639061288281
totaltime = 110.295s
avgtime = 3.6765s
最优解：
Wave{amplitude=12.0, length=0.15379830051843196} Solution{id=47, content=[2, 1, 1, 2, 1, 1, 2, 1, 1, 2, 1, 1, 2, 1, 1, 2, 1, 1, 2, 0, 2, 2, 0, 2, 2, 2, 1, 2, 1, 2, 2, 0, 2, 2, 2, 2, 2, 1, 0, 2, 1, 2, 2, 1, 1, 2, 1, 0, 2, 1, 2, 2, 1, 1, 1, 1, 1, 2, 1, 2, 2, 1, 1, 2, 1, 2, 2, 0, 2, 2, 1, 2, 2, 1, 1, 2, 1, 1, 2, 1, 1, 2, 0, 2, 2, 1, 2, 2, 1, 1, 2, 1, 1, 2, 1, 1, 2, 1, 0, 2, 1, 2, 2, 1, 2, 2, 1, 1, 2, 1, 1, 2, 1, 1, 2, 2, 0, 2, 1, 1, 2, 1, 2, 2, 1, 1, 2, 2, 2, 2, 1, 1, 2, 1, 0, 2, 1, 2, 2, 0, 1, 2, 1, 1, 1, 1, 1, 2, 1, 1, 2, 1, 2, 2, 1, 2, 2, 0, 1, 2, 1, 2, 2, 1, 1, 2, 1, 2, 2, 1, 2, 2, 2, 1], dimension=174, value=39.23572672993751, stages=0, time=308.2227717700495}
最差解：
Wave{amplitude=12.0, length=0.15733042329148988} Solution{id=29, content=[2, 1, 1, 2, 1, 1, 2, 1, 1, 2, 1, 1, 2, 0, 2, 2, 1, 0, 2, 1, 1, 2, 1, 1, 2, 0, 2, 2, 0, 1, 2, 2, 1, 2, 1, 1, 2, 0, 0, 2, 1, 1, 2, 1, 1, 2, 1, 1, 2, 1, 2, 2, 1, 1, 2, 2, 1, 2, 1, 0, 2, 0, 1, 2, 1, 2, 2, 0, 1, 2, 1, 1, 2, 1, 1, 2, 0, 1, 2, 1, 2, 1, 0, 2, 2, 0, 2, 2, 1, 0, 2, 0, 2, 2, 1, 1, 2, 1, 1, 2, 1, 0, 2, 1, 0, 2, 1, 2, 2, 1, 1, 2, 1, 1, 2, 1, 1, 2, 2, 0, 2, 0, 2, 2, 1, 1, 2, 2, 2, 2, 1, 0, 2, 1, 0, 2, 1, 2, 2, 1, 1, 2, 2, 1, 2, 1, 1, 2, 1, 2, 2, 1, 1, 2, 1, 1, 2, 2, 1, 2, 1, 1, 2, 0, 1, 2, 1, 0, 2, 1, 1, 2, 1, 1], dimension=174, value=38.49917523998684, stages=0, time=345.30497490038323}
