10.082659600841605,10.043603877461894,10.083085562211831,10.110564047191541,10.123482743929085,10.182601475196675,10.157758681339404,10.147409276850784,10.135580263473924,10.067812450642446,
统计信息：
sum = 101.13455797913919
min = 10.043603877461894
max = 10.182601475196675
mean = 10.113455797913918
std = 0.04387921002943311
totaltime = 1.605
avgtime = 0.1605
最优解：
Solution{id=55909012, content=[3, 2, 2, 3, 2, 3, 2, 2, 2, 1, 2, 1, 2, 3, 2, 2, 1, 2, 2, 2, 1, 3, 1, 2, 2, 3, 1, 2, 1, 3, 2, 2, 1, 2, 3, 4, 1, 3, 2, 3, 1, 4, 2, 3, 3, 3, 2, 2], dimension=48, value=10.182601475196675, stages=0, time=117.4248200377991}
最差解：
Solution{id=581374081, content=[1, 3, 2, 2, 2, 1, 3, 2, 3, 3, 2, 3, 2, 2, 3, 2, 2, 3, 2, 2, 2, 4, 2, 1, 1, 2, 3, 3, 2, 2, 3, 2, 2, 3, 1, 4, 3, 4, 3, 2, 3, 4, 2, 3, 2, 2, 1, 1], dimension=48, value=10.043603877461894, stages=0, time=95.79056965994683}
