10.213162174966277
10.074806521424703
10.12836202333923
10.07410478543467
10.149473469967708
10.076987774504154
10.248094154048216
10.141353179452963
10.081956480527166
10.047292882271794
统计信息：
sum = 101.23559344593689
min = 10.047292882271794
max = 10.248094154048216
mean = 10.123559344593689
std = 0.06590202159728803
totaltime = 0.712
avgtime = 0.0712
最优解：
Solution{id=546718765, content=[2, 3, 1, 2, 1, 2, 3, 3, 1, 3, 2, 3, 3, 2, 2, 1, 1, 2, 2, 2, 2, 3, 2, 2, 2, 3, 3, 3, 1, 1, 1, 2, 2, 3, 1, 1, 3, 2, 2, 1, 1, 3, 2, 3, 2, 4, 2, 2], dimension=48, value=10.248094154048216, stages=0, time=108.89007386842891}
最差解：
Solution{id=89387388, content=[1, 1, 2, 3, 2, 1, 1, 1, 1, 2, 2, 3, 2, 2, 2, 3, 2, 2, 3, 2, 1, 3, 1, 3, 3, 3, 2, 2, 1, 1, 2, 1, 1, 1, 1, 4, 3, 4, 2, 2, 1, 2, 2, 1, 2, 2, 2, 3], dimension=48, value=10.047292882271794, stages=0, time=88.2604903011221}
