90.97011517360683,90.07224642264745,90.41906247829803,90.46567805480795,89.87235793281606,90.8051240082095,90.17854881894735,90.95483582923323,90.52528625963932,90.4309064616004,90.67574830964524,90.44013991131465,90.80752906837316,90.49064926308843,90.27380158858983,90.52164406900783,90.62690894142324,90.71563426265185,90.74712195316873,91.19681692070452,90.19557557708751,90.73924614833507,90.82970306956756,91.38137502898978,90.66899700788835,90.58967529479703,90.79344386533172,90.62790887442691,91.38840281811501,90.35933206642463,
DE统计信息：
sum = 2718.763815478737
min = 89.87235793281606
max = 91.38840281811501
mean = 90.6254605159579
std = 0.34818278443493283
totaltime = 2863.748
avgtime = 95.45826666666667
最优解：
Solution{id=39, content=[10, 4, 12, 2, 13, 14, 2, 12, 9, 9, 15, 12, 8, 10, 8, 9, 10, 14, 11, 8, 13, 15, 13, 13, 15, 12, 12, 8, 15, 9, 15, 12, 10, 9, 8, 6, 9, 5, 16, 9, 8, 1, 13, 6, 15, 14, 6, 14, 13, 8, 12, 9, 13, 9, 17, 9, 12, 9, 15, 6, 11, 10, 13, 11, 9, 3, 2, 12, 12, 8, 10, 2, 11, 11, 14, 5, 11, 12, 14, 13, 17, 8, 9, 3, 15, 2, 8, 10, 5, 5, 7, 12, 13, 10, 13, 2, 10, 10, 14, 10, 11, 14, 11, 8, 15, 14, 5, 5, 4, 12, 4, 7, 16, 7, 15, 8, 15, 2, 12, 11, 17, 10, 17, 11, 16, 4, 12, 2, 15, 1, 9, 8, 15, 9, 11, 11, 15, 13, 12, 8, 9, 6, 4, 11, 7, 12, 17, 3, 12, 11, 10, 7, 10, 9, 18, 3, 15, 8, 17, 9, 11, 13, 14, 2, 7, 13, 15, 8, 7, 14, 13, 10, 13, 7, 6, 8, 10, 6, 12, 4, 15, 8, 14, 4, 1, 5, 2, 4, 17, 5, 15, 3, 4, 3, 11, 1, 9, 7, 16, 3, 16, 9, 15, 12, 15, 6, 11, 10, 9, 1, 8, 2, 15, 14, 9, 9, 17, 5, 11, 9, 11, 12, 11, 5, 13, 12, 6, 8, 17, 9, 18, 11, 7, 3, 13, 7, 5, 13, 12, 3, 3, 10, 15, 2, 15, 6, 11, 9, 13, 1, 9, 8, 3, 2, 14, 11, 8, 9, 8, 11, 13, 5, 12, 9, 9, 11, 2, 11, 15, 10, 11, 9, 12, 4, 9, 8, 12, 4, 15, 10, 11, 5, 12, 5, 13, 10, 15, 10, 7, 10, 5, 10, 14, 5, 8, 7, 2, 15, 15, 7, 4, 14, 15, 9, 17, 3, 15, 10, 13, 8, 11, 4, 14, 11, 13, 7, 3, 7, 15, 4, 14, 8, 1, 3, 15, 9, 12, 8, 4, 3, 11, 14, 16, 12, 11, 11, 12, 10, 8, 10, 11, 10, 11, 12, 11, 3, 17, 2, 12, 9, 17, 7, 8, 14, 10, 2, 11, 5, 8, 6, 18, 8, 16, 3, 17, 8, 14, 3, 12, 12, 10, 11, 14, 8, 17, 13, 12, 1, 18, 5, 18, 14, 6, 9, 8, 11, 8, 12, 14, 6, 17, 10, 8, 1, 16, 5, 10, 3, 15, 5, 12, 8, 15, 5, 7, 5, 12, 6, 7, 9, 17, 7, 6, 14, 8, 7, 12, 12, 14, 6, 8, 8, 10, 8, 9, 2, 16, 8, 8, 2, 17, 9, 4, 2, 11, 12, 14, 10, 10, 3, 6, 5, 11, 14, 12, 3, 6, 14, 15, 2, 4, 10, 12, 13, 8, 11, 4, 10, 8, 3, 7, 4, 11, 6, 9, 10, 10, 2, 18, 4, 15, 13, 6, 3, 11, 2, 15, 12, 10, 5, 13, 10, 17, 3, 6, 8, 8, 5, 6, 2], dimension=490, value=91.38840281811501, stages=0, time=292.4474050406497}
最差解：
Solution{id=29, content=[14, 12, 12, 6, 12, 9, 6, 7, 16, 2, 8, 12, 14, 2, 6, 3, 4, 5, 8, 6, 14, 8, 14, 13, 12, 9, 7, 9, 8, 3, 15, 7, 15, 3, 9, 14, 13, 7, 18, 13, 6, 5, 11, 9, 6, 10, 13, 3, 14, 3, 12, 5, 11, 4, 9, 9, 11, 7, 15, 10, 12, 3, 10, 2, 10, 6, 7, 0, 16, 9, 15, 4, 14, 1, 3, 5, 9, 9, 14, 10, 18, 0, 5, 8, 8, 10, 11, 7, 15, 5, 1, 8, 12, 7, 15, 15, 4, 5, 13, 3, 14, 8, 6, 11, 12, 12, 5, 12, 9, 12, 13, 10, 12, 5, 8, 3, 7, 6, 18, 8, 15, 6, 12, 11, 18, 5, 10, 6, 10, 15, 9, 4, 9, 4, 12, 11, 16, 7, 11, 8, 15, 2, 9, 10, 15, 9, 17, 8, 12, 7, 9, 11, 17, 3, 8, 8, 14, 5, 10, 12, 5, 6, 15, 2, 11, 12, 17, 12, 9, 11, 12, 10, 10, 10, 10, 8, 7, 6, 7, 5, 6, 5, 13, 10, 6, 12, 14, 9, 15, 9, 11, 12, 7, 9, 12, 7, 14, 8, 9, 2, 5, 9, 9, 11, 8, 12, 6, 13, 6, 12, 12, 13, 11, 11, 13, 8, 15, 9, 8, 8, 16, 13, 7, 5, 5, 3, 16, 6, 16, 4, 12, 10, 10, 3, 14, 7, 14, 5, 14, 2, 15, 13, 6, 11, 9, 2, 6, 13, 18, 12, 10, 9, 11, 1, 12, 9, 18, 6, 7, 8, 6, 12, 15, 14, 5, 13, 11, 7, 9, 2, 4, 10, 6, 14, 8, 7, 2, 8, 8, 7, 18, 2, 14, 9, 15, 3, 14, 2, 13, 12, 13, 7, 18, 12, 8, 5, 16, 3, 12, 7, 6, 12, 15, 7, 15, 10, 3, 10, 9, 15, 12, 1, 3, 2, 13, 8, 6, 7, 8, 7, 8, 1, 12, 4, 17, 12, 18, 2, 18, 12, 3, 9, 2, 11, 11, 7, 6, 13, 9, 14, 5, 5, 16, 5, 17, 2, 7, 10, 15, 5, 5, 12, 7, 3, 11, 11, 15, 4, 15, 9, 17, 10, 14, 8, 2, 8, 11, 6, 5, 4, 15, 4, 10, 15, 10, 5, 9, 11, 15, 13, 14, 7, 4, 4, 11, 7, 9, 12, 14, 14, 6, 10, 18, 13, 13, 9, 10, 14, 11, 14, 7, 5, 6, 2, 4, 7, 14, 11, 14, 6, 2, 9, 16, 9, 9, 6, 12, 5, 12, 4, 17, 2, 5, 0, 5, 9, 18, 7, 13, 2, 4, 12, 2, 14, 2, 9, 15, 2, 16, 5, 3, 5, 12, 10, 16, 1, 12, 7, 15, 11, 5, 6, 17, 4, 10, 7, 18, 11, 12, 6, 2, 9, 15, 9, 12, 12, 13, 5, 15, 5, 11, 4, 12, 5, 8, 8, 9, 5, 12, 8, 11, 9, 5, 5, 12, 8, 6, 8, 13, 10], dimension=490, value=89.87235793281606, stages=0, time=283.5058878228812}
