91.81787066723228,91.26459669264415,91.66134973070264,
DE统计信息：
size = 50
iters = 3000
nfes = 150000
sum = 274.74381709057906
min = 91.26459669264415
max = 91.81787066723228
mean = 91.58127236352635
std = 0.28519696928535637
totaltime = 127.515s
avgtime = 42.505s
最优解：
Solution{id=43, content=[9, 12, 12, 2, 8, 1, 15, 2, 1, 4, 5, 4, 12, 5, 15, 5, 15, 11, 10, 15, 5, 8, 15, 11, 8, 3, 15, 9, 11, 6, 13, 4, 8, 14, 7, 13, 16, 8, 14, 8, 17, 11, 8, 12, 13, 12, 11, 12, 16, 9, 10, 14, 10, 11, 9, 14, 16, 10, 11, 11, 9, 10, 15, 9, 11, 12, 13, 5, 15, 4, 17, 11, 14, 6, 16, 6, 17, 11, 5, 15, 14, 9, 14, 9, 15, 13, 17, 7, 7, 2, 6, 3, 14, 6, 17, 9, 9, 7, 12, 5, 17, 3, 7, 5, 8, 11, 12, 8, 7, 8, 9, 6, 15, 9, 6, 2, 15, 7, 12, 6, 8, 11, 6, 7, 14, 6, 5, 8, 15, 10, 9, 12, 8, 12, 11, 5, 6, 15, 10, 12, 10, 1, 8, 1, 12, 5, 17, 10, 10, 9, 8, 10, 10, 4, 8, 7, 14, 4, 7, 12, 9, 11, 15, 12, 15, 11, 16, 6, 9, 2, 6, 8, 7, 15, 6, 7, 15, 2, 15, 6, 16, 11, 15, 12, 14, 9, 12, 8, 8, 12, 15, 14, 6, 11, 11, 12, 11, 8, 12, 5, 9, 2, 15, 5, 11, 9, 14, 10, 4, 11, 13, 3, 10, 8, 12, 8, 7, 10, 14, 3, 11, 11, 5, 7, 6, 2, 4, 12, 13, 9, 3, 0, 9, 10, 5, 12, 12, 4, 13, 2, 14, 4, 14, 5, 9, 9, 16, 11, 2, 10, 12, 5, 11, 8, 6, 7, 15, 7, 11, 6, 15, 7, 11, 8, 4, 9, 4, 13, 10, 11, 9, 4, 3, 8, 14, 4, 8, 4, 15, 7, 13, 11, 3, 6, 14, 8, 13, 9, 7, 3, 4, 7, 12, 12, 8, 10, 15, 9, 15, 10, 5, 2, 15, 9, 11, 13, 14, 4, 17, 8, 8, 10, 11, 12, 13, 11, 7, 11, 14, 4, 12, 6, 6, 3, 8, 2, 17, 7, 9, 10, 16, 7, 16, 8, 12, 6, 9, 3, 10, 6, 8, 4, 12, 12, 12, 8, 7, 13, 14, 13, 10, 8, 8, 9, 9, 10, 5, 11, 12, 8, 12, 8, 12, 2, 5, 12, 14, 3, 16, 12, 9, 5, 9, 2, 11, 2, 11, 9, 2, 4, 15, 5, 12, 5, 12, 11, 4, 9, 17, 15, 11, 9, 13, 7, 14, 9, 15, 10, 13, 5, 9, 10, 11, 8, 9, 10, 8, 11, 12, 5, 17, 10, 7, 7, 8, 10, 12, 10, 7, 4, 13, 8, 11, 10, 2, 9, 15, 11, 10, 9, 13, 5, 16, 1, 12, 9, 15, 8, 5, 5, 10, 5, 17, 11, 16, 8, 15, 8, 11, 3, 13, 9, 16, 12, 2, 11, 5, 5, 13, 10, 9, 6, 8, 9, 12, 10, 15, 1, 12, 6, 8, 10, 11, 13, 12, 11, 14, 8, 8, 14, 7, 7, 7, 14, 8, 9, 7, 10, 11, 8], dimension=490, value=91.81787066723228, stages=0, time=286.8269402028537}
最差解：
Solution{id=37, content=[11, 6, 16, 3, 13, 6, 2, 9, 8, 4, 11, 9, 15, 8, 14, 3, 12, 6, 9, 8, 18, 12, 8, 12, 11, 5, 12, 14, 4, 12, 6, 8, 6, 9, 16, 8, 4, 7, 16, 5, 18, 5, 16, 1, 8, 2, 12, 7, 14, 8, 18, 5, 2, 5, 6, 14, 11, 13, 11, 12, 5, 5, 5, 6, 13, 11, 13, 9, 8, 8, 11, 5, 16, 2, 9, 9, 8, 6, 10, 12, 10, 6, 14, 14, 8, 4, 14, 10, 16, 11, 13, 0, 11, 4, 16, 4, 6, 7, 18, 14, 10, 10, 10, 14, 11, 8, 12, 7, 12, 6, 11, 11, 17, 9, 12, 11, 12, 12, 10, 5, 18, 9, 14, 11, 16, 14, 16, 15, 14, 10, 14, 11, 13, 2, 15, 7, 9, 2, 10, 2, 10, 4, 16, 9, 5, 12, 8, 15, 10, 8, 15, 3, 14, 11, 10, 12, 16, 5, 14, 10, 15, 2, 8, 1, 6, 5, 11, 4, 7, 6, 2, 3, 4, 11, 4, 10, 18, 0, 5, 8, 10, 9, 5, 3, 4, 9, 6, 14, 3, 9, 18, 2, 9, 11, 13, 7, 9, 7, 11, 7, 10, 3, 18, 2, 16, 13, 8, 9, 15, 4, 16, 7, 7, 10, 13, 8, 9, 8, 15, 4, 5, 8, 8, 15, 14, 12, 10, 4, 10, 9, 9, 7, 2, 10, 13, 10, 12, 3, 11, 13, 11, 13, 17, 7, 6, 6, 12, 7, 7, 15, 12, 8, 14, 10, 10, 8, 4, 3, 14, 15, 4, 11, 9, 8, 2, 8, 7, 7, 4, 2, 8, 10, 9, 7, 12, 2, 8, 4, 17, 2, 17, 9, 16, 9, 14, 12, 14, 2, 12, 6, 15, 12, 9, 9, 8, 6, 6, 10, 13, 14, 15, 11, 10, 9, 11, 6, 13, 9, 17, 3, 15, 8, 14, 5, 14, 5, 10, 6, 13, 5, 15, 9, 4, 7, 14, 12, 13, 11, 9, 7, 14, 10, 12, 9, 2, 2, 8, 3, 13, 8, 10, 2, 15, 9, 9, 2, 14, 2, 15, 3, 9, 7, 15, 12, 9, 10, 4, 2, 12, 11, 10, 10, 1, 3, 13, 8, 12, 8, 18, 9, 11, 10, 14, 7, 14, 2, 11, 2, 9, 4, 14, 10, 2, 14, 8, 11, 5, 11, 15, 4, 18, 12, 18, 10, 8, 6, 15, 9, 5, 8, 11, 6, 14, 6, 12, 10, 14, 5, 11, 8, 8, 9, 2, 10, 13, 2, 5, 4, 11, 14, 3, 10, 5, 10, 13, 5, 12, 12, 17, 7, 11, 7, 17, 8, 15, 15, 14, 0, 15, 5, 8, 3, 8, 14, 6, 3, 14, 11, 5, 11, 10, 9, 2, 11, 15, 7, 4, 15, 17, 10, 11, 8, 2, 12, 12, 8, 14, 5, 16, 3, 5, 9, 4, 8, 18, 3, 9, 11, 2, 14, 15, 2, 13, 3, 10, 14, 12, 10, 15, 8], dimension=490, value=91.26459669264415, stages=0, time=292.02157096749363}
91.5740173823011,93.1395246036841,92.38985267818079,
DE统计信息：
size = 50
iters = 4000
nfes = 200000
sum = 277.103394664166
min = 91.5740173823011
max = 93.1395246036841
mean = 92.36779822138867
std = 0.7829865990863943
totaltime = 169.099s
avgtime = 56.36633333333333s
最优解：
Solution{id=17, content=[3, 10, 10, 4, 17, 11, 15, 3, 15, 3, 8, 3, 18, 7, 13, 13, 5, 10, 10, 6, 8, 12, 16, 9, 11, 2, 8, 7, 10, 9, 17, 10, 12, 8, 10, 2, 11, 12, 9, 3, 16, 2, 17, 11, 10, 15, 15, 11, 8, 4, 12, 8, 15, 8, 10, 11, 15, 4, 17, 7, 9, 8, 11, 9, 10, 14, 4, 11, 15, 10, 16, 13, 17, 10, 16, 8, 8, 11, 16, 5, 5, 6, 8, 3, 12, 12, 11, 9, 2, 9, 15, 8, 11, 2, 15, 9, 8, 15, 15, 5, 17, 12, 15, 12, 14, 12, 15, 2, 9, 8, 10, 11, 14, 10, 11, 2, 17, 6, 14, 5, 7, 1, 14, 4, 16, 8, 13, 7, 13, 14, 15, 10, 15, 8, 14, 11, 18, 10, 15, 11, 16, 11, 13, 12, 14, 11, 18, 9, 11, 9, 15, 12, 6, 11, 12, 12, 14, 11, 12, 3, 15, 6, 12, 1, 15, 8, 1, 10, 15, 7, 14, 11, 10, 14, 7, 5, 13, 12, 11, 8, 8, 10, 5, 11, 10, 12, 10, 1, 9, 15, 12, 6, 17, 12, 14, 10, 9, 9, 5, 8, 6, 9, 3, 11, 9, 10, 14, 4, 17, 10, 7, 9, 14, 11, 15, 10, 8, 2, 6, 10, 13, 4, 13, 7, 15, 12, 15, 5, 14, 10, 16, 12, 9, 10, 6, 11, 16, 9, 17, 12, 5, 9, 8, 12, 12, 10, 17, 7, 12, 8, 5, 10, 10, 10, 11, 7, 17, 13, 16, 12, 9, 8, 5, 11, 15, 8, 15, 11, 13, 6, 17, 13, 11, 8, 15, 15, 8, 3, 8, 10, 11, 15, 17, 7, 6, 5, 8, 13, 12, 1, 8, 12, 11, 8, 17, 8, 14, 10, 6, 6, 16, 5, 12, 12, 6, 13, 10, 9, 17, 8, 12, 5, 6, 5, 7, 13, 8, 3, 9, 12, 8, 10, 14, 4, 10, 9, 11, 11, 11, 11, 13, 8, 5, 12, 8, 6, 15, 3, 17, 8, 5, 4, 11, 2, 2, 11, 4, 5, 14, 4, 9, 7, 8, 4, 17, 5, 11, 2, 6, 1, 9, 9, 15, 8, 14, 5, 17, 11, 16, 12, 13, 9, 16, 12, 15, 8, 15, 5, 14, 15, 6, 11, 9, 10, 8, 12, 8, 12, 6, 14, 12, 3, 15, 11, 2, 9, 14, 13, 6, 3, 14, 7, 5, 3, 16, 14, 15, 9, 1, 5, 13, 5, 9, 8, 13, 12, 6, 14, 14, 8, 16, 15, 12, 3, 10, 13, 11, 3, 10, 2, 7, 11, 11, 5, 17, 8, 9, 2, 15, 7, 15, 15, 4, 10, 15, 15, 11, 4, 15, 8, 16, 3, 14, 5, 10, 2, 12, 1, 9, 2, 15, 4, 11, 9, 12, 7, 14, 11, 13, 6, 17, 8, 17, 11, 12, 6, 13, 1, 9, 5, 7, 3, 12, 11, 15, 6, 12, 15, 16, 9], dimension=490, value=93.1395246036841, stages=0, time=299.18699356852017}
最差解：
Solution{id=15, content=[8, 12, 12, 7, 16, 8, 8, 11, 16, 4, 8, 2, 14, 3, 12, 8, 9, 6, 10, 2, 16, 6, 11, 11, 12, 14, 14, 7, 15, 2, 15, 14, 8, 11, 14, 9, 18, 12, 18, 1, 7, 3, 7, 10, 14, 4, 11, 1, 8, 5, 10, 5, 15, 5, 12, 12, 3, 9, 13, 8, 12, 7, 1, 3, 7, 9, 9, 4, 10, 12, 10, 4, 14, 6, 15, 9, 3, 9, 4, 6, 16, 6, 14, 10, 2, 5, 4, 15, 12, 2, 12, 7, 16, 3, 16, 10, 8, 10, 7, 10, 2, 10, 6, 6, 16, 9, 12, 7, 11, 7, 12, 7, 8, 13, 15, 12, 2, 13, 16, 9, 15, 14, 12, 7, 18, 0, 3, 5, 17, 5, 13, 11, 2, 10, 10, 5, 12, 7, 10, 11, 11, 12, 4, 5, 10, 11, 12, 6, 12, 6, 8, 1, 10, 10, 11, 9, 13, 8, 16, 14, 16, 12, 8, 2, 11, 5, 12, 3, 5, 15, 3, 11, 12, 6, 15, 2, 13, 5, 14, 10, 10, 10, 7, 6, 12, 9, 7, 6, 11, 11, 9, 11, 14, 9, 8, 4, 17, 1, 13, 11, 5, 9, 17, 7, 15, 7, 12, 7, 15, 11, 10, 15, 15, 8, 9, 10, 11, 4, 15, 7, 11, 10, 9, 12, 15, 7, 15, 10, 17, 13, 12, 11, 14, 9, 14, 11, 14, 6, 17, 10, 5, 15, 11, 3, 8, 9, 1, 9, 14, 3, 11, 10, 17, 12, 13, 12, 9, 4, 15, 11, 11, 3, 13, 9, 14, 10, 8, 1, 15, 9, 15, 8, 15, 11, 16, 6, 17, 12, 3, 4, 8, 5, 9, 5, 5, 2, 13, 6, 13, 5, 5, 8, 14, 13, 5, 8, 15, 10, 13, 13, 10, 1, 12, 4, 7, 7, 14, 11, 9, 9, 7, 9, 6, 10, 9, 8, 14, 4, 17, 5, 15, 9, 14, 5, 10, 11, 11, 4, 1, 12, 12, 7, 8, 1, 14, 6, 17, 6, 10, 11, 13, 4, 11, 10, 18, 13, 15, 1, 11, 11, 2, 10, 6, 6, 16, 2, 10, 5, 11, 9, 12, 11, 17, 12, 15, 1, 12, 9, 6, 4, 17, 9, 14, 8, 11, 3, 13, 6, 12, 11, 12, 3, 14, 2, 8, 10, 8, 10, 16, 9, 12, 9, 15, 8, 12, 2, 11, 5, 17, 12, 11, 8, 9, 9, 13, 8, 12, 8, 17, 11, 13, 7, 1, 5, 15, 11, 9, 3, 12, 12, 4, 13, 8, 10, 10, 2, 18, 7, 18, 10, 18, 11, 14, 5, 12, 9, 16, 9, 11, 10, 14, 2, 12, 5, 12, 10, 11, 12, 13, 8, 16, 5, 6, 8, 13, 13, 13, 14, 2, 9, 10, 7, 15, 12, 12, 6, 11, 5, 15, 4, 13, 8, 15, 5, 8, 10, 17, 7, 11, 6, 11, 15, 15, 14, 15, 6, 11, 11, 14, 15], dimension=490, value=91.5740173823011, stages=0, time=279.7406217355496}
93.64048637108259,93.20559321567015,92.64765222393,
DE统计信息：
size = 50
iters = 5000
nfes = 250000
sum = 279.49373181068273
min = 92.64765222393
max = 93.64048637108259
mean = 93.16457727022758
std = 0.49768628851261815
totaltime = 207.946s
avgtime = 69.31533333333333s
最优解：
Solution{id=3, content=[10, 14, 12, 8, 8, 5, 14, 5, 8, 5, 15, 8, 10, 2, 15, 14, 15, 2, 14, 11, 15, 5, 16, 11, 15, 12, 8, 7, 17, 3, 15, 9, 8, 6, 2, 7, 13, 7, 8, 6, 8, 9, 7, 9, 16, 2, 12, 5, 7, 10, 9, 5, 15, 10, 8, 8, 15, 8, 13, 12, 13, 12, 2, 5, 12, 12, 12, 8, 15, 9, 14, 11, 13, 10, 15, 5, 15, 3, 15, 13, 16, 11, 11, 9, 16, 5, 14, 3, 12, 9, 17, 7, 15, 11, 16, 7, 11, 4, 11, 11, 11, 12, 12, 5, 14, 6, 11, 11, 14, 12, 16, 5, 12, 5, 6, 5, 1, 9, 6, 10, 6, 5, 6, 4, 16, 3, 7, 2, 11, 1, 15, 10, 12, 2, 8, 2, 12, 9, 16, 6, 11, 12, 10, 12, 17, 12, 15, 5, 11, 10, 15, 2, 18, 13, 12, 11, 10, 6, 11, 8, 8, 5, 13, 5, 17, 7, 8, 12, 10, 10, 12, 8, 14, 3, 18, 5, 15, 9, 14, 10, 15, 11, 13, 11, 18, 4, 8, 8, 14, 9, 8, 8, 16, 12, 4, 2, 10, 7, 8, 1, 17, 10, 6, 2, 6, 7, 5, 9, 14, 8, 12, 12, 15, 1, 5, 14, 14, 8, 12, 9, 14, 13, 10, 11, 5, 5, 12, 13, 15, 10, 17, 14, 10, 8, 15, 8, 11, 11, 9, 5, 8, 6, 15, 8, 9, 11, 4, 11, 15, 11, 16, 10, 15, 7, 12, 1, 15, 7, 16, 10, 11, 9, 5, 3, 10, 11, 14, 11, 12, 15, 17, 8, 12, 8, 16, 10, 5, 11, 6, 15, 11, 7, 13, 5, 5, 9, 11, 11, 13, 7, 8, 4, 2, 6, 11, 4, 7, 2, 13, 12, 16, 4, 14, 9, 6, 13, 14, 14, 13, 12, 17, 9, 10, 11, 18, 10, 14, 13, 15, 14, 11, 8, 8, 5, 13, 12, 8, 6, 14, 10, 8, 13, 11, 8, 16, 8, 17, 12, 11, 9, 17, 3, 14, 11, 14, 13, 17, 14, 16, 1, 14, 9, 9, 8, 15, 14, 12, 10, 16, 5, 4, 12, 11, 3, 15, 12, 16, 9, 18, 8, 7, 12, 15, 8, 11, 4, 14, 14, 14, 1, 15, 2, 13, 9, 11, 12, 7, 2, 16, 14, 18, 10, 10, 11, 6, 12, 16, 2, 12, 9, 12, 9, 13, 7, 14, 8, 16, 10, 9, 10, 15, 8, 16, 5, 9, 4, 11, 8, 11, 9, 10, 2, 14, 12, 8, 3, 16, 4, 11, 9, 11, 6, 12, 6, 11, 9, 12, 1, 13, 4, 8, 9, 17, 14, 12, 7, 7, 12, 11, 3, 14, 11, 17, 15, 8, 11, 14, 10, 14, 13, 11, 8, 17, 5, 8, 10, 13, 12, 15, 8, 17, 9, 15, 3, 12, 11, 17, 4, 8, 5, 12, 12, 15, 14, 16, 2, 14, 5, 11, 10], dimension=490, value=93.64048637108259, stages=0, time=284.4304587954999}
最差解：
Solution{id=26, content=[11, 12, 15, 5, 10, 3, 16, 13, 5, 1, 9, 10, 10, 14, 8, 4, 17, 4, 15, 6, 8, 3, 15, 7, 16, 6, 16, 3, 15, 8, 7, 14, 9, 6, 15, 13, 15, 2, 17, 5, 14, 12, 15, 5, 5, 10, 15, 9, 8, 9, 11, 7, 8, 9, 18, 15, 9, 10, 8, 3, 10, 6, 13, 6, 13, 5, 12, 2, 11, 11, 11, 5, 12, 8, 16, 2, 7, 6, 8, 5, 8, 7, 16, 9, 11, 10, 2, 7, 13, 6, 8, 15, 6, 10, 12, 3, 15, 8, 15, 15, 18, 9, 11, 14, 15, 9, 17, 12, 14, 6, 16, 8, 16, 6, 8, 11, 1, 7, 14, 15, 9, 1, 6, 6, 18, 8, 14, 5, 12, 5, 14, 12, 16, 11, 14, 14, 15, 12, 14, 11, 8, 7, 9, 3, 5, 12, 11, 8, 16, 10, 12, 2, 14, 11, 5, 11, 11, 8, 16, 8, 17, 10, 6, 9, 14, 7, 16, 12, 12, 7, 4, 14, 10, 6, 16, 5, 7, 15, 15, 9, 15, 8, 5, 3, 8, 9, 12, 8, 4, 5, 11, 9, 13, 8, 15, 5, 15, 9, 16, 8, 2, 11, 12, 8, 2, 2, 12, 3, 9, 10, 10, 5, 18, 5, 7, 4, 11, 11, 8, 12, 13, 2, 8, 8, 12, 12, 4, 12, 15, 7, 14, 10, 8, 8, 12, 12, 12, 14, 14, 11, 7, 12, 14, 9, 15, 3, 13, 11, 16, 3, 10, 9, 11, 8, 12, 11, 12, 13, 16, 3, 10, 7, 13, 3, 12, 9, 3, 5, 8, 10, 15, 2, 16, 14, 14, 10, 2, 11, 14, 7, 8, 6, 10, 8, 8, 7, 14, 12, 13, 4, 18, 10, 6, 5, 14, 5, 6, 11, 6, 5, 15, 13, 18, 11, 12, 3, 5, 4, 13, 12, 4, 3, 16, 10, 16, 5, 16, 7, 15, 13, 8, 6, 6, 10, 16, 12, 15, 2, 15, 3, 12, 10, 10, 10, 14, 6, 14, 10, 8, 2, 13, 11, 13, 6, 14, 4, 11, 4, 11, 2, 17, 6, 15, 11, 14, 12, 10, 12, 12, 5, 8, 4, 16, 5, 17, 3, 12, 9, 6, 12, 15, 11, 11, 13, 13, 10, 9, 4, 11, 3, 14, 9, 4, 2, 15, 11, 16, 10, 6, 6, 11, 3, 10, 5, 16, 14, 12, 6, 12, 9, 14, 8, 9, 9, 14, 8, 15, 7, 11, 13, 2, 2, 11, 5, 6, 10, 8, 11, 10, 14, 12, 1, 4, 3, 17, 11, 12, 4, 2, 10, 15, 13, 16, 7, 13, 2, 2, 11, 11, 10, 12, 10, 16, 13, 16, 9, 8, 10, 14, 9, 9, 4, 2, 10, 14, 11, 6, 7, 16, 9, 11, 10, 11, 12, 16, 15, 15, 7, 14, 6, 14, 9, 12, 9, 15, 5, 3, 7, 12, 12, 5, 4, 18, 14, 11, 9, 2, 12, 15, 2], dimension=490, value=92.64765222393, stages=0, time=268.18394691591243}
91.98529813295572,93.36739911306319,93.42226080205269,92.679306581468,91.66719021182963,92.8357656356219,93.1374981202298,92.30144007684416,94.24102493554237,93.73667993727007,
DE统计信息：
size = 50
iters = 5000
nfes = 250000
sum = 929.3738635468775
min = 91.66719021182963
max = 94.24102493554237
mean = 92.93738635468775
std = 0.8027475411163849
totaltime = 704.542s
avgtime = 70.4542s
最优解：
Solution{id=16, content=[2, 1, 12, 10, 12, 8, 14, 5, 15, 11, 5, 7, 13, 8, 12, 4, 12, 12, 18, 11, 5, 2, 17, 3, 15, 3, 17, 14, 11, 11, 8, 9, 12, 8, 12, 14, 10, 5, 14, 12, 6, 12, 12, 9, 14, 8, 15, 12, 15, 15, 12, 9, 9, 14, 17, 3, 16, 5, 13, 12, 13, 9, 18, 9, 3, 5, 11, 10, 8, 15, 15, 12, 8, 2, 8, 12, 16, 5, 15, 11, 12, 12, 13, 5, 11, 9, 12, 10, 2, 12, 12, 4, 14, 1, 8, 10, 14, 10, 10, 5, 14, 6, 6, 3, 15, 9, 14, 6, 13, 3, 12, 10, 17, 9, 13, 6, 17, 10, 11, 9, 2, 5, 6, 5, 14, 8, 8, 7, 15, 4, 6, 3, 18, 10, 14, 11, 13, 2, 11, 4, 11, 11, 12, 14, 12, 6, 12, 9, 15, 8, 12, 1, 3, 9, 4, 2, 12, 10, 14, 4, 18, 12, 8, 15, 17, 11, 12, 12, 8, 4, 15, 8, 10, 11, 8, 1, 9, 4, 17, 6, 17, 9, 10, 3, 15, 14, 9, 14, 9, 8, 15, 11, 8, 7, 15, 2, 8, 5, 15, 5, 15, 8, 6, 10, 15, 12, 6, 5, 14, 9, 17, 7, 12, 12, 15, 4, 11, 5, 6, 9, 7, 2, 6, 6, 10, 8, 17, 14, 17, 5, 15, 8, 11, 7, 12, 9, 8, 8, 2, 7, 15, 3, 14, 5, 14, 7, 18, 9, 12, 10, 11, 4, 16, 12, 6, 14, 8, 3, 17, 3, 14, 8, 9, 6, 15, 1, 12, 5, 12, 8, 18, 10, 16, 14, 15, 7, 12, 11, 17, 10, 11, 5, 11, 13, 15, 11, 5, 12, 12, 7, 15, 11, 15, 12, 8, 12, 17, 3, 12, 10, 11, 6, 18, 11, 15, 13, 11, 8, 11, 14, 15, 7, 16, 2, 9, 11, 7, 11, 15, 6, 15, 10, 12, 8, 6, 12, 12, 4, 14, 11, 6, 4, 14, 10, 4, 11, 8, 3, 15, 11, 11, 4, 17, 5, 14, 6, 9, 10, 16, 8, 12, 13, 7, 9, 12, 11, 14, 9, 2, 11, 16, 15, 15, 12, 16, 8, 12, 9, 12, 11, 6, 12, 17, 3, 11, 15, 7, 12, 9, 8, 15, 3, 4, 8, 15, 12, 17, 10, 15, 12, 6, 14, 10, 9, 8, 4, 14, 4, 8, 14, 12, 5, 15, 11, 15, 6, 15, 5, 13, 3, 8, 5, 12, 12, 15, 1, 15, 7, 8, 9, 12, 3, 15, 13, 16, 10, 13, 11, 13, 15, 17, 9, 12, 3, 17, 6, 10, 13, 15, 8, 9, 10, 15, 8, 16, 6, 11, 13, 10, 8, 13, 12, 5, 9, 10, 11, 16, 7, 8, 4, 17, 7, 11, 9, 12, 5, 10, 2, 8, 3, 15, 13, 9, 11, 9, 9, 12, 12, 14, 7, 14, 3, 15, 5, 11, 6, 15, 5, 10, 3], dimension=490, value=94.24102493554237, stages=0, time=282.1815518545858}
最差解：
Solution{id=22, content=[12, 11, 13, 11, 15, 9, 14, 4, 6, 6, 14, 6, 12, 12, 14, 14, 15, 4, 14, 6, 14, 9, 17, 9, 11, 5, 8, 7, 15, 8, 12, 10, 9, 11, 12, 8, 10, 1, 7, 7, 4, 11, 15, 11, 12, 9, 9, 3, 2, 3, 6, 10, 10, 9, 12, 15, 12, 9, 11, 11, 9, 11, 8, 12, 12, 2, 9, 12, 12, 11, 9, 4, 9, 10, 8, 7, 10, 5, 16, 9, 2, 13, 17, 12, 15, 6, 11, 13, 11, 15, 15, 2, 16, 10, 5, 12, 15, 9, 15, 11, 15, 4, 7, 6, 7, 8, 8, 3, 18, 2, 11, 8, 8, 9, 8, 8, 8, 3, 16, 6, 12, 8, 15, 4, 18, 10, 8, 3, 5, 9, 10, 8, 16, 5, 9, 2, 8, 2, 5, 12, 16, 10, 11, 7, 6, 10, 8, 7, 14, 5, 15, 12, 4, 6, 17, 11, 12, 1, 18, 5, 9, 13, 7, 11, 8, 8, 17, 11, 9, 13, 15, 2, 6, 4, 8, 9, 11, 8, 13, 15, 5, 11, 13, 6, 15, 11, 15, 5, 14, 6, 8, 6, 14, 3, 13, 5, 15, 12, 13, 15, 7, 12, 10, 8, 14, 5, 12, 11, 10, 15, 11, 11, 15, 6, 13, 11, 10, 7, 9, 11, 11, 5, 11, 2, 16, 5, 9, 10, 16, 2, 14, 1, 17, 8, 14, 2, 15, 12, 6, 4, 14, 9, 17, 15, 15, 3, 14, 5, 16, 10, 13, 10, 8, 6, 13, 14, 8, 5, 15, 11, 13, 6, 14, 13, 16, 4, 15, 3, 13, 12, 16, 14, 4, 2, 11, 8, 12, 11, 12, 10, 15, 15, 7, 8, 2, 2, 15, 8, 8, 10, 2, 5, 15, 3, 14, 12, 3, 9, 15, 8, 15, 10, 7, 3, 5, 4, 9, 10, 10, 8, 10, 9, 12, 11, 14, 14, 13, 13, 15, 4, 14, 10, 14, 7, 9, 6, 12, 5, 2, 5, 13, 3, 17, 3, 14, 10, 11, 7, 4, 12, 7, 3, 3, 13, 2, 12, 15, 8, 3, 2, 15, 5, 17, 11, 7, 10, 11, 12, 11, 5, 15, 14, 11, 3, 17, 6, 16, 4, 16, 8, 7, 8, 13, 13, 14, 11, 15, 15, 13, 5, 12, 4, 8, 15, 6, 9, 17, 5, 10, 2, 18, 6, 11, 12, 15, 10, 8, 4, 14, 2, 18, 2, 15, 6, 16, 4, 8, 2, 6, 11, 13, 8, 11, 5, 16, 12, 16, 4, 10, 14, 9, 4, 7, 14, 10, 4, 10, 4, 15, 7, 15, 7, 10, 6, 15, 7, 10, 7, 14, 11, 12, 5, 14, 10, 12, 4, 7, 6, 10, 8, 16, 2, 8, 6, 11, 6, 17, 8, 9, 11, 10, 8, 15, 9, 15, 14, 15, 13, 11, 9, 8, 7, 8, 6, 4, 5, 9, 4, 5, 11, 14, 7, 16, 7, 15, 9, 16, 14, 15, 8], dimension=490, value=91.66719021182963, stages=0, time=280.49438844748823}
92.1004363981332,91.58817107811785,92.50992121518614,92.52053180019465,92.03586390828552,92.438790966325,92.51092270907812,92.38917827597125,92.36024270587126,91.34387107778021,
DE统计信息：
size = 50
iters = 4000
nfes = 200000
sum = 921.7979301349433
min = 91.34387107778021
max = 92.52053180019465
mean = 92.17979301349433
std = 0.4155336196530987
totaltime = 571.004s
avgtime = 57.1004s
最优解：
Solution{id=47, content=[14, 14, 11, 9, 18, 7, 8, 10, 13, 7, 14, 11, 13, 5, 9, 11, 15, 5, 17, 15, 15, 12, 7, 11, 6, 10, 14, 3, 11, 7, 2, 9, 13, 11, 16, 6, 11, 11, 9, 5, 17, 10, 17, 5, 15, 8, 4, 11, 9, 13, 15, 9, 9, 8, 6, 12, 2, 9, 16, 10, 12, 11, 13, 6, 14, 4, 15, 12, 12, 10, 16, 8, 14, 3, 17, 11, 7, 10, 8, 5, 14, 6, 8, 12, 15, 9, 9, 12, 14, 9, 6, 8, 6, 3, 13, 11, 12, 5, 17, 7, 11, 14, 17, 5, 8, 9, 13, 8, 11, 7, 8, 4, 15, 12, 8, 5, 16, 9, 14, 6, 12, 7, 11, 9, 12, 2, 11, 2, 10, 7, 14, 11, 2, 9, 15, 3, 16, 7, 11, 12, 9, 9, 7, 5, 8, 3, 10, 1, 13, 3, 7, 7, 16, 10, 17, 9, 11, 5, 17, 12, 15, 9, 16, 12, 15, 12, 13, 8, 7, 7, 11, 7, 17, 4, 14, 11, 13, 9, 17, 13, 8, 12, 12, 4, 12, 13, 7, 9, 10, 9, 16, 9, 8, 8, 11, 8, 8, 12, 15, 7, 10, 12, 2, 11, 12, 12, 17, 10, 11, 12, 2, 11, 12, 5, 14, 3, 14, 7, 16, 11, 10, 6, 12, 9, 4, 9, 8, 6, 13, 9, 6, 4, 10, 6, 1, 3, 16, 3, 15, 3, 8, 1, 8, 2, 10, 2, 17, 6, 13, 2, 11, 9, 15, 13, 15, 12, 15, 5, 16, 5, 13, 8, 11, 5, 15, 11, 12, 9, 15, 8, 15, 8, 11, 8, 12, 11, 14, 6, 14, 4, 4, 5, 15, 4, 14, 9, 12, 10, 17, 9, 6, 3, 18, 8, 2, 10, 13, 3, 14, 11, 15, 10, 6, 11, 4, 2, 15, 5, 10, 15, 11, 11, 3, 3, 3, 5, 15, 10, 12, 8, 10, 13, 11, 6, 6, 14, 17, 2, 6, 4, 11, 5, 15, 5, 15, 10, 8, 12, 9, 11, 10, 7, 11, 9, 14, 8, 7, 6, 15, 11, 11, 6, 14, 7, 12, 4, 10, 3, 14, 9, 15, 3, 18, 5, 8, 5, 9, 7, 16, 3, 13, 12, 15, 7, 9, 9, 12, 5, 8, 4, 11, 4, 15, 6, 9, 10, 11, 9, 11, 12, 12, 6, 4, 13, 11, 13, 8, 13, 17, 6, 9, 10, 14, 11, 15, 6, 14, 4, 8, 8, 16, 10, 12, 1, 15, 4, 11, 12, 15, 5, 8, 14, 17, 10, 17, 12, 12, 6, 3, 10, 14, 2, 10, 2, 10, 10, 11, 3, 12, 2, 12, 10, 10, 10, 9, 2, 10, 10, 10, 12, 16, 12, 12, 3, 13, 13, 15, 4, 7, 9, 14, 4, 4, 2, 4, 12, 15, 5, 12, 5, 13, 5, 12, 11, 16, 5, 14, 10, 13, 15, 7, 2, 15, 13, 7, 14, 15, 13, 11, 3], dimension=490, value=92.52053180019465, stages=0, time=278.22248835423676}
最差解：
Solution{id=29, content=[6, 11, 12, 8, 17, 5, 1, 4, 12, 9, 15, 7, 12, 12, 8, 4, 2, 4, 15, 8, 15, 8, 13, 8, 13, 1, 8, 4, 15, 11, 2, 10, 9, 10, 12, 5, 17, 3, 6, 5, 4, 7, 11, 7, 10, 4, 12, 3, 13, 5, 15, 2, 4, 1, 13, 2, 7, 12, 13, 11, 12, 6, 10, 8, 8, 12, 10, 11, 16, 5, 15, 8, 14, 12, 12, 7, 13, 7, 13, 7, 11, 11, 12, 9, 12, 14, 4, 7, 13, 14, 8, 5, 9, 13, 14, 7, 16, 5, 17, 11, 9, 10, 10, 12, 9, 5, 9, 7, 15, 8, 13, 9, 10, 11, 5, 6, 15, 10, 4, 14, 11, 14, 17, 12, 12, 7, 13, 5, 4, 2, 9, 8, 8, 6, 6, 9, 10, 15, 2, 10, 12, 4, 12, 12, 16, 4, 15, 10, 14, 4, 17, 11, 14, 5, 9, 2, 5, 14, 16, 8, 9, 9, 10, 10, 7, 2, 15, 3, 18, 9, 16, 12, 18, 7, 15, 12, 6, 3, 11, 3, 15, 7, 2, 4, 15, 11, 13, 5, 9, 12, 16, 8, 8, 11, 10, 11, 16, 3, 10, 9, 14, 10, 13, 13, 15, 4, 4, 5, 12, 3, 14, 9, 14, 4, 16, 3, 11, 12, 14, 1, 11, 2, 10, 11, 15, 13, 18, 6, 3, 6, 14, 5, 9, 9, 6, 2, 14, 5, 9, 15, 13, 9, 11, 11, 8, 7, 15, 10, 18, 2, 2, 5, 4, 5, 14, 14, 5, 12, 2, 8, 11, 5, 11, 9, 10, 9, 3, 3, 12, 5, 9, 10, 12, 9, 15, 9, 8, 14, 17, 4, 11, 12, 11, 9, 5, 2, 13, 15, 16, 3, 17, 10, 10, 7, 12, 4, 12, 8, 3, 7, 15, 1, 7, 5, 15, 14, 8, 5, 12, 12, 7, 5, 12, 9, 13, 3, 15, 9, 10, 8, 6, 3, 17, 10, 15, 11, 13, 4, 10, 14, 17, 9, 9, 7, 12, 7, 8, 15, 11, 8, 12, 4, 17, 8, 4, 9, 14, 14, 16, 3, 8, 6, 12, 10, 8, 10, 4, 1, 5, 12, 8, 2, 16, 3, 14, 13, 8, 12, 9, 14, 2, 15, 13, 4, 4, 15, 15, 10, 13, 2, 15, 6, 3, 10, 17, 2, 12, 3, 16, 8, 17, 9, 12, 4, 14, 13, 8, 8, 6, 2, 18, 6, 7, 5, 14, 11, 11, 3, 9, 8, 9, 11, 15, 12, 6, 4, 4, 10, 14, 9, 17, 12, 18, 2, 2, 4, 16, 13, 2, 5, 18, 3, 2, 10, 12, 6, 15, 8, 11, 3, 8, 6, 3, 1, 16, 12, 12, 4, 10, 4, 12, 7, 15, 1, 1, 4, 15, 10, 9, 9, 11, 12, 16, 6, 15, 7, 17, 4, 8, 5, 7, 14, 17, 8, 15, 15, 10, 9, 15, 6, 12, 3, 14, 7, 6, 12, 10, 7, 16, 4], dimension=490, value=91.34387107778021, stages=0, time=243.78095318352962}
