93.80315606799718,92.10402156606547,92.97258874262705,91.1410914495208,91.56186573887493,92.78826232094032,91.5956257324351,90.4410564887696,91.64213659191705,92.49646583080022,91.66231562528476,91.47103328477193,91.42837081409611,91.44691236902341,92.47095930205367,91.62618906470547,91.67881405742644,92.2331667179751,92.18991601847347,91.77959185366824,91.46429033537869,92.70065193201245,91.73445449265603,91.88190377439635,91.79038174122688,92.58505334107106,92.08099907467195,90.5504707745858,92.1118029753151,91.18591371336203,
DE统计信息：
size = 50
iters = 4000
nfes = 200000
sum = 2756.6194617921037
min = 90.4410564887696
max = 93.80315606799718
mean = 91.88731539307012
std = 0.695015025578953
totaltime = 1725.005s
avgtime = 57.50016666666667s
最优解：
Solution{id=16, content=[17, 8, 15, 3, 14, 2, 11, 9, 16, 2, 15, 7, 8, 5, 12, 9, 8, 14, 12, 12, 15, 10, 12, 10, 8, 5, 2, 8, 6, 7, 15, 6, 6, 12, 8, 10, 10, 3, 14, 4, 16, 11, 12, 3, 14, 2, 6, 8, 6, 10, 17, 4, 12, 5, 8, 9, 7, 11, 16, 8, 13, 9, 8, 8, 8, 8, 14, 10, 11, 7, 11, 12, 9, 5, 1, 4, 16, 10, 14, 3, 4, 12, 15, 5, 13, 14, 8, 8, 5, 9, 8, 5, 12, 11, 3, 14, 15, 12, 13, 4, 11, 9, 14, 10, 17, 10, 11, 4, 17, 11, 15, 12, 9, 13, 15, 3, 14, 12, 11, 14, 6, 8, 13, 4, 15, 4, 15, 8, 8, 10, 12, 11, 15, 9, 8, 9, 8, 3, 12, 2, 14, 10, 16, 12, 15, 7, 15, 5, 14, 9, 14, 4, 15, 10, 16, 3, 8, 5, 7, 3, 16, 10, 11, 11, 17, 7, 17, 4, 8, 7, 17, 10, 3, 11, 17, 13, 10, 5, 12, 4, 15, 11, 11, 11, 16, 5, 7, 6, 16, 7, 6, 3, 17, 6, 12, 3, 12, 3, 5, 10, 8, 11, 12, 8, 12, 3, 7, 6, 9, 10, 9, 5, 13, 2, 15, 12, 18, 1, 11, 4, 15, 9, 14, 5, 14, 12, 15, 1, 15, 3, 15, 12, 16, 11, 13, 9, 15, 12, 16, 8, 9, 6, 15, 15, 15, 12, 14, 9, 8, 6, 6, 14, 10, 5, 13, 4, 2, 4, 11, 15, 15, 2, 10, 6, 18, 12, 15, 3, 13, 9, 16, 8, 16, 10, 6, 5, 6, 11, 8, 10, 17, 12, 18, 12, 16, 12, 15, 5, 17, 10, 15, 11, 8, 6, 16, 10, 8, 11, 14, 13, 15, 7, 12, 5, 9, 9, 14, 4, 16, 10, 13, 6, 5, 14, 13, 7, 15, 5, 3, 12, 12, 6, 15, 9, 13, 7, 15, 7, 14, 10, 10, 3, 15, 14, 14, 12, 13, 11, 5, 8, 13, 10, 12, 6, 16, 8, 14, 5, 3, 7, 8, 11, 14, 13, 4, 10, 5, 4, 12, 13, 14, 9, 12, 7, 15, 8, 11, 8, 7, 14, 16, 9, 13, 9, 17, 7, 8, 12, 13, 8, 6, 7, 1, 9, 2, 10, 14, 4, 13, 8, 8, 12, 14, 10, 15, 9, 8, 3, 15, 7, 14, 8, 8, 7, 13, 7, 3, 11, 13, 5, 10, 10, 9, 4, 8, 4, 12, 9, 12, 2, 11, 12, 15, 5, 15, 10, 13, 15, 11, 7, 15, 3, 10, 10, 12, 11, 15, 9, 13, 13, 14, 9, 8, 10, 4, 9, 16, 9, 17, 4, 15, 3, 17, 3, 15, 10, 16, 12, 16, 2, 16, 11, 15, 4, 9, 13, 15, 5, 12, 8, 10, 6, 14, 7, 8, 5, 10, 14, 12, 5, 15, 7, 16, 7, 8, 6, 8, 12, 8, 3], dimension=490, value=93.80315606799718, stages=0, time=293.75148966988047}
最差解：
Solution{id=8, content=[15, 9, 13, 14, 13, 14, 4, 10, 10, 11, 1, 9, 1, 8, 15, 1, 10, 8, 7, 10, 18, 9, 9, 4, 11, 11, 11, 12, 13, 10, 10, 8, 11, 5, 5, 10, 18, 13, 15, 13, 15, 3, 10, 5, 13, 10, 12, 1, 15, 7, 14, 7, 14, 7, 11, 3, 9, 4, 14, 8, 18, 5, 12, 6, 8, 5, 13, 4, 5, 10, 12, 8, 15, 9, 13, 4, 15, 12, 8, 8, 17, 8, 8, 12, 11, 9, 9, 10, 8, 4, 1, 10, 13, 10, 10, 13, 11, 7, 6, 11, 16, 2, 10, 6, 9, 5, 10, 10, 16, 15, 13, 4, 10, 2, 8, 3, 10, 10, 12, 6, 10, 11, 11, 3, 11, 8, 12, 4, 12, 10, 11, 7, 5, 2, 5, 8, 14, 2, 14, 12, 6, 5, 12, 8, 5, 9, 12, 5, 14, 6, 18, 11, 10, 11, 8, 13, 16, 5, 13, 8, 10, 9, 6, 14, 17, 10, 7, 15, 16, 1, 12, 2, 4, 9, 9, 11, 7, 9, 17, 10, 18, 9, 12, 3, 9, 11, 12, 13, 12, 7, 10, 15, 6, 2, 6, 5, 9, 10, 15, 3, 14, 6, 18, 11, 15, 7, 6, 7, 11, 12, 6, 11, 16, 6, 8, 5, 10, 11, 11, 8, 15, 14, 16, 7, 8, 9, 14, 1, 12, 1, 16, 10, 18, 12, 5, 8, 17, 12, 17, 8, 3, 14, 9, 10, 9, 10, 16, 11, 11, 0, 12, 10, 12, 6, 11, 9, 11, 2, 13, 14, 9, 3, 11, 11, 15, 7, 10, 12, 9, 7, 10, 9, 9, 8, 16, 5, 7, 2, 12, 8, 16, 5, 16, 8, 16, 9, 15, 8, 15, 9, 5, 10, 3, 7, 13, 3, 9, 8, 6, 7, 15, 13, 8, 7, 8, 7, 11, 9, 11, 5, 13, 10, 15, 6, 10, 11, 11, 9, 14, 9, 8, 6, 15, 5, 13, 11, 10, 12, 14, 8, 6, 11, 10, 9, 4, 9, 13, 11, 15, 9, 16, 6, 17, 5, 5, 5, 12, 12, 7, 8, 17, 6, 8, 7, 8, 4, 12, 12, 16, 4, 8, 2, 16, 11, 12, 2, 6, 2, 12, 15, 5, 10, 9, 6, 13, 8, 11, 12, 12, 11, 14, 5, 12, 9, 11, 6, 6, 8, 17, 3, 7, 14, 15, 1, 4, 5, 9, 7, 15, 7, 15, 10, 9, 12, 10, 8, 15, 12, 7, 7, 7, 12, 9, 12, 18, 7, 15, 7, 10, 6, 3, 4, 14, 11, 8, 9, 8, 9, 2, 5, 14, 9, 18, 5, 12, 7, 16, 6, 16, 4, 14, 12, 4, 2, 15, 9, 3, 10, 15, 7, 7, 5, 12, 9, 14, 9, 10, 9, 10, 2, 17, 9, 14, 6, 13, 10, 15, 13, 12, 13, 15, 10, 5, 10, 4, 6, 15, 11, 15, 8, 4, 10, 12, 6, 12, 13, 12, 10, 13, 7], dimension=490, value=90.4410564887696, stages=0, time=293.0743981131487}
