93.75547110342262,92.65655768043185,93.52610920708716,
DEDNSPSO统计信息：
size = 50
iters = 3000
nfes = 150000
sum = 279.93813799094164
min = 92.65655768043185
max = 93.75547110342262
mean = 93.31271266364722
std = 0.5797035806094485
totaltime = 141.596s
avgtime = 47.19866666666667s
最优解：
Particle{, pBest=Solution{id=0, content=[6, 5, 3, 1, 8, 6, 2, 9, 10, 10, 12, 3, 8, 2, 8, 10, 11, 10, 9, 2, 10, 10, 9, 6, 8, 10, 4, 1, 2, 5, 8, 2, 2, 9, 11, 7, 2, 5, 6, 7, 11, 3, 12, 7, 4, 5, 12, 5, 2, 3, 8, 2, 7, 6, 5, 9, 2, 4, 8, 3, 6, 9, 7, 3, 10, 9, 9, 4, 11, 2, 11, 3, 12, 4, 8, 2, 7, 5, 11, 9, 10, 9, 10, 6, 12, 8, 11, 6, 2, 4, 6, 8, 3, 10, 2, 10, 4, 3, 4, 9, 4, 2, 3, 1, 12, 4, 2, 11, 8, 3, 4, 6, 8, 9, 12, 2, 9, 9, 5, 6, 6, 6, 8, 2, 12, 9, 2, 11, 2, 4, 14, 12, 5, 4, 11, 5, 2, 9, 5, 10, 12, 10, 6, 9, 3, 2, 6, 12, 8, 8, 5, 7, 14, 2, 10, 9, 8, 3, 9, 10, 11, 1, 11, 9, 10, 5, 6, 3, 8, 4, 5, 8, 9, 2, 8, 6, 12, 3, 12, 3, 5, 3, 11, 8, 4, 2, 8, 9, 7, 10, 12, 8, 5, 11, 12, 8, 10, 8, 5, 5, 8, 3, 5, 9, 12, 12, 12, 2, 5, 8, 5, 7, 12, 3, 11, 6, 11, 11, 6, 3, 11, 2, 10, 7, 8, 2, 6, 3, 11, 4, 8, 8, 8, 4, 2, 9, 7, 2, 8, 7, 12, 10, 3, 7, 6, 9, 6, 7, 2, 1, 5, 3, 11, 4, 2, 6, 10, 9, 3, 3, 15, 7, 6, 7, 8, 1, 2, 10, 9, 4, 9, 1, 4, 2, 9, 11, 4, 5, 11, 9, 12, 5, 7, 9, 12, 8, 12, 8, 11, 4, 11, 7, 7, 5, 8, 7, 9, 3, 8, 4, 2, 10, 8, 6, 10, 4, 15, 5, 8, 7, 12, 6, 7, 3, 10, 8, 8, 9, 9, 3, 9, 3, 10, 7, 9, 5, 12, 2, 8, 7, 6, 5, 14, 2, 8, 4, 8, 10, 2, 1, 10, 4, 9, 4, 10, 5, 12, 8, 4, 11, 11, 5, 14, 1, 8, 3, 11, 5, 10, 7, 6, 3, 9, 4, 4, 9, 2, 8, 8, 4, 8, 6, 5, 2, 8, 8, 6, 12, 5, 8, 8, 9, 12, 5, 8, 1, 7, 7, 12, 4, 4, 8, 8, 12, 11, 8, 5, 10, 14, 4, 11, 5, 11, 2, 9, 1, 6, 5, 6, 6, 2, 10, 10, 7, 6, 6, 4, 7, 11, 3, 11, 7, 2, 1, 8, 10, 7, 2, 9, 11, 9, 2, 14, 1, 13, 8, 6, 5, 3, 7, 5, 8, 2, 11, 9, 2, 5, 9, 11, 9, 3, 2, 8, 2, 11, 2, 11, 9, 2, 5, 10, 6, 6, 2, 2, 11, 11, 9, 9, 8, 4, 10, 11, 7, 10, 9, 8, 8, 9, 5, 3, 10, 5, 2, 2, 7, 2, 3, 8, 10], dimension=0, value=93.75547110342262, stages=0, time=0.0}Solution{id=26, content=[6, 5, 3, 1, 8, 6, 2, 9, 10, 10, 12, 3, 8, 2, 8, 10, 11, 10, 9, 2, 10, 10, 9, 6, 8, 10, 4, 1, 2, 5, 8, 2, 2, 9, 11, 7, 2, 5, 6, 7, 11, 3, 12, 7, 4, 5, 12, 5, 2, 3, 8, 2, 7, 6, 5, 9, 2, 4, 8, 3, 6, 9, 7, 3, 10, 9, 9, 4, 11, 2, 11, 3, 12, 4, 8, 2, 7, 5, 11, 9, 10, 9, 10, 6, 12, 8, 11, 6, 2, 4, 6, 8, 3, 10, 2, 10, 4, 3, 4, 9, 4, 2, 3, 1, 12, 4, 2, 11, 8, 3, 4, 6, 8, 9, 12, 2, 9, 9, 5, 6, 6, 6, 8, 2, 12, 9, 2, 11, 2, 4, 14, 12, 5, 4, 11, 5, 2, 9, 5, 10, 12, 10, 6, 9, 3, 2, 6, 12, 8, 8, 5, 7, 14, 2, 10, 9, 8, 3, 9, 10, 11, 1, 11, 9, 10, 5, 6, 3, 8, 4, 5, 8, 9, 2, 8, 6, 12, 3, 12, 3, 5, 3, 11, 8, 4, 2, 8, 9, 7, 10, 12, 8, 5, 11, 12, 8, 10, 8, 5, 5, 8, 3, 5, 9, 12, 12, 12, 2, 5, 8, 5, 7, 12, 3, 11, 6, 11, 11, 6, 3, 11, 2, 10, 7, 8, 2, 6, 3, 11, 4, 8, 8, 8, 4, 2, 9, 7, 2, 8, 7, 12, 10, 3, 7, 6, 9, 6, 7, 2, 1, 5, 3, 11, 4, 2, 6, 10, 9, 3, 3, 15, 7, 6, 7, 8, 1, 2, 10, 9, 4, 9, 1, 4, 2, 9, 11, 4, 5, 11, 9, 12, 5, 7, 9, 12, 8, 12, 8, 11, 4, 11, 7, 7, 5, 8, 7, 9, 3, 8, 4, 2, 10, 8, 6, 10, 4, 15, 5, 8, 7, 12, 6, 7, 3, 10, 8, 8, 9, 9, 3, 9, 3, 10, 7, 9, 5, 12, 2, 8, 7, 6, 5, 14, 2, 8, 4, 8, 10, 2, 1, 10, 4, 9, 4, 10, 5, 12, 8, 4, 11, 11, 5, 14, 1, 8, 3, 11, 5, 10, 7, 6, 3, 9, 4, 4, 9, 2, 8, 8, 4, 8, 6, 5, 2, 8, 8, 6, 12, 5, 8, 8, 9, 12, 5, 8, 1, 7, 7, 12, 4, 4, 8, 8, 12, 11, 8, 5, 10, 14, 4, 11, 5, 11, 2, 9, 1, 6, 5, 6, 6, 2, 10, 10, 7, 6, 6, 4, 7, 11, 3, 11, 7, 2, 1, 8, 10, 7, 2, 9, 11, 9, 2, 14, 1, 13, 8, 6, 5, 3, 7, 5, 8, 2, 11, 9, 2, 5, 9, 11, 9, 3, 2, 8, 2, 11, 2, 11, 9, 2, 5, 10, 6, 6, 2, 2, 11, 11, 9, 9, 8, 4, 10, 11, 7, 10, 9, 8, 8, 9, 5, 3, 10, 5, 2, 2, 7, 2, 3, 8, 10], dimension=490, value=93.75547110342262, stages=0, time=291.42260103443294}} 
最差解：
Particle{, pBest=Solution{id=0, content=[11, 4, 10, 10, 16, 10, 4, 9, 8, 3, 2, 11, 2, 2, 11, 1, 8, 6, 9, 3, 12, 10, 9, 4, 9, 3, 7, 3, 12, 10, 9, 10, 10, 7, 4, 2, 2, 4, 4, 9, 8, 4, 12, 5, 5, 2, 10, 5, 12, 7, 12, 5, 7, 9, 7, 7, 12, 2, 6, 2, 4, 3, 11, 10, 15, 5, 4, 6, 15, 9, 5, 10, 11, 8, 10, 9, 8, 8, 2, 7, 8, 8, 8, 4, 10, 2, 15, 9, 2, 5, 12, 14, 13, 5, 10, 9, 15, 10, 14, 8, 11, 6, 2, 6, 12, 6, 2, 8, 10, 11, 14, 7, 14, 8, 7, 10, 10, 7, 13, 11, 12, 5, 14, 11, 7, 1, 7, 4, 13, 8, 8, 0, 2, 10, 12, 9, 10, 14, 8, 10, 15, 2, 14, 2, 10, 14, 11, 3, 5, 8, 8, 4, 15, 12, 12, 6, 14, 11, 9, 3, 3, 5, 11, 12, 10, 9, 14, 12, 2, 8, 6, 9, 4, 8, 15, 3, 10, 9, 16, 9, 12, 11, 8, 11, 11, 7, 15, 7, 11, 5, 14, 3, 6, 5, 15, 7, 15, 8, 14, 1, 14, 8, 6, 5, 14, 0, 5, 15, 8, 10, 9, 9, 10, 4, 10, 7, 8, 5, 5, 10, 15, 9, 14, 2, 8, 6, 8, 12, 11, 6, 3, 14, 8, 2, 6, 6, 6, 8, 10, 7, 6, 2, 9, 1, 10, 9, 10, 9, 13, 11, 8, 2, 9, 4, 5, 8, 10, 4, 11, 4, 14, 8, 15, 3, 2, 4, 9, 9, 5, 11, 16, 3, 11, 9, 8, 7, 15, 11, 2, 7, 11, 15, 15, 8, 9, 4, 11, 5, 10, 15, 12, 8, 10, 5, 5, 6, 8, 11, 9, 10, 5, 11, 11, 9, 7, 8, 8, 6, 3, 5, 11, 10, 11, 10, 5, 6, 1, 4, 10, 11, 10, 3, 14, 3, 12, 5, 3, 10, 9, 1, 9, 2, 7, 7, 14, 2, 14, 10, 6, 9, 15, 10, 8, 8, 6, 5, 12, 4, 7, 8, 8, 4, 11, 11, 8, 8, 8, 10, 6, 10, 14, 5, 12, 6, 11, 7, 11, 5, 10, 12, 8, 4, 14, 7, 14, 3, 8, 9, 5, 8, 6, 2, 6, 3, 8, 5, 5, 10, 12, 5, 12, 5, 11, 11, 6, 3, 12, 7, 2, 9, 6, 11, 12, 9, 12, 9, 14, 10, 5, 11, 12, 7, 12, 5, 6, 3, 5, 3, 5, 7, 5, 11, 3, 9, 14, 8, 9, 6, 3, 11, 7, 5, 8, 4, 8, 5, 15, 12, 4, 10, 15, 3, 8, 4, 15, 7, 2, 7, 7, 2, 7, 10, 15, 5, 8, 3, 15, 9, 12, 7, 4, 9, 8, 5, 11, 3, 4, 5, 8, 10, 8, 2, 15, 5, 11, 9, 10, 14, 9, 11, 7, 10, 11, 4, 9, 4, 8, 8, 9, 9], dimension=0, value=92.65655768043185, stages=0, time=0.0}Solution{id=11, content=[11, 4, 10, 10, 16, 10, 4, 9, 8, 3, 2, 11, 2, 2, 11, 1, 8, 6, 9, 3, 12, 10, 9, 4, 9, 3, 7, 3, 12, 10, 9, 10, 10, 7, 4, 2, 2, 4, 4, 9, 8, 4, 12, 5, 5, 2, 10, 5, 12, 7, 12, 5, 7, 9, 7, 7, 12, 2, 6, 2, 4, 3, 11, 10, 15, 5, 4, 6, 15, 9, 5, 10, 11, 8, 10, 9, 8, 8, 2, 7, 8, 8, 8, 4, 10, 2, 15, 9, 2, 5, 12, 14, 13, 5, 10, 9, 15, 10, 14, 8, 11, 6, 2, 6, 12, 6, 2, 8, 10, 11, 14, 7, 14, 8, 7, 10, 10, 7, 13, 11, 12, 5, 14, 11, 7, 1, 7, 4, 13, 8, 8, 0, 2, 10, 12, 9, 10, 14, 8, 10, 15, 2, 14, 2, 10, 14, 11, 3, 5, 8, 8, 4, 15, 12, 12, 6, 14, 11, 9, 3, 3, 5, 11, 12, 10, 9, 14, 12, 2, 8, 6, 9, 4, 8, 15, 3, 10, 9, 16, 9, 12, 11, 8, 11, 11, 7, 15, 7, 11, 5, 14, 3, 6, 5, 15, 7, 15, 8, 14, 1, 14, 8, 6, 5, 14, 0, 5, 15, 8, 10, 9, 9, 10, 4, 10, 7, 8, 5, 5, 10, 15, 9, 14, 2, 8, 6, 8, 12, 11, 6, 3, 14, 8, 2, 6, 6, 6, 8, 10, 7, 6, 2, 9, 1, 10, 9, 10, 9, 13, 11, 8, 2, 9, 4, 5, 8, 10, 4, 11, 4, 14, 8, 15, 3, 2, 4, 9, 9, 5, 11, 16, 3, 11, 9, 8, 7, 15, 11, 2, 7, 11, 15, 15, 8, 9, 4, 11, 5, 10, 15, 12, 8, 10, 5, 5, 6, 8, 11, 9, 10, 5, 11, 11, 9, 7, 8, 8, 6, 3, 5, 11, 10, 11, 10, 5, 6, 1, 4, 10, 11, 10, 3, 14, 3, 12, 5, 3, 10, 9, 1, 9, 2, 7, 7, 14, 2, 14, 10, 6, 9, 15, 10, 8, 8, 6, 5, 12, 4, 7, 8, 8, 4, 11, 11, 8, 8, 8, 10, 6, 10, 14, 5, 12, 6, 11, 7, 11, 5, 10, 12, 8, 4, 14, 7, 14, 3, 8, 9, 5, 8, 6, 2, 6, 3, 8, 5, 5, 10, 12, 5, 12, 5, 11, 11, 6, 3, 12, 7, 2, 9, 6, 11, 12, 9, 12, 9, 14, 10, 5, 11, 12, 7, 12, 5, 6, 3, 5, 3, 5, 7, 5, 11, 3, 9, 14, 8, 9, 6, 3, 11, 7, 5, 8, 4, 8, 5, 15, 12, 4, 10, 15, 3, 8, 4, 15, 7, 2, 7, 7, 2, 7, 10, 15, 5, 8, 3, 15, 9, 12, 7, 4, 9, 8, 5, 11, 3, 4, 5, 8, 10, 8, 2, 15, 5, 11, 9, 10, 14, 9, 11, 7, 10, 11, 4, 9, 4, 8, 8, 9, 9], dimension=490, value=92.65655768043185, stages=0, time=294.9842850585442}} 
93.70951493141406,93.54571555418245,94.32481551813342,
DEDNSPSO统计信息：
size = 50
iters = 4000
nfes = 200000
sum = 281.58004600372993
min = 93.54571555418245
max = 94.32481551813342
mean = 93.86001533457664
std = 0.41077605452506005
totaltime = 185.518s
avgtime = 61.839333333333336s
最优解：
Particle{, pBest=Solution{id=0, content=[11, 6, 14, 10, 12, 2, 15, 8, 15, 4, 11, 8, 8, 1, 2, 6, 2, 3, 7, 12, 5, 2, 8, 3, 15, 4, 8, 10, 2, 5, 8, 1, 2, 3, 6, 4, 12, 9, 5, 7, 9, 10, 12, 3, 6, 12, 15, 8, 2, 10, 6, 7, 4, 5, 11, 4, 2, 1, 12, 8, 11, 11, 10, 5, 8, 14, 9, 10, 6, 3, 11, 9, 3, 2, 11, 1, 3, 8, 11, 5, 11, 9, 14, 11, 7, 2, 3, 5, 2, 1, 15, 5, 8, 9, 5, 3, 8, 10, 5, 5, 6, 9, 6, 12, 2, 9, 4, 2, 8, 5, 8, 4, 15, 1, 7, 11, 12, 2, 14, 8, 3, 9, 2, 1, 8, 3, 8, 10, 11, 8, 7, 4, 6, 2, 12, 5, 7, 2, 9, 8, 6, 2, 9, 6, 8, 10, 4, 1, 8, 8, 6, 7, 9, 9, 14, 10, 15, 15, 7, 9, 14, 10, 15, 1, 12, 8, 2, 1, 12, 12, 11, 9, 10, 9, 11, 11, 11, 1, 4, 11, 2, 8, 10, 0, 15, 5, 8, 7, 12, 15, 2, 1, 15, 9, 3, 2, 1, 9, 12, 10, 11, 5, 12, 8, 5, 9, 11, 9, 9, 2, 15, 6, 14, 9, 4, 11, 5, 8, 7, 4, 8, 2, 1, 6, 2, 1, 15, 12, 10, 5, 5, 9, 8, 5, 12, 7, 10, 5, 15, 8, 8, 5, 12, 11, 12, 10, 10, 9, 6, 9, 5, 3, 12, 2, 11, 12, 3, 9, 9, 14, 8, 6, 11, 6, 8, 6, 7, 10, 8, 10, 10, 3, 3, 9, 11, 9, 11, 3, 2, 12, 11, 7, 2, 11, 12, 7, 9, 10, 11, 10, 7, 9, 12, 2, 10, 12, 8, 5, 4, 10, 12, 6, 15, 7, 11, 7, 14, 2, 9, 2, 3, 2, 12, 8, 12, 7, 4, 9, 10, 8, 11, 5, 8, 7, 7, 1, 12, 2, 10, 12, 9, 2, 11, 8, 6, 3, 7, 11, 2, 6, 4, 9, 15, 3, 4, 11, 15, 4, 11, 4, 2, 11, 2, 2, 5, 2, 12, 2, 2, 8, 11, 1, 2, 12, 5, 6, 15, 6, 4, 4, 6, 6, 8, 10, 12, 6, 10, 12, 6, 8, 8, 11, 2, 9, 8, 7, 11, 8, 6, 8, 12, 4, 4, 4, 10, 5, 8, 10, 14, 12, 15, 5, 10, 11, 6, 7, 10, 5, 8, 6, 7, 10, 11, 12, 4, 5, 11, 2, 15, 4, 14, 7, 1, 3, 6, 2, 11, 12, 1, 11, 3, 3, 3, 8, 10, 10, 11, 11, 12, 12, 10, 2, 15, 4, 5, 7, 8, 10, 8, 9, 8, 5, 15, 6, 2, 9, 6, 10, 11, 8, 8, 10, 2, 9, 12, 10, 15, 4, 12, 1, 7, 2, 2, 3, 6, 3, 2, 11, 10, 5, 7, 12, 7, 9, 8, 12, 2, 1, 13, 11], dimension=0, value=94.32481551813342, stages=0, time=0.0}Solution{id=38, content=[11, 6, 14, 10, 12, 2, 15, 8, 15, 4, 11, 8, 8, 1, 2, 6, 2, 3, 7, 12, 5, 2, 8, 3, 15, 4, 8, 10, 2, 5, 8, 1, 2, 3, 6, 4, 12, 9, 5, 7, 9, 10, 12, 3, 6, 12, 15, 8, 2, 10, 6, 7, 4, 5, 11, 4, 2, 1, 12, 8, 11, 11, 10, 5, 8, 14, 9, 10, 6, 3, 11, 9, 3, 2, 11, 1, 3, 8, 11, 5, 11, 9, 14, 11, 7, 2, 3, 5, 2, 1, 15, 5, 8, 9, 5, 3, 8, 10, 5, 5, 6, 9, 6, 12, 2, 9, 4, 2, 8, 5, 8, 4, 15, 1, 7, 11, 12, 2, 14, 8, 3, 9, 2, 1, 8, 3, 8, 10, 11, 8, 7, 4, 6, 2, 12, 5, 7, 2, 9, 8, 6, 2, 9, 6, 8, 10, 4, 1, 8, 8, 6, 7, 9, 9, 14, 10, 15, 15, 7, 9, 14, 10, 15, 1, 12, 8, 2, 1, 12, 12, 11, 9, 10, 9, 11, 11, 11, 1, 4, 11, 2, 8, 10, 0, 15, 5, 8, 7, 12, 15, 2, 1, 15, 9, 3, 2, 1, 9, 12, 10, 11, 5, 12, 8, 5, 9, 11, 9, 9, 2, 15, 6, 14, 9, 4, 11, 5, 8, 7, 4, 8, 2, 1, 6, 2, 1, 15, 12, 10, 5, 5, 9, 8, 5, 12, 7, 10, 5, 15, 8, 8, 5, 12, 11, 12, 10, 10, 9, 6, 9, 5, 3, 12, 2, 11, 12, 3, 9, 9, 14, 8, 6, 11, 6, 8, 6, 7, 10, 8, 10, 10, 3, 3, 9, 11, 9, 11, 3, 2, 12, 11, 7, 2, 11, 12, 7, 9, 10, 11, 10, 7, 9, 12, 2, 10, 12, 8, 5, 4, 10, 12, 6, 15, 7, 11, 7, 14, 2, 9, 2, 3, 2, 12, 8, 12, 7, 4, 9, 10, 8, 11, 5, 8, 7, 7, 1, 12, 2, 10, 12, 9, 2, 11, 8, 6, 3, 7, 11, 2, 6, 4, 9, 15, 3, 4, 11, 15, 4, 11, 4, 2, 11, 2, 2, 5, 2, 12, 2, 2, 8, 11, 1, 2, 12, 5, 6, 15, 6, 4, 4, 6, 6, 8, 10, 12, 6, 10, 12, 6, 8, 8, 11, 2, 9, 8, 7, 11, 8, 6, 8, 12, 4, 4, 4, 10, 5, 8, 10, 14, 12, 15, 5, 10, 11, 6, 7, 10, 5, 8, 6, 7, 10, 11, 12, 4, 5, 11, 2, 15, 4, 14, 7, 1, 3, 6, 2, 11, 12, 1, 11, 3, 3, 3, 8, 10, 10, 11, 11, 12, 12, 10, 2, 15, 4, 5, 7, 8, 10, 8, 9, 8, 5, 15, 6, 2, 9, 6, 10, 11, 8, 8, 10, 2, 9, 12, 10, 15, 4, 12, 1, 7, 2, 2, 3, 6, 3, 2, 11, 10, 5, 7, 12, 7, 9, 8, 12, 2, 1, 13, 11], dimension=490, value=94.32481551813342, stages=0, time=299.8862102585303}} 
最差解：
Particle{, pBest=Solution{id=0, content=[6, 7, 3, 5, 11, 7, 11, 11, 8, 3, 11, 11, 13, 7, 6, 7, 12, 6, 9, 11, 11, 4, 11, 5, 15, 8, 2, 3, 5, 7, 3, 2, 9, 6, 10, 12, 8, 3, 8, 8, 4, 11, 11, 3, 11, 6, 8, 4, 12, 5, 11, 11, 11, 8, 5, 8, 12, 4, 5, 3, 8, 6, 9, 11, 10, 10, 10, 5, 11, 4, 10, 5, 7, 2, 2, 5, 11, 9, 12, 10, 3, 2, 7, 6, 11, 3, 11, 12, 4, 7, 5, 8, 4, 1, 2, 2, 8, 10, 14, 10, 11, 5, 14, 3, 10, 7, 12, 13, 4, 12, 10, 7, 6, 4, 2, 1, 8, 9, 2, 10, 5, 1, 8, 4, 9, 10, 2, 2, 8, 9, 11, 8, 8, 3, 5, 9, 5, 5, 11, 10, 3, 9, 9, 2, 2, 12, 9, 8, 6, 8, 6, 9, 11, 7, 5, 3, 7, 1, 10, 3, 3, 8, 6, 10, 2, 5, 4, 2, 10, 11, 9, 6, 3, 3, 2, 10, 4, 10, 11, 9, 6, 7, 4, 5, 11, 9, 13, 7, 7, 4, 6, 5, 2, 2, 5, 4, 8, 9, 6, 4, 6, 7, 8, 3, 8, 11, 8, 5, 11, 8, 2, 1, 11, 7, 8, 10, 11, 7, 12, 9, 11, 1, 2, 7, 9, 2, 2, 12, 10, 8, 3, 5, 9, 1, 6, 7, 8, 9, 10, 5, 14, 2, 5, 8, 3, 9, 3, 11, 12, 8, 6, 8, 8, 10, 6, 9, 2, 2, 11, 8, 10, 6, 11, 8, 12, 10, 7, 10, 4, 2, 10, 11, 4, 2, 5, 6, 15, 8, 12, 10, 10, 12, 10, 2, 6, 3, 7, 11, 10, 2, 7, 5, 11, 11, 7, 3, 2, 11, 8, 10, 11, 7, 12, 7, 11, 11, 15, 3, 3, 6, 5, 3, 3, 5, 6, 1, 3, 11, 11, 9, 5, 10, 11, 9, 11, 9, 4, 5, 7, 10, 10, 10, 5, 8, 9, 10, 8, 4, 15, 7, 11, 10, 2, 1, 11, 8, 11, 5, 14, 4, 4, 9, 8, 9, 5, 8, 11, 11, 8, 3, 8, 5, 10, 9, 10, 9, 11, 3, 4, 10, 11, 8, 11, 2, 4, 5, 8, 12, 12, 4, 11, 4, 3, 9, 2, 12, 10, 1, 4, 10, 4, 8, 8, 6, 15, 9, 8, 12, 11, 5, 8, 10, 4, 8, 3, 7, 2, 1, 6, 2, 7, 11, 4, 10, 8, 2, 11, 4, 5, 9, 11, 7, 7, 5, 11, 6, 15, 7, 14, 11, 12, 3, 11, 7, 14, 5, 11, 9, 12, 9, 11, 2, 8, 4, 3, 7, 2, 8, 7, 3, 8, 5, 8, 4, 3, 10, 8, 9, 11, 8, 11, 5, 12, 6, 8, 6, 3, 10, 6, 7, 2, 2, 4, 11, 14, 4, 11, 9, 8, 6, 5, 7, 7, 12, 2, 10, 8, 8, 8, 2], dimension=0, value=93.54571555418245, stages=0, time=0.0}Solution{id=1, content=[6, 7, 3, 5, 11, 7, 11, 11, 8, 3, 11, 11, 13, 7, 6, 7, 12, 6, 9, 11, 11, 4, 11, 5, 15, 8, 2, 3, 5, 7, 3, 2, 9, 6, 10, 12, 8, 3, 8, 8, 4, 11, 11, 3, 11, 6, 8, 4, 12, 5, 11, 11, 11, 8, 5, 8, 12, 4, 5, 3, 8, 6, 9, 11, 10, 10, 10, 5, 11, 4, 10, 5, 7, 2, 2, 5, 11, 9, 12, 10, 3, 2, 7, 6, 11, 3, 11, 12, 4, 7, 5, 8, 4, 1, 2, 2, 8, 10, 14, 10, 11, 5, 14, 3, 10, 7, 12, 13, 4, 12, 10, 7, 6, 4, 2, 1, 8, 9, 2, 10, 5, 1, 8, 4, 9, 10, 2, 2, 8, 9, 11, 8, 8, 3, 5, 9, 5, 5, 11, 10, 3, 9, 9, 2, 2, 12, 9, 8, 6, 8, 6, 9, 11, 7, 5, 3, 7, 1, 10, 3, 3, 8, 6, 10, 2, 5, 4, 2, 10, 11, 9, 6, 3, 3, 2, 10, 4, 10, 11, 9, 6, 7, 4, 5, 11, 9, 13, 7, 7, 4, 6, 5, 2, 2, 5, 4, 8, 9, 6, 4, 6, 7, 8, 3, 8, 11, 8, 5, 11, 8, 2, 1, 11, 7, 8, 10, 11, 7, 12, 9, 11, 1, 2, 7, 9, 2, 2, 12, 10, 8, 3, 5, 9, 1, 6, 7, 8, 9, 10, 5, 14, 2, 5, 8, 3, 9, 3, 11, 12, 8, 6, 8, 8, 10, 6, 9, 2, 2, 11, 8, 10, 6, 11, 8, 12, 10, 7, 10, 4, 2, 10, 11, 4, 2, 5, 6, 15, 8, 12, 10, 10, 12, 10, 2, 6, 3, 7, 11, 10, 2, 7, 5, 11, 11, 7, 3, 2, 11, 8, 10, 11, 7, 12, 7, 11, 11, 15, 3, 3, 6, 5, 3, 3, 5, 6, 1, 3, 11, 11, 9, 5, 10, 11, 9, 11, 9, 4, 5, 7, 10, 10, 10, 5, 8, 9, 10, 8, 4, 15, 7, 11, 10, 2, 1, 11, 8, 11, 5, 14, 4, 4, 9, 8, 9, 5, 8, 11, 11, 8, 3, 8, 5, 10, 9, 10, 9, 11, 3, 4, 10, 11, 8, 11, 2, 4, 5, 8, 12, 12, 4, 11, 4, 3, 9, 2, 12, 10, 1, 4, 10, 4, 8, 8, 6, 15, 9, 8, 12, 11, 5, 8, 10, 4, 8, 3, 7, 2, 1, 6, 2, 7, 11, 4, 10, 8, 2, 11, 4, 5, 9, 11, 7, 7, 5, 11, 6, 15, 7, 14, 11, 12, 3, 11, 7, 14, 5, 11, 9, 12, 9, 11, 2, 8, 4, 3, 7, 2, 8, 7, 3, 8, 5, 8, 4, 3, 10, 8, 9, 11, 8, 11, 5, 12, 6, 8, 6, 3, 10, 6, 7, 2, 2, 4, 11, 14, 4, 11, 9, 8, 6, 5, 7, 7, 12, 2, 10, 8, 8, 8, 2], dimension=490, value=93.54571555418245, stages=0, time=294.89307058995917}} 
95.0710347272005,93.80206092095726,93.8003464468549,
DEDNSPSO统计信息：
size = 50
iters = 5000
nfes = 250000
sum = 282.67344209501266
min = 93.8003464468549
max = 95.0710347272005
mean = 94.22448069833756
std = 0.7331377958429264
totaltime = 232.477s
avgtime = 77.49233333333333s
最优解：
Particle{, pBest=Solution{id=0, content=[8, 9, 2, 5, 11, 6, 2, 3, 1, 10, 8, 8, 6, 8, 7, 5, 9, 14, 8, 9, 2, 6, 13, 11, 12, 7, 2, 3, 2, 4, 15, 10, 7, 10, 8, 8, 13, 9, 8, 0, 8, 12, 11, 5, 3, 10, 9, 2, 8, 8, 13, 10, 3, 10, 5, 8, 5, 3, 9, 3, 9, 4, 8, 14, 7, 2, 12, 5, 2, 8, 11, 11, 8, 10, 15, 4, 7, 9, 14, 10, 9, 10, 10, 12, 13, 10, 8, 6, 15, 11, 12, 5, 11, 2, 13, 10, 8, 6, 3, 10, 15, 7, 6, 8, 11, 11, 11, 8, 14, 5, 11, 6, 15, 8, 11, 11, 12, 10, 15, 8, 15, 7, 3, 8, 9, 9, 11, 9, 10, 2, 12, 9, 15, 12, 11, 10, 8, 3, 6, 6, 11, 4, 11, 7, 14, 6, 14, 9, 11, 5, 6, 9, 12, 2, 10, 5, 14, 11, 6, 9, 13, 4, 12, 8, 11, 5, 11, 12, 8, 11, 2, 7, 1, 2, 11, 8, 4, 2, 12, 8, 2, 10, 8, 12, 14, 9, 2, 2, 13, 12, 14, 2, 7, 11, 11, 10, 14, 1, 10, 9, 9, 2, 8, 9, 12, 5, 8, 7, 12, 3, 4, 9, 11, 11, 12, 12, 11, 5, 5, 7, 8, 10, 14, 9, 8, 2, 15, 1, 9, 3, 11, 13, 15, 12, 8, 11, 8, 9, 11, 5, 1, 10, 12, 4, 11, 11, 10, 12, 12, 0, 11, 12, 14, 11, 1, 8, 9, 6, 11, 6, 11, 5, 8, 2, 8, 8, 2, 7, 10, 9, 12, 5, 11, 7, 11, 8, 2, 7, 6, 4, 11, 3, 11, 2, 15, 9, 11, 8, 4, 9, 2, 5, 8, 8, 10, 2, 14, 2, 15, 11, 12, 6, 11, 9, 10, 2, 7, 5, 8, 10, 10, 9, 5, 3, 11, 11, 2, 12, 10, 3, 9, 10, 11, 4, 2, 12, 8, 3, 12, 9, 12, 2, 15, 3, 7, 9, 2, 11, 14, 4, 11, 6, 4, 9, 4, 7, 10, 11, 11, 8, 14, 1, 12, 5, 5, 3, 12, 3, 2, 3, 11, 8, 5, 3, 14, 4, 5, 8, 15, 12, 2, 4, 6, 5, 12, 6, 6, 5, 8, 5, 3, 2, 8, 5, 8, 8, 7, 1, 10, 7, 14, 9, 4, 4, 11, 3, 8, 11, 12, 7, 9, 9, 4, 8, 6, 8, 2, 9, 9, 4, 8, 11, 13, 3, 11, 1, 11, 2, 9, 10, 8, 10, 6, 3, 12, 9, 5, 9, 11, 6, 11, 3, 6, 10, 8, 10, 9, 7, 6, 4, 11, 2, 8, 4, 11, 12, 15, 9, 5, 7, 11, 5, 8, 8, 15, 3, 8, 10, 15, 7, 12, 6, 14, 11, 8, 3, 10, 3, 10, 3, 6, 6, 11, 12, 11, 11, 7, 10, 11, 11, 4, 5, 6, 5, 4, 2, 11, 11, 10, 14], dimension=0, value=95.0710347272005, stages=0, time=0.0}Solution{id=35, content=[8, 9, 2, 5, 11, 6, 2, 3, 1, 10, 8, 8, 6, 8, 7, 5, 9, 14, 8, 9, 2, 6, 13, 11, 12, 7, 2, 3, 2, 4, 15, 10, 7, 10, 8, 8, 13, 9, 8, 0, 8, 12, 11, 5, 3, 10, 9, 2, 8, 8, 13, 10, 3, 10, 5, 8, 5, 3, 9, 3, 9, 4, 8, 14, 7, 2, 12, 5, 2, 8, 11, 11, 8, 10, 15, 4, 7, 9, 14, 10, 9, 10, 10, 12, 13, 10, 8, 6, 15, 11, 12, 5, 11, 2, 13, 10, 8, 6, 3, 10, 15, 7, 6, 8, 11, 11, 11, 8, 14, 5, 11, 6, 15, 8, 11, 11, 12, 10, 15, 8, 15, 7, 3, 8, 9, 9, 11, 9, 10, 2, 12, 9, 15, 12, 11, 10, 8, 3, 6, 6, 11, 4, 11, 7, 14, 6, 14, 9, 11, 5, 6, 9, 12, 2, 10, 5, 14, 11, 6, 9, 13, 4, 12, 8, 11, 5, 11, 12, 8, 11, 2, 7, 1, 2, 11, 8, 4, 2, 12, 8, 2, 10, 8, 12, 14, 9, 2, 2, 13, 12, 14, 2, 7, 11, 11, 10, 14, 1, 10, 9, 9, 2, 8, 9, 12, 5, 8, 7, 12, 3, 4, 9, 11, 11, 12, 12, 11, 5, 5, 7, 8, 10, 14, 9, 8, 2, 15, 1, 9, 3, 11, 13, 15, 12, 8, 11, 8, 9, 11, 5, 1, 10, 12, 4, 11, 11, 10, 12, 12, 0, 11, 12, 14, 11, 1, 8, 9, 6, 11, 6, 11, 5, 8, 2, 8, 8, 2, 7, 10, 9, 12, 5, 11, 7, 11, 8, 2, 7, 6, 4, 11, 3, 11, 2, 15, 9, 11, 8, 4, 9, 2, 5, 8, 8, 10, 2, 14, 2, 15, 11, 12, 6, 11, 9, 10, 2, 7, 5, 8, 10, 10, 9, 5, 3, 11, 11, 2, 12, 10, 3, 9, 10, 11, 4, 2, 12, 8, 3, 12, 9, 12, 2, 15, 3, 7, 9, 2, 11, 14, 4, 11, 6, 4, 9, 4, 7, 10, 11, 11, 8, 14, 1, 12, 5, 5, 3, 12, 3, 2, 3, 11, 8, 5, 3, 14, 4, 5, 8, 15, 12, 2, 4, 6, 5, 12, 6, 6, 5, 8, 5, 3, 2, 8, 5, 8, 8, 7, 1, 10, 7, 14, 9, 4, 4, 11, 3, 8, 11, 12, 7, 9, 9, 4, 8, 6, 8, 2, 9, 9, 4, 8, 11, 13, 3, 11, 1, 11, 2, 9, 10, 8, 10, 6, 3, 12, 9, 5, 9, 11, 6, 11, 3, 6, 10, 8, 10, 9, 7, 6, 4, 11, 2, 8, 4, 11, 12, 15, 9, 5, 7, 11, 5, 8, 8, 15, 3, 8, 10, 15, 7, 12, 6, 14, 11, 8, 3, 10, 3, 10, 3, 6, 6, 11, 12, 11, 11, 7, 10, 11, 11, 4, 5, 6, 5, 4, 2, 11, 11, 10, 14], dimension=490, value=95.0710347272005, stages=0, time=292.8435154070078}} 
最差解：
Particle{, pBest=Solution{id=0, content=[8, 9, 8, 9, 8, 4, 3, 3, 5, 7, 6, 6, 8, 12, 12, 8, 6, 2, 10, 2, 10, 3, 8, 6, 9, 2, 8, 6, 6, 3, 11, 5, 11, 7, 4, 9, 10, 3, 8, 6, 10, 2, 12, 4, 11, 11, 8, 11, 12, 12, 10, 2, 3, 10, 8, 9, 8, 7, 3, 1, 9, 11, 11, 7, 6, 5, 9, 4, 4, 1, 2, 4, 10, 12, 8, 2, 5, 6, 8, 7, 4, 1, 5, 5, 12, 10, 6, 4, 11, 3, 5, 11, 11, 10, 6, 10, 11, 3, 12, 3, 10, 5, 4, 4, 6, 7, 6, 8, 4, 9, 8, 11, 4, 3, 12, 5, 9, 2, 4, 5, 10, 3, 2, 7, 5, 6, 11, 11, 6, 5, 14, 9, 2, 2, 9, 7, 10, 2, 8, 10, 11, 2, 8, 3, 6, 3, 8, 4, 8, 1, 6, 12, 9, 4, 4, 5, 8, 9, 5, 3, 15, 9, 7, 10, 2, 6, 6, 2, 12, 3, 11, 6, 4, 8, 1, 6, 2, 2, 4, 11, 8, 9, 9, 5, 8, 8, 9, 10, 3, 5, 6, 8, 6, 5, 11, 9, 6, 8, 8, 4, 2, 3, 12, 4, 12, 5, 9, 10, 8, 4, 8, 1, 5, 11, 15, 6, 8, 8, 11, 2, 8, 10, 4, 9, 4, 5, 4, 1, 8, 6, 12, 4, 10, 11, 2, 2, 4, 11, 11, 2, 2, 8, 4, 7, 4, 7, 12, 4, 14, 1, 2, 1, 5, 3, 10, 9, 11, 7, 4, 9, 11, 3, 7, 2, 8, 10, 6, 2, 9, 2, 12, 5, 6, 5, 9, 4, 2, 3, 8, 11, 8, 5, 6, 10, 6, 3, 8, 5, 8, 2, 8, 4, 15, 8, 5, 7, 2, 8, 5, 9, 6, 9, 8, 4, 10, 4, 8, 10, 10, 5, 7, 10, 10, 11, 12, 1, 5, 8, 11, 5, 2, 6, 9, 4, 12, 8, 11, 11, 6, 2, 8, 3, 9, 6, 11, 5, 4, 11, 6, 6, 2, 9, 11, 8, 8, 10, 16, 10, 12, 1, 6, 8, 8, 10, 8, 10, 6, 1, 8, 4, 8, 6, 11, 9, 6, 4, 8, 3, 6, 4, 2, 10, 8, 3, 8, 10, 8, 2, 5, 5, 4, 3, 12, 3, 9, 2, 10, 8, 5, 5, 12, 7, 9, 4, 2, 10, 3, 2, 11, 5, 5, 8, 9, 2, 10, 11, 5, 5, 11, 8, 12, 6, 10, 2, 5, 9, 12, 8, 8, 9, 2, 1, 2, 7, 1, 10, 12, 3, 10, 4, 6, 5, 5, 9, 4, 2, 8, 5, 10, 10, 11, 12, 4, 2, 8, 9, 11, 3, 4, 4, 11, 1, 5, 2, 2, 10, 12, 10, 11, 9, 10, 8, 11, 9, 8, 6, 3, 9, 8, 1, 11, 8, 7, 3, 10, 8, 10, 10, 5, 9, 3, 11, 8, 2, 2, 10, 6, 6, 10, 9], dimension=0, value=93.8003464468549, stages=0, time=0.0}Solution{id=7, content=[8, 9, 8, 9, 8, 4, 3, 3, 5, 7, 6, 6, 8, 12, 12, 8, 6, 2, 10, 2, 10, 3, 8, 6, 9, 2, 8, 6, 6, 3, 11, 5, 11, 7, 4, 9, 10, 3, 8, 6, 10, 2, 12, 4, 11, 11, 8, 11, 12, 12, 10, 2, 3, 10, 8, 9, 8, 7, 3, 1, 9, 11, 11, 7, 6, 5, 9, 4, 4, 1, 2, 4, 10, 12, 8, 2, 5, 6, 8, 7, 4, 1, 5, 5, 12, 10, 6, 4, 11, 3, 5, 11, 11, 10, 6, 10, 11, 3, 12, 3, 10, 5, 4, 4, 6, 7, 6, 8, 4, 9, 8, 11, 4, 3, 12, 5, 9, 2, 4, 5, 10, 3, 2, 7, 5, 6, 11, 11, 6, 5, 14, 9, 2, 2, 9, 7, 10, 2, 8, 10, 11, 2, 8, 3, 6, 3, 8, 4, 8, 1, 6, 12, 9, 4, 4, 5, 8, 9, 5, 3, 15, 9, 7, 10, 2, 6, 6, 2, 12, 3, 11, 6, 4, 8, 1, 6, 2, 2, 4, 11, 8, 9, 9, 5, 8, 8, 9, 10, 3, 5, 6, 8, 6, 5, 11, 9, 6, 8, 8, 4, 2, 3, 12, 4, 12, 5, 9, 10, 8, 4, 8, 1, 5, 11, 15, 6, 8, 8, 11, 2, 8, 10, 4, 9, 4, 5, 4, 1, 8, 6, 12, 4, 10, 11, 2, 2, 4, 11, 11, 2, 2, 8, 4, 7, 4, 7, 12, 4, 14, 1, 2, 1, 5, 3, 10, 9, 11, 7, 4, 9, 11, 3, 7, 2, 8, 10, 6, 2, 9, 2, 12, 5, 6, 5, 9, 4, 2, 3, 8, 11, 8, 5, 6, 10, 6, 3, 8, 5, 8, 2, 8, 4, 15, 8, 5, 7, 2, 8, 5, 9, 6, 9, 8, 4, 10, 4, 8, 10, 10, 5, 7, 10, 10, 11, 12, 1, 5, 8, 11, 5, 2, 6, 9, 4, 12, 8, 11, 11, 6, 2, 8, 3, 9, 6, 11, 5, 4, 11, 6, 6, 2, 9, 11, 8, 8, 10, 16, 10, 12, 1, 6, 8, 8, 10, 8, 10, 6, 1, 8, 4, 8, 6, 11, 9, 6, 4, 8, 3, 6, 4, 2, 10, 8, 3, 8, 10, 8, 2, 5, 5, 4, 3, 12, 3, 9, 2, 10, 8, 5, 5, 12, 7, 9, 4, 2, 10, 3, 2, 11, 5, 5, 8, 9, 2, 10, 11, 5, 5, 11, 8, 12, 6, 10, 2, 5, 9, 12, 8, 8, 9, 2, 1, 2, 7, 1, 10, 12, 3, 10, 4, 6, 5, 5, 9, 4, 2, 8, 5, 10, 10, 11, 12, 4, 2, 8, 9, 11, 3, 4, 4, 11, 1, 5, 2, 2, 10, 12, 10, 11, 9, 10, 8, 11, 9, 8, 6, 3, 9, 8, 1, 11, 8, 7, 3, 10, 8, 10, 10, 5, 9, 3, 11, 8, 2, 2, 10, 6, 6, 10, 9], dimension=490, value=93.8003464468549, stages=0, time=298.01282721312543}} 
93.36316507725664,94.46722027496234,93.98114054602179,94.46626576557674,93.84430044498961,94.25926205348453,94.1362509637822,94.20323704195052,92.82186292336836,93.43764788589507,
DEDNSPSO统计信息：
size = 50
iters = 5000
nfes = 250000
sum = 938.9803529772879
min = 92.82186292336836
max = 94.46722027496234
mean = 93.8980352977288
std = 0.5367826580608994
totaltime = 786.135s
avgtime = 78.6135s
最优解：
Particle{, pBest=Solution{id=0, content=[9, 7, 8, 2, 10, 3, 12, 12, 15, 5, 10, 5, 12, 6, 8, 12, 12, 9, 4, 6, 11, 2, 15, 9, 5, 8, 3, 11, 8, 5, 6, 7, 6, 5, 8, 4, 11, 6, 8, 8, 12, 2, 7, 2, 11, 4, 10, 10, 2, 3, 5, 3, 11, 1, 15, 8, 8, 2, 12, 7, 8, 4, 8, 5, 10, 11, 2, 2, 8, 2, 8, 6, 15, 1, 5, 7, 15, 2, 14, 5, 11, 4, 3, 2, 12, 8, 14, 6, 11, 9, 5, 8, 8, 10, 12, 8, 8, 2, 15, 9, 10, 3, 3, 10, 7, 2, 8, 5, 6, 9, 5, 9, 2, 1, 11, 9, 8, 6, 14, 1, 12, 8, 2, 6, 11, 12, 6, 2, 11, 2, 2, 5, 5, 3, 11, 11, 8, 5, 12, 7, 9, 2, 5, 2, 11, 3, 6, 7, 10, 4, 4, 11, 6, 2, 15, 3, 4, 1, 5, 3, 9, 8, 11, 7, 14, 10, 11, 11, 5, 10, 2, 6, 16, 2, 11, 9, 6, 3, 6, 3, 4, 9, 2, 6, 10, 9, 7, 4, 3, 11, 11, 11, 11, 5, 2, 10, 12, 6, 14, 2, 9, 3, 8, 10, 12, 7, 12, 9, 5, 7, 16, 10, 7, 2, 2, 8, 15, 8, 6, 2, 11, 2, 4, 12, 4, 11, 12, 8, 11, 3, 11, 2, 4, 5, 3, 2, 4, 8, 14, 2, 11, 12, 10, 7, 12, 9, 14, 1, 10, 1, 11, 4, 11, 3, 12, 1, 4, 7, 12, 3, 15, 10, 8, 6, 5, 2, 8, 12, 6, 3, 11, 11, 10, 11, 15, 5, 12, 6, 9, 2, 5, 5, 10, 1, 6, 10, 4, 9, 5, 3, 9, 4, 4, 3, 6, 3, 5, 3, 8, 5, 7, 9, 8, 10, 3, 5, 5, 7, 2, 9, 11, 1, 12, 3, 2, 2, 14, 5, 11, 12, 11, 2, 10, 9, 9, 11, 11, 10, 2, 8, 11, 4, 15, 5, 6, 8, 2, 12, 2, 8, 12, 2, 10, 7, 11, 7, 9, 10, 12, 4, 14, 8, 10, 8, 15, 7, 3, 10, 4, 4, 11, 10, 15, 8, 14, 10, 4, 5, 6, 5, 8, 4, 15, 9, 4, 5, 6, 8, 6, 3, 1, 8, 8, 3, 12, 12, 12, 9, 11, 10, 9, 10, 4, 12, 5, 11, 12, 4, 7, 3, 4, 9, 11, 9, 11, 3, 6, 10, 11, 8, 12, 10, 11, 7, 6, 7, 14, 1, 10, 10, 11, 5, 12, 8, 14, 6, 8, 8, 8, 5, 14, 1, 8, 10, 14, 12, 5, 6, 6, 2, 11, 9, 11, 9, 12, 3, 10, 1, 11, 3, 10, 0, 2, 2, 8, 10, 8, 9, 11, 9, 8, 10, 3, 8, 8, 3, 15, 11, 8, 9, 3, 9, 8, 4, 4, 1, 12, 10, 5, 9, 2, 8, 11, 12, 4, 10, 12, 12, 2, 4], dimension=0, value=94.46722027496234, stages=0, time=0.0}Solution{id=26, content=[9, 7, 8, 2, 10, 3, 12, 12, 15, 5, 10, 5, 12, 6, 8, 12, 12, 9, 4, 6, 11, 2, 15, 9, 5, 8, 3, 11, 8, 5, 6, 7, 6, 5, 8, 4, 11, 6, 8, 8, 12, 2, 7, 2, 11, 4, 10, 10, 2, 3, 5, 3, 11, 1, 15, 8, 8, 2, 12, 7, 8, 4, 8, 5, 10, 11, 2, 2, 8, 2, 8, 6, 15, 1, 5, 7, 15, 2, 14, 5, 11, 4, 3, 2, 12, 8, 14, 6, 11, 9, 5, 8, 8, 10, 12, 8, 8, 2, 15, 9, 10, 3, 3, 10, 7, 2, 8, 5, 6, 9, 5, 9, 2, 1, 11, 9, 8, 6, 14, 1, 12, 8, 2, 6, 11, 12, 6, 2, 11, 2, 2, 5, 5, 3, 11, 11, 8, 5, 12, 7, 9, 2, 5, 2, 11, 3, 6, 7, 10, 4, 4, 11, 6, 2, 15, 3, 4, 1, 5, 3, 9, 8, 11, 7, 14, 10, 11, 11, 5, 10, 2, 6, 16, 2, 11, 9, 6, 3, 6, 3, 4, 9, 2, 6, 10, 9, 7, 4, 3, 11, 11, 11, 11, 5, 2, 10, 12, 6, 14, 2, 9, 3, 8, 10, 12, 7, 12, 9, 5, 7, 16, 10, 7, 2, 2, 8, 15, 8, 6, 2, 11, 2, 4, 12, 4, 11, 12, 8, 11, 3, 11, 2, 4, 5, 3, 2, 4, 8, 14, 2, 11, 12, 10, 7, 12, 9, 14, 1, 10, 1, 11, 4, 11, 3, 12, 1, 4, 7, 12, 3, 15, 10, 8, 6, 5, 2, 8, 12, 6, 3, 11, 11, 10, 11, 15, 5, 12, 6, 9, 2, 5, 5, 10, 1, 6, 10, 4, 9, 5, 3, 9, 4, 4, 3, 6, 3, 5, 3, 8, 5, 7, 9, 8, 10, 3, 5, 5, 7, 2, 9, 11, 1, 12, 3, 2, 2, 14, 5, 11, 12, 11, 2, 10, 9, 9, 11, 11, 10, 2, 8, 11, 4, 15, 5, 6, 8, 2, 12, 2, 8, 12, 2, 10, 7, 11, 7, 9, 10, 12, 4, 14, 8, 10, 8, 15, 7, 3, 10, 4, 4, 11, 10, 15, 8, 14, 10, 4, 5, 6, 5, 8, 4, 15, 9, 4, 5, 6, 8, 6, 3, 1, 8, 8, 3, 12, 12, 12, 9, 11, 10, 9, 10, 4, 12, 5, 11, 12, 4, 7, 3, 4, 9, 11, 9, 11, 3, 6, 10, 11, 8, 12, 10, 11, 7, 6, 7, 14, 1, 10, 10, 11, 5, 12, 8, 14, 6, 8, 8, 8, 5, 14, 1, 8, 10, 14, 12, 5, 6, 6, 2, 11, 9, 11, 9, 12, 3, 10, 1, 11, 3, 10, 0, 2, 2, 8, 10, 8, 9, 11, 9, 8, 10, 3, 8, 8, 3, 15, 11, 8, 9, 3, 9, 8, 4, 4, 1, 12, 10, 5, 9, 2, 8, 11, 12, 4, 10, 12, 12, 2, 4], dimension=490, value=94.46722027496234, stages=0, time=299.4808774049762}} 
最差解：
Particle{, pBest=Solution{id=0, content=[8, 3, 12, 5, 8, 10, 15, 8, 12, 10, 8, 7, 11, 7, 11, 2, 9, 2, 5, 3, 5, 2, 12, 2, 4, 2, 4, 10, 10, 8, 12, 8, 10, 11, 5, 10, 11, 9, 12, 4, 11, 4, 9, 9, 11, 10, 2, 9, 5, 3, 6, 4, 11, 3, 4, 11, 11, 3, 6, 3, 11, 4, 4, 5, 7, 2, 12, 8, 4, 4, 10, 7, 8, 9, 5, 12, 11, 6, 11, 7, 11, 5, 3, 3, 10, 10, 8, 3, 11, 7, 10, 6, 5, 10, 8, 7, 2, 8, 10, 10, 7, 9, 8, 3, 11, 8, 12, 6, 12, 2, 7, 4, 8, 3, 4, 6, 7, 2, 5, 5, 6, 3, 6, 8, 6, 8, 5, 9, 5, 5, 2, 5, 9, 10, 11, 4, 8, 2, 2, 7, 4, 2, 2, 7, 3, 4, 12, 4, 11, 6, 10, 5, 4, 10, 8, 8, 7, 10, 8, 3, 12, 2, 10, 7, 9, 1, 11, 9, 8, 4, 8, 7, 7, 9, 8, 9, 12, 3, 4, 2, 6, 2, 8, 8, 12, 8, 9, 4, 9, 9, 5, 3, 7, 9, 12, 7, 8, 10, 4, 7, 7, 2, 8, 4, 12, 7, 14, 10, 8, 6, 8, 3, 11, 4, 6, 5, 11, 5, 8, 12, 2, 2, 7, 7, 8, 9, 5, 1, 11, 11, 8, 2, 3, 7, 8, 8, 7, 4, 8, 2, 7, 7, 13, 4, 12, 4, 7, 5, 10, 1, 11, 7, 12, 6, 11, 4, 11, 3, 8, 8, 4, 8, 6, 9, 2, 11, 8, 9, 5, 10, 8, 10, 5, 1, 4, 11, 11, 7, 9, 4, 11, 3, 4, 2, 9, 2, 6, 3, 5, 9, 12, 2, 7, 6, 4, 8, 4, 2, 6, 5, 11, 3, 6, 4, 12, 6, 10, 8, 3, 3, 5, 3, 9, 8, 8, 10, 8, 3, 7, 3, 8, 10, 4, 10, 9, 5, 8, 2, 6, 10, 12, 10, 14, 4, 12, 9, 7, 5, 8, 4, 5, 5, 6, 7, 5, 11, 8, 8, 2, 1, 6, 10, 11, 2, 11, 10, 8, 7, 9, 2, 11, 9, 8, 5, 2, 5, 8, 10, 12, 9, 11, 9, 12, 5, 5, 7, 7, 2, 12, 8, 2, 6, 2, 9, 8, 9, 8, 5, 8, 11, 7, 10, 11, 2, 4, 6, 6, 10, 8, 6, 4, 9, 3, 4, 7, 5, 8, 2, 4, 5, 11, 8, 8, 1, 10, 4, 2, 8, 13, 2, 8, 3, 7, 11, 9, 10, 10, 5, 7, 6, 2, 6, 4, 7, 3, 3, 5, 9, 7, 10, 4, 9, 11, 11, 15, 6, 8, 12, 2, 8, 12, 3, 10, 2, 3, 9, 5, 8, 5, 5, 8, 8, 11, 6, 11, 8, 5, 9, 8, 5, 5, 5, 9, 6, 8, 10, 12, 6, 10, 5, 10, 11, 2, 7, 7, 10, 5, 2, 8, 9], dimension=0, value=92.82186292336836, stages=0, time=0.0}Solution{id=24, content=[8, 3, 12, 5, 8, 10, 15, 8, 12, 10, 8, 7, 11, 7, 11, 2, 9, 2, 5, 3, 5, 2, 12, 2, 4, 2, 4, 10, 10, 8, 12, 8, 10, 11, 5, 10, 11, 9, 12, 4, 11, 4, 9, 9, 11, 10, 2, 9, 5, 3, 6, 4, 11, 3, 4, 11, 11, 3, 6, 3, 11, 4, 4, 5, 7, 2, 12, 8, 4, 4, 10, 7, 8, 9, 5, 12, 11, 6, 11, 7, 11, 5, 3, 3, 10, 10, 8, 3, 11, 7, 10, 6, 5, 10, 8, 7, 2, 8, 10, 10, 7, 9, 8, 3, 11, 8, 12, 6, 12, 2, 7, 4, 8, 3, 4, 6, 7, 2, 5, 5, 6, 3, 6, 8, 6, 8, 5, 9, 5, 5, 2, 5, 9, 10, 11, 4, 8, 2, 2, 7, 4, 2, 2, 7, 3, 4, 12, 4, 11, 6, 10, 5, 4, 10, 8, 8, 7, 10, 8, 3, 12, 2, 10, 7, 9, 1, 11, 9, 8, 4, 8, 7, 7, 9, 8, 9, 12, 3, 4, 2, 6, 2, 8, 8, 12, 8, 9, 4, 9, 9, 5, 3, 7, 9, 12, 7, 8, 10, 4, 7, 7, 2, 8, 4, 12, 7, 14, 10, 8, 6, 8, 3, 11, 4, 6, 5, 11, 5, 8, 12, 2, 2, 7, 7, 8, 9, 5, 1, 11, 11, 8, 2, 3, 7, 8, 8, 7, 4, 8, 2, 7, 7, 13, 4, 12, 4, 7, 5, 10, 1, 11, 7, 12, 6, 11, 4, 11, 3, 8, 8, 4, 8, 6, 9, 2, 11, 8, 9, 5, 10, 8, 10, 5, 1, 4, 11, 11, 7, 9, 4, 11, 3, 4, 2, 9, 2, 6, 3, 5, 9, 12, 2, 7, 6, 4, 8, 4, 2, 6, 5, 11, 3, 6, 4, 12, 6, 10, 8, 3, 3, 5, 3, 9, 8, 8, 10, 8, 3, 7, 3, 8, 10, 4, 10, 9, 5, 8, 2, 6, 10, 12, 10, 14, 4, 12, 9, 7, 5, 8, 4, 5, 5, 6, 7, 5, 11, 8, 8, 2, 1, 6, 10, 11, 2, 11, 10, 8, 7, 9, 2, 11, 9, 8, 5, 2, 5, 8, 10, 12, 9, 11, 9, 12, 5, 5, 7, 7, 2, 12, 8, 2, 6, 2, 9, 8, 9, 8, 5, 8, 11, 7, 10, 11, 2, 4, 6, 6, 10, 8, 6, 4, 9, 3, 4, 7, 5, 8, 2, 4, 5, 11, 8, 8, 1, 10, 4, 2, 8, 13, 2, 8, 3, 7, 11, 9, 10, 10, 5, 7, 6, 2, 6, 4, 7, 3, 3, 5, 9, 7, 10, 4, 9, 11, 11, 15, 6, 8, 12, 2, 8, 12, 3, 10, 2, 3, 9, 5, 8, 5, 5, 8, 8, 11, 6, 11, 8, 5, 9, 8, 5, 5, 5, 9, 6, 8, 10, 12, 6, 10, 5, 10, 11, 2, 7, 7, 10, 5, 2, 8, 9], dimension=490, value=92.82186292336836, stages=0, time=293.65493170133004}} 
93.80157141053056,93.01878529698983,94.28366679092994,94.00959960048675,93.63528740077926,94.492141229277,93.07736319063984,92.52637659986048,93.81654030245998,93.60717133823934,
DEDNSPSO统计信息：
size = 50
iters = 4000
nfes = 200000
sum = 936.268503160193
min = 92.52637659986048
max = 94.492141229277
mean = 93.6268503160193
std = 0.6033538696054648
totaltime = 624.429s
avgtime = 62.442899999999995s
最优解：
Particle{, pBest=Solution{id=0, content=[14, 4, 6, 5, 8, 4, 9, 4, 4, 3, 8, 1, 3, 6, 8, 1, 8, 8, 4, 7, 10, 2, 3, 9, 12, 12, 14, 10, 11, 1, 7, 1, 11, 8, 14, 2, 9, 4, 13, 7, 10, 10, 8, 10, 9, 10, 5, 3, 12, 7, 6, 8, 12, 7, 12, 3, 8, 3, 12, 4, 12, 1, 7, 6, 12, 8, 5, 7, 9, 2, 12, 10, 11, 9, 8, 2, 7, 9, 11, 8, 8, 4, 11, 6, 5, 2, 2, 10, 2, 7, 3, 7, 10, 2, 8, 9, 4, 5, 7, 10, 11, 12, 8, 7, 10, 5, 8, 7, 12, 9, 11, 6, 12, 5, 11, 5, 8, 5, 15, 6, 4, 8, 9, 1, 8, 3, 8, 5, 8, 9, 11, 9, 6, 6, 14, 4, 8, 9, 2, 10, 10, 3, 6, 5, 8, 3, 3, 7, 6, 9, 8, 7, 9, 10, 11, 8, 9, 2, 6, 10, 8, 10, 7, 11, 8, 7, 8, 5, 4, 10, 10, 9, 4, 9, 11, 5, 11, 10, 2, 1, 9, 2, 8, 2, 6, 8, 15, 3, 8, 2, 9, 10, 2, 9, 8, 3, 11, 11, 12, 5, 4, 9, 12, 4, 14, 2, 9, 2, 12, 6, 8, 1, 8, 10, 12, 10, 6, 10, 2, 9, 14, 1, 8, 9, 2, 8, 14, 10, 11, 4, 11, 5, 12, 3, 8, 4, 12, 4, 8, 5, 12, 12, 8, 2, 10, 12, 11, 5, 11, 5, 12, 12, 9, 1, 7, 9, 5, 4, 15, 11, 8, 2, 8, 10, 4, 11, 4, 8, 5, 5, 8, 3, 3, 2, 10, 6, 12, 8, 8, 6, 10, 5, 6, 6, 8, 2, 2, 6, 11, 14, 6, 14, 8, 5, 12, 10, 4, 8, 5, 10, 4, 3, 12, 3, 6, 3, 5, 5, 10, 8, 12, 1, 8, 4, 3, 5, 11, 7, 11, 8, 3, 9, 2, 12, 12, 4, 11, 9, 8, 3, 8, 8, 12, 6, 8, 3, 12, 1, 8, 5, 11, 2, 11, 3, 7, 3, 7, 1, 4, 3, 10, 3, 12, 4, 10, 5, 8, 1, 8, 5, 4, 1, 3, 2, 9, 2, 9, 2, 8, 2, 4, 8, 9, 4, 12, 2, 7, 10, 6, 8, 11, 11, 4, 3, 6, 10, 8, 9, 14, 2, 2, 3, 12, 9, 1, 2, 5, 5, 11, 9, 11, 11, 2, 4, 3, 4, 3, 3, 4, 8, 6, 6, 2, 8, 6, 3, 8, 9, 8, 10, 6, 8, 12, 6, 11, 7, 9, 3, 10, 7, 3, 5, 11, 7, 5, 5, 9, 3, 12, 4, 6, 8, 8, 13, 8, 8, 8, 12, 11, 3, 14, 2, 6, 3, 10, 3, 8, 5, 4, 10, 6, 7, 6, 3, 6, 8, 6, 1, 6, 3, 9, 2, 11, 7, 8, 1, 6, 5, 8, 2, 10, 4, 8, 8, 8, 11, 13, 10, 11, 9], dimension=0, value=94.492141229277, stages=0, time=0.0}Solution{id=9, content=[14, 4, 6, 5, 8, 4, 9, 4, 4, 3, 8, 1, 3, 6, 8, 1, 8, 8, 4, 7, 10, 2, 3, 9, 12, 12, 14, 10, 11, 1, 7, 1, 11, 8, 14, 2, 9, 4, 13, 7, 10, 10, 8, 10, 9, 10, 5, 3, 12, 7, 6, 8, 12, 7, 12, 3, 8, 3, 12, 4, 12, 1, 7, 6, 12, 8, 5, 7, 9, 2, 12, 10, 11, 9, 8, 2, 7, 9, 11, 8, 8, 4, 11, 6, 5, 2, 2, 10, 2, 7, 3, 7, 10, 2, 8, 9, 4, 5, 7, 10, 11, 12, 8, 7, 10, 5, 8, 7, 12, 9, 11, 6, 12, 5, 11, 5, 8, 5, 15, 6, 4, 8, 9, 1, 8, 3, 8, 5, 8, 9, 11, 9, 6, 6, 14, 4, 8, 9, 2, 10, 10, 3, 6, 5, 8, 3, 3, 7, 6, 9, 8, 7, 9, 10, 11, 8, 9, 2, 6, 10, 8, 10, 7, 11, 8, 7, 8, 5, 4, 10, 10, 9, 4, 9, 11, 5, 11, 10, 2, 1, 9, 2, 8, 2, 6, 8, 15, 3, 8, 2, 9, 10, 2, 9, 8, 3, 11, 11, 12, 5, 4, 9, 12, 4, 14, 2, 9, 2, 12, 6, 8, 1, 8, 10, 12, 10, 6, 10, 2, 9, 14, 1, 8, 9, 2, 8, 14, 10, 11, 4, 11, 5, 12, 3, 8, 4, 12, 4, 8, 5, 12, 12, 8, 2, 10, 12, 11, 5, 11, 5, 12, 12, 9, 1, 7, 9, 5, 4, 15, 11, 8, 2, 8, 10, 4, 11, 4, 8, 5, 5, 8, 3, 3, 2, 10, 6, 12, 8, 8, 6, 10, 5, 6, 6, 8, 2, 2, 6, 11, 14, 6, 14, 8, 5, 12, 10, 4, 8, 5, 10, 4, 3, 12, 3, 6, 3, 5, 5, 10, 8, 12, 1, 8, 4, 3, 5, 11, 7, 11, 8, 3, 9, 2, 12, 12, 4, 11, 9, 8, 3, 8, 8, 12, 6, 8, 3, 12, 1, 8, 5, 11, 2, 11, 3, 7, 3, 7, 1, 4, 3, 10, 3, 12, 4, 10, 5, 8, 1, 8, 5, 4, 1, 3, 2, 9, 2, 9, 2, 8, 2, 4, 8, 9, 4, 12, 2, 7, 10, 6, 8, 11, 11, 4, 3, 6, 10, 8, 9, 14, 2, 2, 3, 12, 9, 1, 2, 5, 5, 11, 9, 11, 11, 2, 4, 3, 4, 3, 3, 4, 8, 6, 6, 2, 8, 6, 3, 8, 9, 8, 10, 6, 8, 12, 6, 11, 7, 9, 3, 10, 7, 3, 5, 11, 7, 5, 5, 9, 3, 12, 4, 6, 8, 8, 13, 8, 8, 8, 12, 11, 3, 14, 2, 6, 3, 10, 3, 8, 5, 4, 10, 6, 7, 6, 3, 6, 8, 6, 1, 6, 3, 9, 2, 11, 7, 8, 1, 6, 5, 8, 2, 10, 4, 8, 8, 8, 11, 13, 10, 11, 9], dimension=490, value=94.492141229277, stages=0, time=292.6966107925557}} 
最差解：
Particle{, pBest=Solution{id=0, content=[9, 5, 9, 10, 2, 10, 4, 1, 5, 9, 4, 10, 12, 5, 15, 8, 12, 8, 6, 6, 8, 7, 11, 11, 6, 13, 8, 5, 8, 6, 11, 4, 6, 9, 15, 5, 12, 5, 14, 7, 12, 8, 6, 9, 16, 1, 6, 7, 2, 8, 15, 11, 5, 4, 8, 7, 12, 10, 6, 11, 11, 6, 9, 2, 12, 5, 3, 2, 11, 9, 5, 9, 11, 7, 14, 9, 8, 11, 10, 3, 8, 10, 8, 4, 9, 5, 2, 4, 9, 11, 7, 8, 15, 5, 6, 2, 5, 11, 4, 11, 6, 4, 13, 9, 9, 2, 8, 8, 7, 10, 4, 12, 9, 7, 13, 7, 14, 9, 14, 11, 10, 9, 6, 10, 10, 5, 9, 11, 11, 11, 12, 2, 13, 2, 10, 3, 3, 9, 8, 8, 9, 7, 9, 4, 8, 12, 5, 8, 8, 7, 7, 11, 5, 1, 4, 3, 9, 9, 9, 4, 10, 9, 12, 3, 10, 5, 12, 5, 15, 3, 10, 5, 6, 3, 11, 11, 8, 8, 8, 12, 14, 10, 12, 3, 8, 5, 15, 12, 12, 8, 15, 7, 5, 9, 8, 5, 11, 3, 12, 3, 6, 12, 14, 2, 8, 7, 3, 3, 12, 11, 13, 7, 10, 5, 11, 8, 12, 10, 12, 7, 10, 10, 6, 12, 12, 6, 4, 9, 14, 6, 2, 9, 8, 15, 8, 12, 6, 7, 12, 0, 9, 10, 12, 11, 11, 10, 8, 8, 4, 12, 10, 11, 11, 12, 3, 2, 11, 14, 4, 10, 8, 8, 14, 4, 12, 10, 6, 8, 12, 9, 10, 12, 8, 7, 7, 5, 10, 11, 11, 2, 2, 9, 10, 10, 12, 8, 9, 9, 14, 10, 8, 7, 12, 1, 11, 9, 6, 8, 6, 10, 13, 5, 8, 2, 3, 12, 4, 10, 9, 3, 13, 10, 7, 1, 9, 13, 9, 6, 12, 3, 11, 9, 2, 7, 14, 8, 8, 8, 7, 11, 11, 4, 4, 11, 8, 10, 8, 4, 8, 11, 11, 9, 8, 6, 11, 12, 12, 4, 8, 9, 9, 2, 14, 6, 8, 7, 6, 10, 7, 11, 11, 6, 13, 11, 8, 9, 8, 2, 10, 5, 5, 12, 13, 10, 14, 12, 12, 8, 12, 3, 12, 10, 4, 9, 5, 4, 8, 8, 15, 3, 14, 11, 3, 8, 12, 5, 12, 7, 12, 6, 6, 3, 13, 7, 8, 3, 4, 5, 5, 9, 12, 4, 8, 11, 12, 7, 6, 4, 3, 5, 9, 4, 14, 4, 3, 3, 8, 3, 4, 8, 14, 4, 11, 9, 8, 10, 6, 7, 5, 9, 11, 11, 9, 8, 6, 3, 2, 9, 5, 5, 10, 4, 6, 7, 11, 11, 12, 8, 3, 10, 3, 6, 7, 10, 12, 6, 6, 10, 11, 5, 9, 4, 6, 7, 8, 6, 8, 9, 6, 9, 10, 11, 8, 2, 8, 8, 4, 4, 8, 1], dimension=0, value=92.52637659986048, stages=0, time=0.0}Solution{id=33, content=[9, 5, 9, 10, 2, 10, 4, 1, 5, 9, 4, 10, 12, 5, 15, 8, 12, 8, 6, 6, 8, 7, 11, 11, 6, 13, 8, 5, 8, 6, 11, 4, 6, 9, 15, 5, 12, 5, 14, 7, 12, 8, 6, 9, 16, 1, 6, 7, 2, 8, 15, 11, 5, 4, 8, 7, 12, 10, 6, 11, 11, 6, 9, 2, 12, 5, 3, 2, 11, 9, 5, 9, 11, 7, 14, 9, 8, 11, 10, 3, 8, 10, 8, 4, 9, 5, 2, 4, 9, 11, 7, 8, 15, 5, 6, 2, 5, 11, 4, 11, 6, 4, 13, 9, 9, 2, 8, 8, 7, 10, 4, 12, 9, 7, 13, 7, 14, 9, 14, 11, 10, 9, 6, 10, 10, 5, 9, 11, 11, 11, 12, 2, 13, 2, 10, 3, 3, 9, 8, 8, 9, 7, 9, 4, 8, 12, 5, 8, 8, 7, 7, 11, 5, 1, 4, 3, 9, 9, 9, 4, 10, 9, 12, 3, 10, 5, 12, 5, 15, 3, 10, 5, 6, 3, 11, 11, 8, 8, 8, 12, 14, 10, 12, 3, 8, 5, 15, 12, 12, 8, 15, 7, 5, 9, 8, 5, 11, 3, 12, 3, 6, 12, 14, 2, 8, 7, 3, 3, 12, 11, 13, 7, 10, 5, 11, 8, 12, 10, 12, 7, 10, 10, 6, 12, 12, 6, 4, 9, 14, 6, 2, 9, 8, 15, 8, 12, 6, 7, 12, 0, 9, 10, 12, 11, 11, 10, 8, 8, 4, 12, 10, 11, 11, 12, 3, 2, 11, 14, 4, 10, 8, 8, 14, 4, 12, 10, 6, 8, 12, 9, 10, 12, 8, 7, 7, 5, 10, 11, 11, 2, 2, 9, 10, 10, 12, 8, 9, 9, 14, 10, 8, 7, 12, 1, 11, 9, 6, 8, 6, 10, 13, 5, 8, 2, 3, 12, 4, 10, 9, 3, 13, 10, 7, 1, 9, 13, 9, 6, 12, 3, 11, 9, 2, 7, 14, 8, 8, 8, 7, 11, 11, 4, 4, 11, 8, 10, 8, 4, 8, 11, 11, 9, 8, 6, 11, 12, 12, 4, 8, 9, 9, 2, 14, 6, 8, 7, 6, 10, 7, 11, 11, 6, 13, 11, 8, 9, 8, 2, 10, 5, 5, 12, 13, 10, 14, 12, 12, 8, 12, 3, 12, 10, 4, 9, 5, 4, 8, 8, 15, 3, 14, 11, 3, 8, 12, 5, 12, 7, 12, 6, 6, 3, 13, 7, 8, 3, 4, 5, 5, 9, 12, 4, 8, 11, 12, 7, 6, 4, 3, 5, 9, 4, 14, 4, 3, 3, 8, 3, 4, 8, 14, 4, 11, 9, 8, 10, 6, 7, 5, 9, 11, 11, 9, 8, 6, 3, 2, 9, 5, 5, 10, 4, 6, 7, 11, 11, 12, 8, 3, 10, 3, 6, 7, 10, 12, 6, 6, 10, 11, 5, 9, 4, 6, 7, 8, 6, 8, 9, 6, 9, 10, 11, 8, 2, 8, 8, 4, 4, 8, 1], dimension=490, value=92.52637659986048, stages=0, time=297.60695091367717}} 
