91.63968462795141,93.12223338102373,91.5218804347039,90.2501194013728,91.71863767576836,92.1167753008958,90.18560697906071,89.70331889331386,91.48746294154016,92.71334432746326,91.89369581019719,93.43458962813496,90.88692476495417,93.04857464071064,92.84733195964581,90.98957517425822,90.74700957785925,91.6745162413156,90.13698701413249,89.48152001302078,91.27695243131282,91.61724331434364,90.09723044004028,91.19050448557448,91.96521444146886,92.52947646466981,92.4170175146333,92.07890903514276,90.67211654262194,92.59785291490343,
DEDNSPSO统计信息：
sum = 2746.042306372034
min = 89.48152001302078
max = 93.43458962813496
mean = 91.53474354573447
std = 1.0631903876049726
totaltime = 3059.713
avgtime = 101.99043333333334
最优解：
Particle{, pBest=Solution{id=0, content=[10, 7, 10, 2, 8, 2, 7, 4, 2, 14, 14, 11, 12, 11, 14, 4, 8, 8, 6, 10, 2, 10, 11, 6, 3, 3, 11, 5, 14, 2, 11, 4, 11, 3, 4, 10, 10, 14, 10, 15, 11, 9, 12, 6, 11, 4, 9, 8, 14, 4, 8, 6, 2, 6, 7, 2, 6, 6, 12, 2, 11, 3, 14, 2, 6, 3, 12, 7, 3, 4, 10, 11, 11, 10, 12, 10, 6, 2, 7, 9, 11, 8, 11, 9, 2, 4, 9, 3, 15, 11, 10, 5, 8, 12, 6, 12, 8, 5, 15, 8, 11, 9, 9, 5, 10, 7, 12, 3, 13, 2, 11, 14, 6, 6, 12, 12, 9, 14, 8, 6, 15, 4, 5, 5, 5, 10, 2, 5, 5, 7, 14, 0, 8, 4, 14, 6, 12, 12, 10, 10, 12, 5, 14, 9, 14, 8, 14, 11, 11, 5, 10, 1, 11, 9, 15, 6, 13, 12, 11, 12, 8, 10, 11, 8, 6, 12, 7, 12, 9, 5, 4, 3, 12, 3, 2, 8, 2, 6, 14, 4, 11, 12, 11, 5, 8, 10, 14, 3, 9, 8, 12, 8, 10, 9, 14, 9, 8, 2, 6, 10, 12, 8, 11, 11, 10, 4, 11, 2, 8, 3, 5, 9, 14, 11, 14, 4, 7, 8, 2, 10, 11, 1, 6, 7, 10, 3, 15, 5, 8, 9, 11, 2, 8, 10, 11, 8, 10, 4, 14, 4, 10, 1, 14, 1, 14, 4, 2, 9, 2, 12, 12, 3, 4, 5, 15, 10, 7, 5, 14, 2, 10, 6, 15, 7, 4, 3, 15, 3, 12, 5, 10, 10, 11, 5, 6, 8, 12, 12, 12, 12, 14, 8, 4, 10, 14, 2, 6, 2, 12, 10, 14, 2, 15, 1, 8, 10, 12, 6, 12, 3, 12, 7, 8, 8, 11, 12, 6, 10, 13, 12, 12, 6, 3, 11, 13, 4, 13, 4, 10, 9, 9, 10, 9, 10, 11, 9, 5, 6, 2, 9, 9, 10, 11, 3, 4, 9, 15, 9, 7, 10, 11, 13, 6, 9, 4, 9, 2, 3, 5, 7, 4, 1, 11, 12, 11, 7, 7, 14, 11, 5, 11, 5, 15, 12, 12, 8, 14, 6, 3, 5, 2, 2, 5, 8, 12, 8, 5, 5, 4, 10, 11, 2, 8, 10, 2, 2, 12, 10, 8, 14, 8, 1, 5, 5, 6, 5, 8, 9, 13, 5, 6, 11, 14, 4, 11, 4, 14, 3, 11, 8, 15, 10, 3, 6, 12, 13, 10, 10, 15, 7, 10, 11, 12, 11, 12, 5, 14, 9, 4, 9, 11, 7, 11, 11, 15, 9, 11, 9, 7, 7, 8, 8, 4, 8, 4, 9, 9, 9, 4, 5, 5, 6, 12, 5, 2, 11, 4, 9, 11, 1, 4, 11, 14, 4, 14, 4, 8, 6, 12, 12, 7, 14, 6, 4, 12, 9, 10, 1, 6, 7, 12, 10, 4, 13, 14, 5, 12, 1, 8, 10], dimension=0, value=93.43458962813496, stages=0, time=0.0}Solution{id=14, content=[10, 7, 10, 2, 8, 2, 7, 4, 2, 14, 14, 11, 12, 11, 14, 4, 8, 8, 6, 10, 2, 10, 11, 6, 3, 3, 11, 5, 14, 2, 11, 4, 11, 3, 4, 10, 10, 14, 10, 15, 11, 9, 12, 6, 11, 4, 9, 8, 14, 4, 8, 6, 2, 6, 7, 2, 6, 6, 12, 2, 11, 3, 14, 2, 6, 3, 12, 7, 3, 4, 10, 11, 11, 10, 12, 10, 6, 2, 7, 9, 11, 8, 11, 9, 2, 4, 9, 3, 15, 11, 10, 5, 8, 12, 6, 12, 8, 5, 15, 8, 11, 9, 9, 5, 10, 7, 12, 3, 13, 2, 11, 14, 6, 6, 12, 12, 9, 14, 8, 6, 15, 4, 5, 5, 5, 10, 2, 5, 5, 7, 14, 0, 8, 4, 14, 6, 12, 12, 10, 10, 12, 5, 14, 9, 14, 8, 14, 11, 11, 5, 10, 1, 11, 9, 15, 6, 13, 12, 11, 12, 8, 10, 11, 8, 6, 12, 7, 12, 9, 5, 4, 3, 12, 3, 2, 8, 2, 6, 14, 4, 11, 12, 11, 5, 8, 10, 14, 3, 9, 8, 12, 8, 10, 9, 14, 9, 8, 2, 6, 10, 12, 8, 11, 11, 10, 4, 11, 2, 8, 3, 5, 9, 14, 11, 14, 4, 7, 8, 2, 10, 11, 1, 6, 7, 10, 3, 15, 5, 8, 9, 11, 2, 8, 10, 11, 8, 10, 4, 14, 4, 10, 1, 14, 1, 14, 4, 2, 9, 2, 12, 12, 3, 4, 5, 15, 10, 7, 5, 14, 2, 10, 6, 15, 7, 4, 3, 15, 3, 12, 5, 10, 10, 11, 5, 6, 8, 12, 12, 12, 12, 14, 8, 4, 10, 14, 2, 6, 2, 12, 10, 14, 2, 15, 1, 8, 10, 12, 6, 12, 3, 12, 7, 8, 8, 11, 12, 6, 10, 13, 12, 12, 6, 3, 11, 13, 4, 13, 4, 10, 9, 9, 10, 9, 10, 11, 9, 5, 6, 2, 9, 9, 10, 11, 3, 4, 9, 15, 9, 7, 10, 11, 13, 6, 9, 4, 9, 2, 3, 5, 7, 4, 1, 11, 12, 11, 7, 7, 14, 11, 5, 11, 5, 15, 12, 12, 8, 14, 6, 3, 5, 2, 2, 5, 8, 12, 8, 5, 5, 4, 10, 11, 2, 8, 10, 2, 2, 12, 10, 8, 14, 8, 1, 5, 5, 6, 5, 8, 9, 13, 5, 6, 11, 14, 4, 11, 4, 14, 3, 11, 8, 15, 10, 3, 6, 12, 13, 10, 10, 15, 7, 10, 11, 12, 11, 12, 5, 14, 9, 4, 9, 11, 7, 11, 11, 15, 9, 11, 9, 7, 7, 8, 8, 4, 8, 4, 9, 9, 9, 4, 5, 5, 6, 12, 5, 2, 11, 4, 9, 11, 1, 4, 11, 14, 4, 14, 4, 8, 6, 12, 12, 7, 14, 6, 4, 12, 9, 10, 1, 6, 7, 12, 10, 4, 13, 14, 5, 12, 1, 8, 10], dimension=490, value=93.43458962813496, stages=0, time=292.8227969495244}} 
最差解：
Particle{, pBest=Solution{id=0, content=[9, 4, 11, 3, 1, 11, 10, 2, 10, 4, 5, 9, 12, 10, 13, 10, 11, 7, 8, 5, 8, 7, 5, 10, 15, 8, 8, 2, 10, 6, 12, 7, 3, 6, 14, 5, 12, 4, 12, 7, 6, 9, 14, 9, 7, 8, 6, 11, 3, 11, 5, 5, 10, 3, 5, 4, 11, 10, 5, 9, 8, 8, 6, 9, 11, 4, 10, 9, 12, 5, 6, 4, 8, 4, 9, 10, 8, 3, 12, 1, 4, 10, 5, 9, 4, 7, 10, 2, 7, 2, 13, 6, 6, 5, 11, 5, 12, 4, 11, 6, 13, 6, 6, 11, 4, 4, 3, 10, 12, 4, 14, 5, 12, 9, 11, 4, 9, 2, 13, 3, 7, 10, 8, 5, 9, 5, 11, 10, 9, 10, 3, 3, 7, 5, 11, 3, 11, 9, 14, 10, 6, 11, 10, 12, 9, 7, 5, 10, 7, 5, 8, 9, 5, 9, 6, 6, 3, 9, 5, 6, 6, 2, 1, 9, 5, 7, 8, 9, 7, 10, 12, 9, 11, 9, 9, 6, 8, 4, 4, 9, 13, 4, 11, 5, 12, 8, 10, 9, 4, 2, 4, 10, 4, 3, 11, 4, 3, 7, 4, 9, 4, 6, 5, 9, 12, 1, 8, 10, 4, 3, 8, 10, 6, 7, 6, 11, 5, 4, 7, 3, 8, 2, 12, 4, 13, 7, 7, 6, 4, 8, 7, 6, 11, 8, 8, 2, 12, 8, 4, 3, 14, 2, 9, 2, 8, 4, 9, 11, 8, 3, 13, 4, 3, 5, 14, 8, 5, 8, 4, 4, 7, 2, 8, 4, 12, 5, 14, 2, 3, 4, 11, 4, 5, 7, 6, 2, 12, 4, 11, 10, 11, 10, 8, 7, 11, 9, 11, 3, 11, 5, 8, 6, 10, 3, 6, 9, 6, 5, 7, 10, 13, 3, 6, 5, 14, 2, 11, 6, 4, 11, 8, 13, 9, 7, 12, 3, 9, 6, 6, 7, 12, 6, 10, 11, 9, 11, 10, 4, 10, 11, 11, 11, 3, 3, 12, 8, 12, 3, 13, 8, 6, 2, 12, 3, 13, 7, 5, 12, 10, 4, 11, 10, 11, 11, 8, 3, 11, 5, 11, 5, 10, 11, 10, 5, 12, 2, 9, 11, 11, 8, 10, 11, 7, 4, 9, 9, 8, 3, 11, 7, 4, 8, 12, 10, 4, 9, 8, 8, 9, 2, 10, 10, 11, 8, 11, 3, 5, 10, 10, 11, 4, 8, 8, 7, 10, 4, 5, 2, 3, 7, 3, 6, 6, 6, 2, 6, 8, 3, 9, 2, 8, 8, 7, 1, 10, 5, 7, 10, 10, 3, 6, 5, 6, 10, 10, 10, 8, 2, 6, 8, 5, 5, 13, 5, 6, 3, 6, 7, 12, 9, 5, 6, 12, 9, 12, 3, 5, 7, 5, 11, 10, 6, 9, 3, 8, 4, 12, 4, 11, 2, 9, 5, 6, 9, 10, 10, 5, 9, 6, 6, 4, 12, 12, 9, 2, 7, 5, 10, 14, 8], dimension=0, value=89.48152001302078, stages=0, time=0.0}Solution{id=37, content=[9, 4, 11, 3, 1, 11, 10, 2, 10, 4, 5, 9, 12, 10, 13, 10, 11, 7, 8, 5, 8, 7, 5, 10, 15, 8, 8, 2, 10, 6, 12, 7, 3, 6, 14, 5, 12, 4, 12, 7, 6, 9, 14, 9, 7, 8, 6, 11, 3, 11, 5, 5, 10, 3, 5, 4, 11, 10, 5, 9, 8, 8, 6, 9, 11, 4, 10, 9, 12, 5, 6, 4, 8, 4, 9, 10, 8, 3, 12, 1, 4, 10, 5, 9, 4, 7, 10, 2, 7, 2, 13, 6, 6, 5, 11, 5, 12, 4, 11, 6, 13, 6, 6, 11, 4, 4, 3, 10, 12, 4, 14, 5, 12, 9, 11, 4, 9, 2, 13, 3, 7, 10, 8, 5, 9, 5, 11, 10, 9, 10, 3, 3, 7, 5, 11, 3, 11, 9, 14, 10, 6, 11, 10, 12, 9, 7, 5, 10, 7, 5, 8, 9, 5, 9, 6, 6, 3, 9, 5, 6, 6, 2, 1, 9, 5, 7, 8, 9, 7, 10, 12, 9, 11, 9, 9, 6, 8, 4, 4, 9, 13, 4, 11, 5, 12, 8, 10, 9, 4, 2, 4, 10, 4, 3, 11, 4, 3, 7, 4, 9, 4, 6, 5, 9, 12, 1, 8, 10, 4, 3, 8, 10, 6, 7, 6, 11, 5, 4, 7, 3, 8, 2, 12, 4, 13, 7, 7, 6, 4, 8, 7, 6, 11, 8, 8, 2, 12, 8, 4, 3, 14, 2, 9, 2, 8, 4, 9, 11, 8, 3, 13, 4, 3, 5, 14, 8, 5, 8, 4, 4, 7, 2, 8, 4, 12, 5, 14, 2, 3, 4, 11, 4, 5, 7, 6, 2, 12, 4, 11, 10, 11, 10, 8, 7, 11, 9, 11, 3, 11, 5, 8, 6, 10, 3, 6, 9, 6, 5, 7, 10, 13, 3, 6, 5, 14, 2, 11, 6, 4, 11, 8, 13, 9, 7, 12, 3, 9, 6, 6, 7, 12, 6, 10, 11, 9, 11, 10, 4, 10, 11, 11, 11, 3, 3, 12, 8, 12, 3, 13, 8, 6, 2, 12, 3, 13, 7, 5, 12, 10, 4, 11, 10, 11, 11, 8, 3, 11, 5, 11, 5, 10, 11, 10, 5, 12, 2, 9, 11, 11, 8, 10, 11, 7, 4, 9, 9, 8, 3, 11, 7, 4, 8, 12, 10, 4, 9, 8, 8, 9, 2, 10, 10, 11, 8, 11, 3, 5, 10, 10, 11, 4, 8, 8, 7, 10, 4, 5, 2, 3, 7, 3, 6, 6, 6, 2, 6, 8, 3, 9, 2, 8, 8, 7, 1, 10, 5, 7, 10, 10, 3, 6, 5, 6, 10, 10, 10, 8, 2, 6, 8, 5, 5, 13, 5, 6, 3, 6, 7, 12, 9, 5, 6, 12, 9, 12, 3, 5, 7, 5, 11, 10, 6, 9, 3, 8, 4, 12, 4, 11, 2, 9, 5, 6, 9, 10, 10, 5, 9, 6, 6, 4, 12, 12, 9, 2, 7, 5, 10, 14, 8], dimension=490, value=89.48152001302078, stages=0, time=297.3603354513351}} 
