90.36818542679435,90.79209727907522,90.3036306768867,
DNSPSO统计信息：
size = 50
iters = 3000
nfes = 150000
sum = 271.4639133827563
min = 90.3036306768867
max = 90.79209727907522
mean = 90.48797112758542
std = 0.26535140087986375
totaltime = 135.813s
avgtime = 45.270999999999994s
最优解：
Particle{, pBest=Solution{id=0, content=[10, 5, 5, 2, 9, 10, 8, 9, 14, 5, 12, 3, 8, 1, 12, 4, 12, 3, 3, 6, 8, 9, 6, 4, 4, 12, 12, 3, 4, 7, 13, 2, 6, 8, 13, 9, 9, 4, 6, 6, 10, 11, 11, 9, 11, 5, 10, 11, 9, 7, 11, 10, 8, 7, 6, 2, 8, 11, 12, 4, 11, 7, 9, 10, 5, 12, 8, 2, 4, 3, 6, 8, 11, 10, 12, 12, 9, 2, 5, 10, 4, 6, 8, 8, 7, 9, 9, 5, 11, 7, 11, 11, 11, 7, 3, 4, 8, 12, 6, 10, 4, 3, 3, 4, 10, 5, 13, 3, 2, 0, 3, 8, 11, 4, 8, 8, 10, 12, 10, 12, 8, 4, 12, 6, 10, 1, 8, 3, 11, 9, 4, 7, 11, 3, 11, 5, 4, 1, 10, 6, 10, 11, 9, 5, 9, 2, 11, 2, 11, 6, 2, 7, 6, 9, 8, 5, 6, 3, 8, 6, 8, 2, 4, 5, 6, 7, 10, 7, 4, 7, 5, 6, 11, 11, 7, 3, 8, 2, 7, 4, 4, 3, 4, 4, 6, 3, 8, 7, 8, 5, 8, 12, 8, 9, 5, 5, 7, 2, 4, 8, 6, 3, 10, 6, 8, 8, 10, 9, 10, 5, 14, 2, 10, 2, 8, 9, 10, 9, 2, 9, 6, 5, 9, 8, 8, 10, 3, 8, 8, 10, 7, 9, 11, 10, 8, 11, 2, 4, 10, 10, 8, 2, 9, 1, 6, 4, 9, 9, 8, 10, 4, 9, 8, 12, 3, 11, 11, 1, 10, 8, 8, 3, 12, 5, 15, 3, 5, 8, 10, 2, 15, 2, 7, 11, 5, 8, 9, 10, 6, 6, 10, 7, 11, 8, 12, 7, 11, 5, 4, 9, 8, 9, 3, 9, 12, 12, 6, 3, 14, 3, 10, 11, 5, 10, 3, 12, 8, 7, 5, 11, 5, 5, 11, 4, 7, 10, 11, 5, 4, 9, 4, 4, 10, 8, 8, 7, 6, 8, 9, 8, 5, 7, 5, 9, 10, 8, 4, 8, 11, 6, 11, 5, 2, 3, 3, 8, 3, 2, 8, 5, 8, 8, 1, 6, 6, 4, 7, 14, 9, 1, 6, 5, 8, 12, 6, 8, 8, 6, 7, 4, 8, 7, 5, 7, 4, 1, 11, 9, 3, 3, 8, 9, 5, 4, 2, 4, 3, 6, 12, 12, 12, 4, 1, 10, 6, 6, 8, 0, 8, 2, 8, 9, 8, 3, 13, 3, 11, 11, 11, 8, 7, 10, 6, 4, 4, 8, 8, 11, 7, 2, 5, 7, 8, 5, 1, 2, 4, 9, 11, 10, 12, 9, 1, 1, 5, 5, 10, 9, 5, 11, 11, 0, 8, 2, 9, 10, 8, 8, 11, 3, 4, 11, 11, 7, 11, 6, 7, 9, 4, 1, 14, 1, 9, 8, 8, 3, 11, 8, 6, 10, 11, 8, 6, 9, 11, 7, 11, 5, 3, 7, 2, 12, 2, 10, 6, 12, 2, 1, 8, 10], dimension=0, value=90.79209727907522, stages=0, time=0.0}Solution{id=0, content=[10, 5, 5, 2, 9, 10, 8, 9, 14, 5, 12, 3, 8, 1, 12, 4, 12, 3, 3, 6, 8, 9, 6, 4, 4, 12, 12, 3, 4, 7, 13, 2, 6, 8, 13, 9, 9, 4, 6, 6, 10, 11, 11, 9, 11, 5, 10, 11, 9, 7, 11, 10, 8, 7, 6, 2, 8, 11, 12, 4, 11, 7, 9, 10, 5, 12, 8, 2, 4, 3, 6, 8, 11, 10, 12, 12, 9, 2, 5, 10, 4, 6, 8, 8, 7, 9, 9, 5, 11, 7, 11, 11, 11, 7, 3, 4, 8, 12, 6, 10, 4, 3, 3, 4, 10, 5, 13, 3, 2, 0, 3, 8, 11, 4, 8, 8, 10, 12, 10, 12, 8, 4, 12, 6, 10, 1, 8, 3, 11, 9, 4, 7, 11, 3, 11, 5, 4, 1, 10, 6, 10, 11, 9, 5, 9, 2, 11, 2, 11, 6, 2, 7, 6, 9, 8, 5, 6, 3, 8, 6, 8, 2, 4, 5, 6, 7, 10, 7, 4, 7, 5, 6, 11, 11, 7, 3, 8, 2, 7, 4, 4, 3, 4, 4, 6, 3, 8, 7, 8, 5, 8, 12, 8, 9, 5, 5, 7, 2, 4, 8, 6, 3, 10, 6, 8, 8, 10, 9, 10, 5, 14, 2, 10, 2, 8, 9, 10, 9, 2, 9, 6, 5, 9, 8, 8, 10, 3, 8, 8, 10, 7, 9, 11, 10, 8, 11, 2, 4, 10, 10, 8, 2, 9, 1, 6, 4, 9, 9, 8, 10, 4, 9, 8, 12, 3, 11, 11, 1, 10, 8, 8, 3, 12, 5, 15, 3, 5, 8, 10, 2, 15, 2, 7, 11, 5, 8, 9, 10, 6, 6, 10, 7, 11, 8, 12, 7, 11, 5, 4, 9, 8, 9, 3, 9, 12, 12, 6, 3, 14, 3, 10, 11, 5, 10, 3, 12, 8, 7, 5, 11, 5, 5, 11, 4, 7, 10, 11, 5, 4, 9, 4, 4, 10, 8, 8, 7, 6, 8, 9, 8, 5, 7, 5, 9, 10, 8, 4, 8, 11, 6, 11, 5, 2, 3, 3, 8, 3, 2, 8, 5, 8, 8, 1, 6, 6, 4, 7, 14, 9, 1, 6, 5, 8, 12, 6, 8, 8, 6, 7, 4, 8, 7, 5, 7, 4, 1, 11, 9, 3, 3, 8, 9, 5, 4, 2, 4, 3, 6, 12, 12, 12, 4, 1, 10, 6, 6, 8, 0, 8, 2, 8, 9, 8, 3, 13, 3, 11, 11, 11, 8, 7, 10, 6, 4, 4, 8, 8, 11, 7, 2, 5, 7, 8, 5, 1, 2, 4, 9, 11, 10, 12, 9, 1, 1, 5, 5, 10, 9, 5, 11, 11, 0, 8, 2, 9, 10, 8, 8, 11, 3, 4, 11, 11, 7, 11, 6, 7, 9, 4, 1, 14, 1, 9, 8, 8, 3, 11, 8, 6, 10, 11, 8, 6, 9, 11, 7, 11, 5, 3, 7, 2, 12, 2, 10, 6, 12, 2, 1, 8, 10], dimension=0, value=90.79209727907522, stages=0, time=283.77924443216955}} 
最差解：
Particle{, pBest=Solution{id=0, content=[10, 6, 11, 2, 10, 10, 4, 1, 5, 7, 5, 4, 12, 3, 10, 10, 12, 2, 5, 12, 10, 11, 9, 2, 7, 9, 12, 10, 5, 10, 8, 3, 9, 5, 4, 9, 1, 8, 9, 10, 6, 11, 3, 10, 6, 5, 8, 1, 12, 10, 12, 10, 6, 1, 5, 11, 8, 6, 11, 7, 7, 4, 2, 6, 12, 11, 5, 8, 2, 6, 11, 9, 9, 9, 8, 11, 11, 11, 10, 5, 11, 1, 12, 7, 11, 9, 11, 1, 7, 3, 7, 1, 11, 11, 12, 10, 9, 5, 4, 10, 11, 11, 12, 2, 11, 12, 10, 11, 8, 12, 11, 2, 10, 4, 12, 12, 11, 3, 11, 11, 12, 8, 5, 8, 7, 5, 6, 8, 7, 2, 8, 3, 4, 1, 6, 3, 12, 6, 6, 3, 8, 9, 12, 1, 6, 7, 12, 9, 11, 3, 9, 5, 11, 11, 12, 10, 6, 10, 12, 3, 4, 6, 6, 9, 12, 9, 11, 7, 9, 5, 4, 9, 10, 7, 11, 5, 7, 3, 10, 11, 7, 2, 3, 12, 8, 6, 12, 4, 11, 8, 7, 4, 4, 9, 11, 8, 5, 12, 5, 7, 12, 2, 4, 9, 11, 10, 8, 5, 8, 3, 11, 11, 6, 10, 8, 6, 2, 3, 4, 4, 6, 4, 6, 6, 11, 2, 4, 9, 5, 11, 9, 8, 9, 2, 7, 10, 12, 5, 8, 3, 10, 4, 11, 8, 3, 4, 8, 6, 2, 11, 10, 7, 8, 8, 3, 7, 6, 3, 8, 10, 3, 7, 5, 3, 4, 1, 9, 12, 9, 4, 10, 9, 10, 7, 8, 9, 11, 7, 1, 3, 9, 9, 7, 12, 12, 3, 11, 8, 11, 11, 11, 10, 11, 3, 1, 10, 11, 4, 12, 10, 3, 6, 10, 3, 8, 12, 4, 2, 5, 12, 11, 1, 3, 10, 10, 2, 8, 8, 11, 4, 10, 11, 6, 8, 4, 2, 5, 4, 12, 6, 4, 2, 11, 7, 7, 3, 12, 7, 7, 9, 10, 6, 10, 6, 7, 10, 10, 11, 2, 5, 11, 6, 8, 12, 6, 9, 7, 3, 11, 11, 4, 5, 7, 10, 7, 6, 7, 5, 12, 4, 6, 11, 5, 5, 4, 8, 2, 6, 1, 11, 11, 1, 12, 8, 3, 8, 9, 3, 8, 10, 8, 2, 11, 9, 4, 8, 4, 9, 10, 4, 8, 5, 5, 4, 11, 11, 7, 8, 7, 7, 5, 7, 6, 8, 8, 10, 8, 12, 3, 9, 2, 9, 8, 3, 4, 7, 12, 4, 11, 10, 11, 5, 12, 1, 10, 9, 9, 2, 4, 3, 6, 9, 4, 2, 4, 7, 11, 5, 7, 9, 12, 2, 10, 5, 7, 7, 7, 5, 2, 10, 3, 7, 8, 4, 8, 9, 10, 2, 3, 8, 1, 10, 9, 4, 4, 12, 9, 5, 8, 12, 2, 3, 2, 2, 11, 7, 4, 1, 5, 8], dimension=0, value=90.3036306768867, stages=0, time=0.0}Solution{id=0, content=[10, 6, 11, 2, 10, 10, 4, 1, 5, 7, 5, 4, 12, 3, 10, 10, 12, 2, 5, 12, 10, 11, 9, 2, 7, 9, 12, 10, 5, 10, 8, 3, 9, 5, 4, 9, 1, 8, 9, 10, 6, 11, 3, 10, 6, 5, 8, 1, 12, 10, 12, 10, 6, 1, 5, 11, 8, 6, 11, 7, 7, 4, 2, 6, 12, 11, 5, 8, 2, 6, 11, 9, 9, 9, 8, 11, 11, 11, 10, 5, 11, 1, 12, 7, 11, 9, 11, 1, 7, 3, 7, 1, 11, 11, 12, 10, 9, 5, 4, 10, 11, 11, 12, 2, 11, 12, 10, 11, 8, 12, 11, 2, 10, 4, 12, 12, 11, 3, 11, 11, 12, 8, 5, 8, 7, 5, 6, 8, 7, 2, 8, 3, 4, 1, 6, 3, 12, 6, 6, 3, 8, 9, 12, 1, 6, 7, 12, 9, 11, 3, 9, 5, 11, 11, 12, 10, 6, 10, 12, 3, 4, 6, 6, 9, 12, 9, 11, 7, 9, 5, 4, 9, 10, 7, 11, 5, 7, 3, 10, 11, 7, 2, 3, 12, 8, 6, 12, 4, 11, 8, 7, 4, 4, 9, 11, 8, 5, 12, 5, 7, 12, 2, 4, 9, 11, 10, 8, 5, 8, 3, 11, 11, 6, 10, 8, 6, 2, 3, 4, 4, 6, 4, 6, 6, 11, 2, 4, 9, 5, 11, 9, 8, 9, 2, 7, 10, 12, 5, 8, 3, 10, 4, 11, 8, 3, 4, 8, 6, 2, 11, 10, 7, 8, 8, 3, 7, 6, 3, 8, 10, 3, 7, 5, 3, 4, 1, 9, 12, 9, 4, 10, 9, 10, 7, 8, 9, 11, 7, 1, 3, 9, 9, 7, 12, 12, 3, 11, 8, 11, 11, 11, 10, 11, 3, 1, 10, 11, 4, 12, 10, 3, 6, 10, 3, 8, 12, 4, 2, 5, 12, 11, 1, 3, 10, 10, 2, 8, 8, 11, 4, 10, 11, 6, 8, 4, 2, 5, 4, 12, 6, 4, 2, 11, 7, 7, 3, 12, 7, 7, 9, 10, 6, 10, 6, 7, 10, 10, 11, 2, 5, 11, 6, 8, 12, 6, 9, 7, 3, 11, 11, 4, 5, 7, 10, 7, 6, 7, 5, 12, 4, 6, 11, 5, 5, 4, 8, 2, 6, 1, 11, 11, 1, 12, 8, 3, 8, 9, 3, 8, 10, 8, 2, 11, 9, 4, 8, 4, 9, 10, 4, 8, 5, 5, 4, 11, 11, 7, 8, 7, 7, 5, 7, 6, 8, 8, 10, 8, 12, 3, 9, 2, 9, 8, 3, 4, 7, 12, 4, 11, 10, 11, 5, 12, 1, 10, 9, 9, 2, 4, 3, 6, 9, 4, 2, 4, 7, 11, 5, 7, 9, 12, 2, 10, 5, 7, 7, 7, 5, 2, 10, 3, 7, 8, 4, 8, 9, 10, 2, 3, 8, 1, 10, 9, 4, 4, 12, 9, 5, 8, 12, 2, 3, 2, 2, 11, 7, 4, 1, 5, 8], dimension=0, value=90.3036306768867, stages=0, time=294.73916000484934}} 
90.86689839402828,91.04131720256932,90.73491083684196,
DNSPSO统计信息：
size = 50
iters = 4000
nfes = 200000
sum = 272.64312643343953
min = 90.73491083684196
max = 91.04131720256932
mean = 90.88104214447985
std = 0.153692060618591
totaltime = 177.19s
avgtime = 59.06333333333333s
最优解：
Particle{, pBest=Solution{id=0, content=[8, 2, 12, 3, 8, 2, 6, 10, 6, 8, 5, 9, 10, 4, 10, 10, 8, 1, 12, 10, 11, 8, 2, 11, 5, 2, 1, 3, 3, 6, 5, 2, 7, 3, 6, 10, 10, 11, 12, 10, 4, 11, 8, 2, 10, 9, 7, 10, 8, 10, 8, 5, 5, 4, 7, 2, 11, 9, 2, 7, 11, 11, 2, 2, 8, 6, 8, 10, 8, 1, 10, 8, 4, 3, 9, 2, 11, 4, 11, 6, 7, 2, 7, 9, 8, 8, 5, 5, 8, 6, 8, 6, 10, 4, 4, 1, 7, 9, 15, 8, 6, 8, 11, 6, 11, 9, 5, 6, 6, 2, 5, 1, 3, 3, 11, 2, 6, 9, 10, 9, 4, 5, 12, 8, 7, 8, 11, 6, 8, 5, 9, 10, 9, 2, 6, 9, 12, 12, 3, 9, 5, 7, 5, 4, 3, 7, 2, 8, 5, 3, 10, 9, 2, 7, 10, 3, 9, 10, 8, 4, 2, 9, 10, 5, 7, 10, 5, 9, 8, 6, 5, 9, 4, 9, 8, 8, 8, 6, 11, 3, 12, 7, 10, 2, 10, 10, 6, 8, 11, 11, 14, 4, 10, 8, 5, 3, 11, 9, 11, 11, 12, 8, 12, 3, 12, 9, 6, 6, 5, 11, 9, 4, 5, 8, 8, 1, 7, 9, 11, 4, 3, 5, 11, 6, 3, 7, 8, 5, 5, 10, 9, 2, 10, 2, 11, 1, 4, 8, 11, 3, 7, 3, 10, 6, 4, 8, 7, 9, 7, 5, 8, 2, 6, 10, 6, 7, 2, 2, 8, 2, 7, 7, 8, 5, 4, 3, 5, 7, 11, 11, 10, 3, 6, 4, 1, 3, 4, 3, 2, 8, 5, 6, 4, 11, 1, 5, 3, 8, 8, 7, 6, 10, 11, 2, 7, 3, 11, 5, 11, 8, 12, 6, 5, 10, 7, 3, 7, 11, 7, 9, 11, 5, 10, 8, 10, 2, 9, 7, 9, 4, 5, 4, 11, 6, 11, 7, 9, 2, 2, 10, 10, 4, 7, 3, 10, 6, 6, 3, 3, 4, 6, 3, 11, 10, 4, 9, 7, 10, 10, 6, 4, 6, 12, 2, 10, 9, 12, 1, 7, 4, 3, 6, 5, 3, 2, 10, 9, 1, 2, 12, 5, 6, 6, 8, 6, 8, 12, 8, 6, 5, 11, 5, 5, 3, 6, 7, 2, 3, 5, 7, 12, 5, 8, 4, 3, 11, 3, 7, 8, 8, 7, 5, 10, 9, 5, 5, 12, 10, 8, 8, 4, 5, 8, 7, 6, 8, 9, 3, 9, 2, 13, 7, 3, 9, 6, 5, 6, 5, 3, 8, 11, 5, 7, 10, 6, 2, 11, 3, 6, 4, 7, 2, 8, 5, 4, 9, 8, 4, 8, 12, 10, 4, 8, 7, 11, 4, 8, 6, 10, 9, 5, 2, 8, 4, 2, 0, 3, 2, 3, 11, 5, 4, 6, 9, 8, 7, 9, 10, 11, 5, 11, 4, 10, 3, 10, 2, 4, 11, 6, 9], dimension=0, value=91.04131720256932, stages=0, time=0.0}Solution{id=0, content=[8, 2, 12, 3, 8, 2, 6, 10, 6, 8, 5, 9, 10, 4, 10, 10, 8, 1, 12, 10, 11, 8, 2, 11, 5, 2, 1, 3, 3, 6, 5, 2, 7, 3, 6, 10, 10, 11, 12, 10, 4, 11, 8, 2, 10, 9, 7, 10, 8, 10, 8, 5, 5, 4, 7, 2, 11, 9, 2, 7, 11, 11, 2, 2, 8, 6, 8, 10, 8, 1, 10, 8, 4, 3, 9, 2, 11, 4, 11, 6, 7, 2, 7, 9, 8, 8, 5, 5, 8, 6, 8, 6, 10, 4, 4, 1, 7, 9, 15, 8, 6, 8, 11, 6, 11, 9, 5, 6, 6, 2, 5, 1, 3, 3, 11, 2, 6, 9, 10, 9, 4, 5, 12, 8, 7, 8, 11, 6, 8, 5, 9, 10, 9, 2, 6, 9, 12, 12, 3, 9, 5, 7, 5, 4, 3, 7, 2, 8, 5, 3, 10, 9, 2, 7, 10, 3, 9, 10, 8, 4, 2, 9, 10, 5, 7, 10, 5, 9, 8, 6, 5, 9, 4, 9, 8, 8, 8, 6, 11, 3, 12, 7, 10, 2, 10, 10, 6, 8, 11, 11, 14, 4, 10, 8, 5, 3, 11, 9, 11, 11, 12, 8, 12, 3, 12, 9, 6, 6, 5, 11, 9, 4, 5, 8, 8, 1, 7, 9, 11, 4, 3, 5, 11, 6, 3, 7, 8, 5, 5, 10, 9, 2, 10, 2, 11, 1, 4, 8, 11, 3, 7, 3, 10, 6, 4, 8, 7, 9, 7, 5, 8, 2, 6, 10, 6, 7, 2, 2, 8, 2, 7, 7, 8, 5, 4, 3, 5, 7, 11, 11, 10, 3, 6, 4, 1, 3, 4, 3, 2, 8, 5, 6, 4, 11, 1, 5, 3, 8, 8, 7, 6, 10, 11, 2, 7, 3, 11, 5, 11, 8, 12, 6, 5, 10, 7, 3, 7, 11, 7, 9, 11, 5, 10, 8, 10, 2, 9, 7, 9, 4, 5, 4, 11, 6, 11, 7, 9, 2, 2, 10, 10, 4, 7, 3, 10, 6, 6, 3, 3, 4, 6, 3, 11, 10, 4, 9, 7, 10, 10, 6, 4, 6, 12, 2, 10, 9, 12, 1, 7, 4, 3, 6, 5, 3, 2, 10, 9, 1, 2, 12, 5, 6, 6, 8, 6, 8, 12, 8, 6, 5, 11, 5, 5, 3, 6, 7, 2, 3, 5, 7, 12, 5, 8, 4, 3, 11, 3, 7, 8, 8, 7, 5, 10, 9, 5, 5, 12, 10, 8, 8, 4, 5, 8, 7, 6, 8, 9, 3, 9, 2, 13, 7, 3, 9, 6, 5, 6, 5, 3, 8, 11, 5, 7, 10, 6, 2, 11, 3, 6, 4, 7, 2, 8, 5, 4, 9, 8, 4, 8, 12, 10, 4, 8, 7, 11, 4, 8, 6, 10, 9, 5, 2, 8, 4, 2, 0, 3, 2, 3, 11, 5, 4, 6, 9, 8, 7, 9, 10, 11, 5, 11, 4, 10, 3, 10, 2, 4, 11, 6, 9], dimension=0, value=91.04131720256932, stages=0, time=294.5435260275832}} 
最差解：
Particle{, pBest=Solution{id=0, content=[5, 11, 8, 11, 9, 2, 12, 8, 8, 7, 6, 10, 3, 11, 9, 2, 12, 6, 5, 4, 8, 5, 8, 3, 8, 4, 11, 10, 8, 9, 9, 4, 3, 7, 8, 9, 4, 7, 8, 4, 5, 11, 11, 2, 7, 6, 11, 4, 12, 8, 10, 11, 6, 7, 6, 8, 2, 3, 4, 11, 7, 2, 11, 5, 5, 6, 8, 4, 9, 7, 5, 2, 12, 2, 4, 4, 5, 7, 9, 10, 11, 8, 8, 6, 4, 11, 8, 10, 8, 11, 12, 7, 12, 3, 6, 7, 5, 10, 5, 4, 9, 9, 5, 2, 9, 10, 4, 9, 2, 7, 4, 9, 4, 10, 6, 7, 8, 4, 5, 2, 7, 3, 5, 6, 11, 4, 3, 8, 12, 10, 11, 4, 12, 8, 3, 7, 11, 9, 8, 2, 5, 4, 10, 7, 4, 2, 7, 10, 5, 2, 3, 9, 5, 5, 3, 3, 6, 10, 11, 11, 3, 6, 9, 3, 12, 2, 8, 4, 12, 4, 5, 9, 7, 10, 9, 6, 6, 10, 12, 3, 7, 9, 12, 2, 6, 1, 11, 6, 10, 9, 7, 9, 5, 11, 4, 3, 2, 6, 5, 5, 4, 1, 6, 1, 10, 7, 3, 5, 11, 11, 7, 4, 10, 11, 12, 10, 8, 6, 2, 9, 12, 8, 8, 5, 8, 8, 8, 11, 5, 11, 10, 12, 4, 11, 12, 3, 12, 9, 4, 2, 12, 10, 7, 5, 12, 3, 5, 2, 7, 8, 11, 4, 11, 10, 11, 4, 11, 11, 8, 7, 10, 9, 12, 4, 4, 3, 10, 9, 10, 5, 3, 9, 8, 9, 6, 3, 8, 7, 12, 11, 8, 2, 11, 5, 5, 6, 11, 7, 8, 9, 5, 4, 7, 5, 8, 6, 12, 4, 6, 3, 11, 9, 4, 3, 12, 3, 4, 6, 4, 8, 10, 2, 10, 5, 6, 6, 4, 4, 7, 2, 7, 8, 4, 4, 12, 10, 10, 8, 3, 5, 11, 7, 10, 8, 2, 10, 6, 8, 12, 10, 10, 9, 4, 7, 7, 9, 8, 10, 11, 3, 8, 9, 11, 9, 11, 3, 11, 4, 3, 3, 9, 4, 2, 5, 12, 6, 12, 2, 3, 7, 8, 3, 7, 6, 9, 8, 6, 10, 4, 5, 8, 10, 4, 3, 5, 8, 12, 6, 4, 7, 11, 8, 12, 8, 5, 3, 11, 7, 10, 3, 11, 6, 2, 5, 11, 9, 4, 6, 8, 7, 10, 11, 11, 11, 11, 10, 11, 4, 6, 10, 8, 9, 11, 5, 3, 9, 11, 3, 4, 3, 12, 3, 4, 2, 9, 10, 12, 10, 7, 2, 11, 5, 11, 11, 4, 3, 10, 10, 10, 11, 10, 4, 8, 2, 8, 4, 9, 4, 3, 9, 10, 11, 8, 10, 12, 6, 8, 7, 9, 12, 4, 10, 10, 7, 3, 9, 10, 11, 5, 2, 11, 11, 11, 11, 7, 1, 5, 3, 10, 5], dimension=0, value=90.73491083684196, stages=0, time=0.0}Solution{id=0, content=[5, 11, 8, 11, 9, 2, 12, 8, 8, 7, 6, 10, 3, 11, 9, 2, 12, 6, 5, 4, 8, 5, 8, 3, 8, 4, 11, 10, 8, 9, 9, 4, 3, 7, 8, 9, 4, 7, 8, 4, 5, 11, 11, 2, 7, 6, 11, 4, 12, 8, 10, 11, 6, 7, 6, 8, 2, 3, 4, 11, 7, 2, 11, 5, 5, 6, 8, 4, 9, 7, 5, 2, 12, 2, 4, 4, 5, 7, 9, 10, 11, 8, 8, 6, 4, 11, 8, 10, 8, 11, 12, 7, 12, 3, 6, 7, 5, 10, 5, 4, 9, 9, 5, 2, 9, 10, 4, 9, 2, 7, 4, 9, 4, 10, 6, 7, 8, 4, 5, 2, 7, 3, 5, 6, 11, 4, 3, 8, 12, 10, 11, 4, 12, 8, 3, 7, 11, 9, 8, 2, 5, 4, 10, 7, 4, 2, 7, 10, 5, 2, 3, 9, 5, 5, 3, 3, 6, 10, 11, 11, 3, 6, 9, 3, 12, 2, 8, 4, 12, 4, 5, 9, 7, 10, 9, 6, 6, 10, 12, 3, 7, 9, 12, 2, 6, 1, 11, 6, 10, 9, 7, 9, 5, 11, 4, 3, 2, 6, 5, 5, 4, 1, 6, 1, 10, 7, 3, 5, 11, 11, 7, 4, 10, 11, 12, 10, 8, 6, 2, 9, 12, 8, 8, 5, 8, 8, 8, 11, 5, 11, 10, 12, 4, 11, 12, 3, 12, 9, 4, 2, 12, 10, 7, 5, 12, 3, 5, 2, 7, 8, 11, 4, 11, 10, 11, 4, 11, 11, 8, 7, 10, 9, 12, 4, 4, 3, 10, 9, 10, 5, 3, 9, 8, 9, 6, 3, 8, 7, 12, 11, 8, 2, 11, 5, 5, 6, 11, 7, 8, 9, 5, 4, 7, 5, 8, 6, 12, 4, 6, 3, 11, 9, 4, 3, 12, 3, 4, 6, 4, 8, 10, 2, 10, 5, 6, 6, 4, 4, 7, 2, 7, 8, 4, 4, 12, 10, 10, 8, 3, 5, 11, 7, 10, 8, 2, 10, 6, 8, 12, 10, 10, 9, 4, 7, 7, 9, 8, 10, 11, 3, 8, 9, 11, 9, 11, 3, 11, 4, 3, 3, 9, 4, 2, 5, 12, 6, 12, 2, 3, 7, 8, 3, 7, 6, 9, 8, 6, 10, 4, 5, 8, 10, 4, 3, 5, 8, 12, 6, 4, 7, 11, 8, 12, 8, 5, 3, 11, 7, 10, 3, 11, 6, 2, 5, 11, 9, 4, 6, 8, 7, 10, 11, 11, 11, 11, 10, 11, 4, 6, 10, 8, 9, 11, 5, 3, 9, 11, 3, 4, 3, 12, 3, 4, 2, 9, 10, 12, 10, 7, 2, 11, 5, 11, 11, 4, 3, 10, 10, 10, 11, 10, 4, 8, 2, 8, 4, 9, 4, 3, 9, 10, 11, 8, 10, 12, 6, 8, 7, 9, 12, 4, 10, 10, 7, 3, 9, 10, 11, 5, 2, 11, 11, 11, 11, 7, 1, 5, 3, 10, 5], dimension=0, value=90.73491083684196, stages=0, time=297.37666493471284}} 
91.13344806396942,91.86635350622166,90.36321587393269,
DNSPSO统计信息：
size = 50
iters = 5000
nfes = 250000
sum = 273.3630174441238
min = 90.36321587393269
max = 91.86635350622166
mean = 91.12100581470793
std = 0.7516460553850034
totaltime = 221.326s
avgtime = 73.77533333333334s
最优解：
Particle{, pBest=Solution{id=0, content=[3, 0, 9, 2, 8, 4, 9, 11, 12, 3, 11, 9, 12, 9, 11, 4, 11, 11, 12, 9, 2, 3, 11, 1, 3, 4, 2, 12, 8, 10, 11, 4, 8, 3, 10, 8, 9, 2, 11, 9, 2, 9, 10, 10, 8, 7, 5, 5, 3, 9, 8, 12, 11, 1, 8, 5, 6, 3, 7, 4, 7, 2, 2, 9, 6, 5, 12, 8, 7, 2, 5, 9, 8, 10, 2, 2, 9, 8, 12, 10, 9, 10, 10, 8, 3, 8, 5, 2, 9, 10, 8, 8, 8, 4, 2, 5, 9, 1, 6, 9, 5, 3, 4, 10, 11, 8, 11, 2, 7, 4, 11, 11, 12, 4, 9, 10, 11, 2, 2, 8, 8, 9, 12, 10, 10, 3, 4, 1, 3, 7, 10, 6, 7, 6, 3, 6, 11, 5, 6, 8, 4, 1, 11, 11, 11, 4, 5, 9, 5, 6, 8, 5, 4, 3, 9, 10, 11, 8, 11, 4, 4, 2, 6, 3, 6, 5, 9, 8, 8, 3, 10, 8, 4, 2, 12, 10, 4, 8, 8, 10, 8, 5, 8, 8, 1, 6, 11, 11, 12, 5, 11, 7, 8, 7, 8, 4, 9, 11, 11, 3, 11, 4, 9, 10, 12, 5, 12, 3, 7, 2, 11, 7, 12, 3, 12, 10, 11, 5, 11, 3, 10, 10, 6, 5, 10, 3, 5, 2, 7, 2, 12, 1, 2, 10, 4, 4, 2, 9, 11, 1, 11, 3, 11, 5, 9, 4, 5, 10, 3, 3, 8, 6, 4, 10, 5, 9, 10, 6, 8, 10, 10, 7, 8, 3, 9, 2, 4, 1, 3, 4, 2, 2, 6, 11, 8, 5, 6, 6, 2, 8, 9, 2, 7, 9, 9, 9, 8, 8, 10, 9, 12, 8, 9, 12, 2, 9, 8, 9, 10, 2, 5, 7, 11, 11, 3, 8, 3, 7, 8, 5, 5, 8, 7, 9, 10, 11, 1, 1, 3, 3, 6, 10, 7, 9, 6, 10, 11, 10, 10, 11, 2, 8, 4, 2, 5, 7, 3, 3, 8, 11, 10, 4, 10, 7, 9, 4, 11, 3, 12, 3, 9, 10, 9, 10, 12, 2, 8, 2, 9, 9, 8, 9, 12, 7, 11, 5, 9, 12, 2, 8, 8, 6, 12, 12, 4, 7, 11, 4, 11, 9, 11, 11, 4, 5, 11, 1, 10, 3, 8, 1, 11, 8, 8, 2, 11, 4, 11, 9, 6, 5, 11, 5, 9, 8, 10, 10, 6, 4, 6, 3, 9, 11, 3, 3, 4, 3, 10, 8, 11, 5, 8, 2, 4, 7, 10, 10, 8, 6, 2, 11, 11, 8, 10, 2, 7, 8, 8, 6, 8, 10, 2, 3, 6, 8, 3, 7, 7, 9, 10, 9, 11, 11, 10, 4, 9, 4, 11, 8, 11, 5, 11, 11, 11, 3, 3, 6, 8, 11, 12, 5, 5, 2, 7, 11, 5, 11, 11, 12, 12, 2, 5, 12, 11, 3, 3, 6, 5, 3, 6, 10], dimension=0, value=91.86635350622166, stages=0, time=0.0}Solution{id=0, content=[3, 0, 9, 2, 8, 4, 9, 11, 12, 3, 11, 9, 12, 9, 11, 4, 11, 11, 12, 9, 2, 3, 11, 1, 3, 4, 2, 12, 8, 10, 11, 4, 8, 3, 10, 8, 9, 2, 11, 9, 2, 9, 10, 10, 8, 7, 5, 5, 3, 9, 8, 12, 11, 1, 8, 5, 6, 3, 7, 4, 7, 2, 2, 9, 6, 5, 12, 8, 7, 2, 5, 9, 8, 10, 2, 2, 9, 8, 12, 10, 9, 10, 10, 8, 3, 8, 5, 2, 9, 10, 8, 8, 8, 4, 2, 5, 9, 1, 6, 9, 5, 3, 4, 10, 11, 8, 11, 2, 7, 4, 11, 11, 12, 4, 9, 10, 11, 2, 2, 8, 8, 9, 12, 10, 10, 3, 4, 1, 3, 7, 10, 6, 7, 6, 3, 6, 11, 5, 6, 8, 4, 1, 11, 11, 11, 4, 5, 9, 5, 6, 8, 5, 4, 3, 9, 10, 11, 8, 11, 4, 4, 2, 6, 3, 6, 5, 9, 8, 8, 3, 10, 8, 4, 2, 12, 10, 4, 8, 8, 10, 8, 5, 8, 8, 1, 6, 11, 11, 12, 5, 11, 7, 8, 7, 8, 4, 9, 11, 11, 3, 11, 4, 9, 10, 12, 5, 12, 3, 7, 2, 11, 7, 12, 3, 12, 10, 11, 5, 11, 3, 10, 10, 6, 5, 10, 3, 5, 2, 7, 2, 12, 1, 2, 10, 4, 4, 2, 9, 11, 1, 11, 3, 11, 5, 9, 4, 5, 10, 3, 3, 8, 6, 4, 10, 5, 9, 10, 6, 8, 10, 10, 7, 8, 3, 9, 2, 4, 1, 3, 4, 2, 2, 6, 11, 8, 5, 6, 6, 2, 8, 9, 2, 7, 9, 9, 9, 8, 8, 10, 9, 12, 8, 9, 12, 2, 9, 8, 9, 10, 2, 5, 7, 11, 11, 3, 8, 3, 7, 8, 5, 5, 8, 7, 9, 10, 11, 1, 1, 3, 3, 6, 10, 7, 9, 6, 10, 11, 10, 10, 11, 2, 8, 4, 2, 5, 7, 3, 3, 8, 11, 10, 4, 10, 7, 9, 4, 11, 3, 12, 3, 9, 10, 9, 10, 12, 2, 8, 2, 9, 9, 8, 9, 12, 7, 11, 5, 9, 12, 2, 8, 8, 6, 12, 12, 4, 7, 11, 4, 11, 9, 11, 11, 4, 5, 11, 1, 10, 3, 8, 1, 11, 8, 8, 2, 11, 4, 11, 9, 6, 5, 11, 5, 9, 8, 10, 10, 6, 4, 6, 3, 9, 11, 3, 3, 4, 3, 10, 8, 11, 5, 8, 2, 4, 7, 10, 10, 8, 6, 2, 11, 11, 8, 10, 2, 7, 8, 8, 6, 8, 10, 2, 3, 6, 8, 3, 7, 7, 9, 10, 9, 11, 11, 10, 4, 9, 4, 11, 8, 11, 5, 11, 11, 11, 3, 3, 6, 8, 11, 12, 5, 5, 2, 7, 11, 5, 11, 11, 12, 12, 2, 5, 12, 11, 3, 3, 6, 5, 3, 6, 10], dimension=0, value=91.86635350622166, stages=0, time=294.48645080919243}} 
最差解：
Particle{, pBest=Solution{id=0, content=[8, 7, 11, 1, 2, 4, 11, 10, 6, 10, 6, 3, 11, 6, 9, 9, 5, 4, 5, 8, 5, 7, 12, 6, 11, 8, 11, 9, 8, 8, 12, 2, 12, 9, 5, 7, 5, 5, 13, 7, 11, 8, 8, 8, 7, 3, 13, 7, 11, 11, 10, 3, 10, 11, 4, 8, 8, 10, 5, 1, 6, 9, 8, 1, 4, 8, 10, 4, 11, 5, 4, 5, 3, 2, 8, 10, 13, 2, 5, 1, 7, 8, 7, 11, 11, 5, 3, 9, 11, 8, 2, 9, 4, 8, 9, 6, 8, 1, 12, 6, 11, 5, 8, 9, 4, 9, 8, 2, 10, 9, 2, 9, 12, 3, 2, 11, 4, 6, 11, 3, 3, 9, 12, 10, 4, 10, 11, 8, 3, 5, 11, 10, 8, 11, 9, 6, 2, 7, 8, 10, 10, 8, 9, 10, 10, 10, 5, 9, 3, 5, 11, 2, 8, 10, 8, 3, 11, 6, 7, 7, 6, 2, 7, 8, 6, 3, 2, 11, 9, 2, 8, 10, 12, 6, 11, 6, 12, 8, 8, 10, 6, 2, 9, 6, 5, 11, 6, 2, 6, 9, 4, 3, 7, 9, 3, 8, 7, 2, 6, 8, 7, 5, 8, 5, 9, 1, 10, 3, 11, 1, 11, 9, 7, 3, 8, 8, 2, 10, 11, 7, 2, 9, 1, 9, 11, 8, 8, 8, 11, 9, 11, 3, 3, 7, 5, 2, 8, 10, 4, 7, 6, 11, 9, 1, 9, 2, 11, 7, 6, 5, 6, 3, 10, 1, 3, 4, 8, 7, 1, 11, 6, 5, 6, 5, 12, 10, 11, 8, 3, 2, 5, 7, 5, 5, 14, 2, 5, 3, 6, 5, 9, 6, 11, 11, 3, 2, 12, 2, 6, 2, 9, 6, 5, 8, 10, 5, 7, 7, 8, 10, 12, 10, 10, 6, 5, 9, 6, 7, 3, 8, 4, 2, 11, 1, 10, 7, 6, 11, 3, 7, 11, 5, 12, 10, 11, 7, 8, 10, 2, 11, 3, 2, 10, 7, 10, 5, 11, 9, 3, 5, 9, 5, 5, 7, 12, 3, 4, 9, 8, 1, 7, 4, 4, 9, 10, 7, 11, 5, 6, 5, 9, 3, 5, 1, 9, 10, 2, 7, 3, 7, 6, 7, 8, 6, 12, 3, 8, 6, 2, 11, 12, 5, 8, 9, 10, 6, 2, 5, 11, 3, 4, 11, 12, 2, 2, 8, 2, 5, 11, 8, 7, 10, 9, 2, 1, 7, 14, 9, 10, 8, 12, 1, 8, 10, 10, 3, 8, 3, 8, 5, 2, 9, 8, 9, 3, 2, 10, 9, 11, 3, 11, 6, 10, 7, 3, 9, 8, 1, 6, 6, 5, 7, 6, 6, 11, 8, 8, 8, 3, 6, 8, 4, 8, 10, 7, 9, 11, 7, 11, 2, 7, 4, 4, 5, 8, 5, 4, 8, 3, 2, 10, 5, 4, 2, 3, 11, 4, 8, 11, 6, 5, 8, 10, 9, 11, 6, 2, 10, 4, 10], dimension=0, value=90.36321587393269, stages=0, time=0.0}Solution{id=0, content=[8, 7, 11, 1, 2, 4, 11, 10, 6, 10, 6, 3, 11, 6, 9, 9, 5, 4, 5, 8, 5, 7, 12, 6, 11, 8, 11, 9, 8, 8, 12, 2, 12, 9, 5, 7, 5, 5, 13, 7, 11, 8, 8, 8, 7, 3, 13, 7, 11, 11, 10, 3, 10, 11, 4, 8, 8, 10, 5, 1, 6, 9, 8, 1, 4, 8, 10, 4, 11, 5, 4, 5, 3, 2, 8, 10, 13, 2, 5, 1, 7, 8, 7, 11, 11, 5, 3, 9, 11, 8, 2, 9, 4, 8, 9, 6, 8, 1, 12, 6, 11, 5, 8, 9, 4, 9, 8, 2, 10, 9, 2, 9, 12, 3, 2, 11, 4, 6, 11, 3, 3, 9, 12, 10, 4, 10, 11, 8, 3, 5, 11, 10, 8, 11, 9, 6, 2, 7, 8, 10, 10, 8, 9, 10, 10, 10, 5, 9, 3, 5, 11, 2, 8, 10, 8, 3, 11, 6, 7, 7, 6, 2, 7, 8, 6, 3, 2, 11, 9, 2, 8, 10, 12, 6, 11, 6, 12, 8, 8, 10, 6, 2, 9, 6, 5, 11, 6, 2, 6, 9, 4, 3, 7, 9, 3, 8, 7, 2, 6, 8, 7, 5, 8, 5, 9, 1, 10, 3, 11, 1, 11, 9, 7, 3, 8, 8, 2, 10, 11, 7, 2, 9, 1, 9, 11, 8, 8, 8, 11, 9, 11, 3, 3, 7, 5, 2, 8, 10, 4, 7, 6, 11, 9, 1, 9, 2, 11, 7, 6, 5, 6, 3, 10, 1, 3, 4, 8, 7, 1, 11, 6, 5, 6, 5, 12, 10, 11, 8, 3, 2, 5, 7, 5, 5, 14, 2, 5, 3, 6, 5, 9, 6, 11, 11, 3, 2, 12, 2, 6, 2, 9, 6, 5, 8, 10, 5, 7, 7, 8, 10, 12, 10, 10, 6, 5, 9, 6, 7, 3, 8, 4, 2, 11, 1, 10, 7, 6, 11, 3, 7, 11, 5, 12, 10, 11, 7, 8, 10, 2, 11, 3, 2, 10, 7, 10, 5, 11, 9, 3, 5, 9, 5, 5, 7, 12, 3, 4, 9, 8, 1, 7, 4, 4, 9, 10, 7, 11, 5, 6, 5, 9, 3, 5, 1, 9, 10, 2, 7, 3, 7, 6, 7, 8, 6, 12, 3, 8, 6, 2, 11, 12, 5, 8, 9, 10, 6, 2, 5, 11, 3, 4, 11, 12, 2, 2, 8, 2, 5, 11, 8, 7, 10, 9, 2, 1, 7, 14, 9, 10, 8, 12, 1, 8, 10, 10, 3, 8, 3, 8, 5, 2, 9, 8, 9, 3, 2, 10, 9, 11, 3, 11, 6, 10, 7, 3, 9, 8, 1, 6, 6, 5, 7, 6, 6, 11, 8, 8, 8, 3, 6, 8, 4, 8, 10, 7, 9, 11, 7, 11, 2, 7, 4, 4, 5, 8, 5, 4, 8, 3, 2, 10, 5, 4, 2, 3, 11, 4, 8, 11, 6, 5, 8, 10, 9, 11, 6, 2, 10, 4, 10], dimension=0, value=90.36321587393269, stages=0, time=299.3836397731988}} 
90.25338956548426,91.16853949671854,90.95685096041952,91.10673858209545,91.21804640401163,90.53446163615577,91.16595691277547,91.51495870036935,90.72349202120986,91.24536915742567,
DNSPSO统计信息：
size = 50
iters = 5000
nfes = 250000
sum = 909.8878034366655
min = 90.25338956548426
max = 91.51495870036935
mean = 90.98878034366655
std = 0.37881187192055504
totaltime = 749.715s
avgtime = 74.9715s
最优解：
Particle{, pBest=Solution{id=0, content=[5, 6, 2, 5, 10, 10, 9, 11, 8, 6, 8, 8, 2, 8, 7, 4, 9, 8, 10, 11, 11, 8, 3, 10, 6, 8, 6, 5, 10, 7, 11, 6, 5, 3, 2, 2, 10, 6, 6, 6, 8, 6, 8, 5, 8, 2, 6, 3, 9, 5, 8, 9, 8, 8, 8, 9, 8, 8, 4, 3, 4, 6, 7, 6, 3, 7, 11, 11, 3, 9, 6, 10, 4, 10, 8, 5, 4, 6, 11, 10, 11, 3, 2, 5, 9, 5, 8, 6, 11, 3, 8, 5, 11, 10, 8, 4, 6, 7, 2, 8, 11, 4, 3, 9, 10, 11, 10, 3, 7, 4, 12, 3, 7, 2, 8, 4, 4, 9, 5, 9, 4, 10, 6, 8, 11, 4, 6, 3, 6, 3, 8, 10, 2, 4, 10, 9, 11, 6, 4, 5, 3, 10, 11, 10, 2, 10, 8, 12, 11, 7, 8, 8, 1, 5, 9, 2, 3, 6, 8, 2, 4, 2, 9, 10, 10, 7, 3, 3, 6, 8, 6, 10, 8, 8, 11, 10, 9, 10, 5, 9, 12, 2, 11, 3, 4, 2, 5, 7, 3, 10, 11, 3, 11, 5, 4, 9, 8, 3, 2, 4, 8, 2, 2, 11, 8, 3, 8, 2, 10, 7, 10, 3, 8, 2, 10, 2, 8, 7, 8, 2, 11, 10, 9, 7, 4, 8, 8, 9, 9, 2, 11, 2, 11, 6, 12, 6, 5, 10, 4, 5, 3, 2, 7, 4, 6, 3, 10, 9, 8, 7, 8, 10, 11, 4, 7, 9, 9, 9, 3, 7, 10, 7, 12, 6, 2, 4, 8, 9, 7, 5, 7, 6, 8, 7, 8, 10, 11, 6, 9, 3, 11, 5, 5, 4, 12, 6, 12, 4, 9, 7, 2, 6, 8, 5, 6, 4, 3, 9, 11, 5, 4, 6, 12, 9, 8, 10, 2, 7, 8, 2, 8, 2, 4, 5, 9, 10, 1, 10, 11, 8, 8, 10, 3, 9, 8, 1, 2, 7, 2, 10, 4, 9, 8, 3, 6, 8, 9, 2, 8, 7, 11, 5, 2, 11, 6, 8, 3, 3, 5, 12, 7, 6, 8, 6, 8, 3, 9, 4, 2, 7, 7, 10, 12, 10, 10, 9, 5, 7, 8, 9, 3, 9, 3, 8, 6, 7, 5, 1, 9, 8, 10, 7, 3, 8, 6, 5, 11, 3, 8, 2, 9, 7, 8, 8, 5, 5, 9, 1, 8, 9, 8, 4, 12, 6, 2, 5, 4, 4, 9, 8, 7, 4, 3, 9, 9, 10, 11, 8, 5, 5, 10, 8, 8, 12, 5, 8, 1, 5, 8, 9, 11, 5, 11, 5, 2, 3, 6, 3, 5, 9, 9, 2, 8, 4, 2, 2, 10, 6, 9, 6, 7, 7, 10, 2, 7, 8, 2, 10, 5, 8, 2, 9, 5, 5, 8, 2, 10, 4, 6, 9, 9, 4, 8, 5, 5, 4, 11, 7, 11, 7, 2, 8, 10, 2, 6, 7, 4, 11, 4, 6], dimension=0, value=91.51495870036935, stages=0, time=0.0}Solution{id=0, content=[5, 6, 2, 5, 10, 10, 9, 11, 8, 6, 8, 8, 2, 8, 7, 4, 9, 8, 10, 11, 11, 8, 3, 10, 6, 8, 6, 5, 10, 7, 11, 6, 5, 3, 2, 2, 10, 6, 6, 6, 8, 6, 8, 5, 8, 2, 6, 3, 9, 5, 8, 9, 8, 8, 8, 9, 8, 8, 4, 3, 4, 6, 7, 6, 3, 7, 11, 11, 3, 9, 6, 10, 4, 10, 8, 5, 4, 6, 11, 10, 11, 3, 2, 5, 9, 5, 8, 6, 11, 3, 8, 5, 11, 10, 8, 4, 6, 7, 2, 8, 11, 4, 3, 9, 10, 11, 10, 3, 7, 4, 12, 3, 7, 2, 8, 4, 4, 9, 5, 9, 4, 10, 6, 8, 11, 4, 6, 3, 6, 3, 8, 10, 2, 4, 10, 9, 11, 6, 4, 5, 3, 10, 11, 10, 2, 10, 8, 12, 11, 7, 8, 8, 1, 5, 9, 2, 3, 6, 8, 2, 4, 2, 9, 10, 10, 7, 3, 3, 6, 8, 6, 10, 8, 8, 11, 10, 9, 10, 5, 9, 12, 2, 11, 3, 4, 2, 5, 7, 3, 10, 11, 3, 11, 5, 4, 9, 8, 3, 2, 4, 8, 2, 2, 11, 8, 3, 8, 2, 10, 7, 10, 3, 8, 2, 10, 2, 8, 7, 8, 2, 11, 10, 9, 7, 4, 8, 8, 9, 9, 2, 11, 2, 11, 6, 12, 6, 5, 10, 4, 5, 3, 2, 7, 4, 6, 3, 10, 9, 8, 7, 8, 10, 11, 4, 7, 9, 9, 9, 3, 7, 10, 7, 12, 6, 2, 4, 8, 9, 7, 5, 7, 6, 8, 7, 8, 10, 11, 6, 9, 3, 11, 5, 5, 4, 12, 6, 12, 4, 9, 7, 2, 6, 8, 5, 6, 4, 3, 9, 11, 5, 4, 6, 12, 9, 8, 10, 2, 7, 8, 2, 8, 2, 4, 5, 9, 10, 1, 10, 11, 8, 8, 10, 3, 9, 8, 1, 2, 7, 2, 10, 4, 9, 8, 3, 6, 8, 9, 2, 8, 7, 11, 5, 2, 11, 6, 8, 3, 3, 5, 12, 7, 6, 8, 6, 8, 3, 9, 4, 2, 7, 7, 10, 12, 10, 10, 9, 5, 7, 8, 9, 3, 9, 3, 8, 6, 7, 5, 1, 9, 8, 10, 7, 3, 8, 6, 5, 11, 3, 8, 2, 9, 7, 8, 8, 5, 5, 9, 1, 8, 9, 8, 4, 12, 6, 2, 5, 4, 4, 9, 8, 7, 4, 3, 9, 9, 10, 11, 8, 5, 5, 10, 8, 8, 12, 5, 8, 1, 5, 8, 9, 11, 5, 11, 5, 2, 3, 6, 3, 5, 9, 9, 2, 8, 4, 2, 2, 10, 6, 9, 6, 7, 7, 10, 2, 7, 8, 2, 10, 5, 8, 2, 9, 5, 5, 8, 2, 10, 4, 6, 9, 9, 4, 8, 5, 5, 4, 11, 7, 11, 7, 2, 8, 10, 2, 6, 7, 4, 11, 4, 6], dimension=0, value=91.51495870036935, stages=0, time=296.5358350462992}} 
最差解：
Particle{, pBest=Solution{id=0, content=[7, 1, 5, 5, 8, 3, 12, 3, 3, 10, 10, 9, 5, 9, 6, 12, 3, 2, 8, 11, 11, 2, 8, 9, 8, 2, 8, 3, 6, 7, 6, 4, 8, 11, 10, 1, 4, 7, 8, 5, 12, 3, 11, 7, 11, 3, 10, 5, 10, 8, 5, 10, 7, 10, 11, 7, 8, 1, 11, 9, 8, 1, 7, 12, 4, 3, 8, 3, 5, 10, 4, 5, 4, 10, 4, 3, 11, 11, 9, 10, 10, 3, 11, 3, 1, 10, 5, 4, 2, 4, 2, 11, 5, 6, 10, 8, 5, 9, 6, 7, 6, 10, 5, 9, 8, 3, 4, 8, 8, 0, 10, 7, 6, 8, 3, 9, 5, 7, 10, 4, 6, 7, 9, 9, 11, 2, 2, 9, 11, 5, 6, 4, 9, 11, 10, 5, 12, 3, 5, 5, 6, 9, 10, 2, 7, 9, 10, 10, 10, 10, 8, 3, 6, 3, 3, 9, 9, 2, 3, 11, 4, 9, 10, 3, 2, 3, 10, 11, 8, 4, 2, 3, 8, 8, 11, 10, 12, 8, 4, 7, 2, 5, 6, 9, 5, 5, 12, 8, 3, 8, 4, 8, 5, 7, 8, 6, 12, 8, 4, 10, 6, 5, 11, 11, 9, 10, 5, 11, 9, 2, 2, 5, 3, 9, 8, 2, 10, 2, 11, 7, 11, 10, 7, 0, 7, 2, 11, 11, 11, 5, 8, 8, 6, 8, 8, 1, 2, 3, 11, 9, 10, 9, 6, 2, 7, 3, 4, 4, 3, 2, 3, 6, 10, 11, 5, 9, 7, 9, 8, 1, 8, 7, 8, 6, 8, 6, 4, 11, 6, 2, 11, 8, 4, 11, 9, 4, 2, 7, 9, 7, 1, 10, 3, 7, 12, 6, 11, 10, 8, 12, 8, 7, 9, 5, 8, 3, 11, 12, 7, 11, 4, 3, 6, 3, 4, 8, 11, 4, 5, 8, 4, 2, 7, 8, 6, 4, 8, 10, 11, 10, 9, 10, 2, 2, 11, 8, 5, 8, 4, 1, 11, 9, 2, 11, 8, 5, 7, 7, 6, 5, 7, 1, 8, 8, 3, 9, 1, 8, 11, 11, 11, 2, 10, 6, 2, 3, 11, 8, 4, 8, 8, 7, 10, 10, 11, 7, 11, 0, 5, 10, 10, 3, 8, 8, 6, 9, 7, 3, 3, 9, 10, 10, 11, 1, 11, 4, 11, 10, 11, 2, 10, 10, 8, 5, 4, 6, 11, 2, 7, 10, 10, 11, 11, 8, 10, 6, 11, 5, 12, 11, 8, 8, 6, 7, 11, 9, 5, 11, 5, 8, 7, 9, 7, 2, 5, 4, 10, 3, 10, 11, 8, 11, 11, 8, 8, 3, 8, 8, 11, 9, 11, 1, 11, 6, 12, 3, 11, 3, 5, 4, 8, 10, 11, 4, 6, 2, 11, 3, 5, 2, 9, 10, 5, 9, 3, 10, 6, 7, 3, 7, 10, 2, 8, 7, 9, 10, 9, 7, 10, 2, 10, 0, 2, 9, 7, 6, 11, 5, 8, 2], dimension=0, value=90.25338956548426, stages=0, time=0.0}Solution{id=0, content=[7, 1, 5, 5, 8, 3, 12, 3, 3, 10, 10, 9, 5, 9, 6, 12, 3, 2, 8, 11, 11, 2, 8, 9, 8, 2, 8, 3, 6, 7, 6, 4, 8, 11, 10, 1, 4, 7, 8, 5, 12, 3, 11, 7, 11, 3, 10, 5, 10, 8, 5, 10, 7, 10, 11, 7, 8, 1, 11, 9, 8, 1, 7, 12, 4, 3, 8, 3, 5, 10, 4, 5, 4, 10, 4, 3, 11, 11, 9, 10, 10, 3, 11, 3, 1, 10, 5, 4, 2, 4, 2, 11, 5, 6, 10, 8, 5, 9, 6, 7, 6, 10, 5, 9, 8, 3, 4, 8, 8, 0, 10, 7, 6, 8, 3, 9, 5, 7, 10, 4, 6, 7, 9, 9, 11, 2, 2, 9, 11, 5, 6, 4, 9, 11, 10, 5, 12, 3, 5, 5, 6, 9, 10, 2, 7, 9, 10, 10, 10, 10, 8, 3, 6, 3, 3, 9, 9, 2, 3, 11, 4, 9, 10, 3, 2, 3, 10, 11, 8, 4, 2, 3, 8, 8, 11, 10, 12, 8, 4, 7, 2, 5, 6, 9, 5, 5, 12, 8, 3, 8, 4, 8, 5, 7, 8, 6, 12, 8, 4, 10, 6, 5, 11, 11, 9, 10, 5, 11, 9, 2, 2, 5, 3, 9, 8, 2, 10, 2, 11, 7, 11, 10, 7, 0, 7, 2, 11, 11, 11, 5, 8, 8, 6, 8, 8, 1, 2, 3, 11, 9, 10, 9, 6, 2, 7, 3, 4, 4, 3, 2, 3, 6, 10, 11, 5, 9, 7, 9, 8, 1, 8, 7, 8, 6, 8, 6, 4, 11, 6, 2, 11, 8, 4, 11, 9, 4, 2, 7, 9, 7, 1, 10, 3, 7, 12, 6, 11, 10, 8, 12, 8, 7, 9, 5, 8, 3, 11, 12, 7, 11, 4, 3, 6, 3, 4, 8, 11, 4, 5, 8, 4, 2, 7, 8, 6, 4, 8, 10, 11, 10, 9, 10, 2, 2, 11, 8, 5, 8, 4, 1, 11, 9, 2, 11, 8, 5, 7, 7, 6, 5, 7, 1, 8, 8, 3, 9, 1, 8, 11, 11, 11, 2, 10, 6, 2, 3, 11, 8, 4, 8, 8, 7, 10, 10, 11, 7, 11, 0, 5, 10, 10, 3, 8, 8, 6, 9, 7, 3, 3, 9, 10, 10, 11, 1, 11, 4, 11, 10, 11, 2, 10, 10, 8, 5, 4, 6, 11, 2, 7, 10, 10, 11, 11, 8, 10, 6, 11, 5, 12, 11, 8, 8, 6, 7, 11, 9, 5, 11, 5, 8, 7, 9, 7, 2, 5, 4, 10, 3, 10, 11, 8, 11, 11, 8, 8, 3, 8, 8, 11, 9, 11, 1, 11, 6, 12, 3, 11, 3, 5, 4, 8, 10, 11, 4, 6, 2, 11, 3, 5, 2, 9, 10, 5, 9, 3, 10, 6, 7, 3, 7, 10, 2, 8, 7, 9, 10, 9, 7, 10, 2, 10, 0, 2, 9, 7, 6, 11, 5, 8, 2], dimension=0, value=90.25338956548426, stages=0, time=296.7674865675215}} 
91.39149389998045,90.76993089306474,90.8217241717751,91.03355566101871,90.3430909586514,90.04517490135451,90.67869242450092,90.36458023871576,90.36036879777613,90.88405532650273,
DNSPSO统计信息：
size = 50
iters = 4000
nfes = 200000
sum = 906.6926672733405
min = 90.04517490135451
max = 91.39149389998045
mean = 90.66926672733405
std = 0.3969398324688365
totaltime = 596.529s
avgtime = 59.6529s
最优解：
Particle{, pBest=Solution{id=0, content=[11, 4, 5, 9, 5, 0, 11, 11, 10, 9, 11, 3, 7, 10, 12, 3, 8, 10, 2, 11, 12, 10, 3, 11, 5, 9, 4, 10, 9, 9, 11, 10, 10, 10, 11, 8, 9, 3, 12, 11, 11, 11, 10, 3, 4, 5, 11, 7, 5, 3, 12, 10, 12, 4, 8, 2, 11, 12, 8, 4, 11, 11, 2, 0, 9, 9, 8, 11, 8, 0, 11, 7, 10, 3, 6, 12, 10, 6, 8, 10, 12, 3, 11, 3, 12, 8, 8, 5, 2, 4, 9, 6, 8, 12, 8, 5, 11, 2, 11, 8, 7, 10, 10, 5, 8, 6, 5, 9, 3, 7, 8, 1, 12, 3, 8, 6, 12, 10, 11, 6, 2, 2, 10, 8, 5, 9, 8, 11, 11, 5, 8, 4, 12, 7, 9, 5, 12, 5, 11, 8, 8, 9, 10, 1, 11, 10, 11, 11, 11, 11, 9, 1, 6, 1, 3, 8, 11, 11, 2, 10, 8, 7, 2, 10, 11, 6, 8, 5, 7, 4, 7, 9, 3, 10, 9, 11, 11, 2, 10, 2, 7, 6, 11, 9, 8, 1, 10, 8, 5, 5, 3, 3, 8, 7, 8, 0, 4, 9, 7, 10, 7, 10, 11, 9, 12, 11, 7, 11, 11, 11, 8, 12, 8, 2, 8, 6, 2, 10, 8, 4, 3, 11, 7, 4, 9, 5, 10, 4, 2, 2, 11, 7, 8, 10, 5, 8, 4, 5, 12, 8, 7, 10, 11, 12, 9, 2, 2, 1, 12, 8, 4, 4, 10, 9, 8, 1, 10, 9, 11, 6, 7, 8, 7, 9, 9, 2, 11, 7, 5, 11, 10, 5, 10, 11, 4, 10, 4, 4, 12, 8, 7, 3, 11, 1, 2, 9, 9, 4, 8, 9, 4, 7, 11, 4, 11, 7, 3, 8, 5, 11, 11, 8, 10, 1, 7, 10, 8, 3, 10, 1, 11, 8, 12, 6, 12, 10, 9, 9, 11, 4, 12, 2, 11, 5, 8, 3, 9, 5, 9, 7, 8, 4, 12, 2, 6, 5, 11, 7, 11, 11, 5, 8, 10, 3, 4, 3, 5, 5, 3, 10, 2, 8, 9, 12, 4, 8, 9, 4, 2, 4, 11, 12, 7, 12, 11, 2, 12, 3, 10, 9, 11, 11, 11, 6, 5, 6, 10, 7, 5, 3, 4, 2, 11, 7, 5, 11, 4, 11, 11, 6, 9, 9, 8, 0, 4, 9, 2, 6, 11, 8, 2, 2, 10, 9, 10, 7, 6, 5, 6, 8, 8, 8, 8, 5, 8, 4, 11, 4, 8, 7, 11, 2, 12, 1, 12, 10, 8, 2, 11, 3, 8, 9, 3, 11, 4, 6, 4, 2, 10, 1, 11, 9, 8, 6, 10, 10, 10, 4, 9, 4, 12, 10, 11, 9, 12, 8, 7, 12, 9, 2, 10, 9, 2, 9, 11, 7, 8, 6, 2, 3, 6, 2, 12, 9, 6, 8, 6, 11, 9, 10, 11, 2, 11, 6, 5, 2, 9, 2, 8, 9], dimension=0, value=91.39149389998045, stages=0, time=0.0}Solution{id=0, content=[11, 4, 5, 9, 5, 0, 11, 11, 10, 9, 11, 3, 7, 10, 12, 3, 8, 10, 2, 11, 12, 10, 3, 11, 5, 9, 4, 10, 9, 9, 11, 10, 10, 10, 11, 8, 9, 3, 12, 11, 11, 11, 10, 3, 4, 5, 11, 7, 5, 3, 12, 10, 12, 4, 8, 2, 11, 12, 8, 4, 11, 11, 2, 0, 9, 9, 8, 11, 8, 0, 11, 7, 10, 3, 6, 12, 10, 6, 8, 10, 12, 3, 11, 3, 12, 8, 8, 5, 2, 4, 9, 6, 8, 12, 8, 5, 11, 2, 11, 8, 7, 10, 10, 5, 8, 6, 5, 9, 3, 7, 8, 1, 12, 3, 8, 6, 12, 10, 11, 6, 2, 2, 10, 8, 5, 9, 8, 11, 11, 5, 8, 4, 12, 7, 9, 5, 12, 5, 11, 8, 8, 9, 10, 1, 11, 10, 11, 11, 11, 11, 9, 1, 6, 1, 3, 8, 11, 11, 2, 10, 8, 7, 2, 10, 11, 6, 8, 5, 7, 4, 7, 9, 3, 10, 9, 11, 11, 2, 10, 2, 7, 6, 11, 9, 8, 1, 10, 8, 5, 5, 3, 3, 8, 7, 8, 0, 4, 9, 7, 10, 7, 10, 11, 9, 12, 11, 7, 11, 11, 11, 8, 12, 8, 2, 8, 6, 2, 10, 8, 4, 3, 11, 7, 4, 9, 5, 10, 4, 2, 2, 11, 7, 8, 10, 5, 8, 4, 5, 12, 8, 7, 10, 11, 12, 9, 2, 2, 1, 12, 8, 4, 4, 10, 9, 8, 1, 10, 9, 11, 6, 7, 8, 7, 9, 9, 2, 11, 7, 5, 11, 10, 5, 10, 11, 4, 10, 4, 4, 12, 8, 7, 3, 11, 1, 2, 9, 9, 4, 8, 9, 4, 7, 11, 4, 11, 7, 3, 8, 5, 11, 11, 8, 10, 1, 7, 10, 8, 3, 10, 1, 11, 8, 12, 6, 12, 10, 9, 9, 11, 4, 12, 2, 11, 5, 8, 3, 9, 5, 9, 7, 8, 4, 12, 2, 6, 5, 11, 7, 11, 11, 5, 8, 10, 3, 4, 3, 5, 5, 3, 10, 2, 8, 9, 12, 4, 8, 9, 4, 2, 4, 11, 12, 7, 12, 11, 2, 12, 3, 10, 9, 11, 11, 11, 6, 5, 6, 10, 7, 5, 3, 4, 2, 11, 7, 5, 11, 4, 11, 11, 6, 9, 9, 8, 0, 4, 9, 2, 6, 11, 8, 2, 2, 10, 9, 10, 7, 6, 5, 6, 8, 8, 8, 8, 5, 8, 4, 11, 4, 8, 7, 11, 2, 12, 1, 12, 10, 8, 2, 11, 3, 8, 9, 3, 11, 4, 6, 4, 2, 10, 1, 11, 9, 8, 6, 10, 10, 10, 4, 9, 4, 12, 10, 11, 9, 12, 8, 7, 12, 9, 2, 10, 9, 2, 9, 11, 7, 8, 6, 2, 3, 6, 2, 12, 9, 6, 8, 6, 11, 9, 10, 11, 2, 11, 6, 5, 2, 9, 2, 8, 9], dimension=0, value=91.39149389998045, stages=0, time=295.50404224143404}} 
最差解：
Particle{, pBest=Solution{id=0, content=[5, 12, 6, 10, 15, 7, 12, 5, 8, 7, 11, 9, 12, 11, 5, 10, 6, 10, 10, 2, 9, 6, 8, 11, 11, 4, 8, 10, 5, 7, 5, 1, 12, 4, 4, 10, 7, 5, 5, 4, 10, 9, 7, 8, 12, 3, 7, 8, 12, 5, 6, 2, 9, 5, 8, 11, 5, 5, 11, 3, 5, 5, 1, 8, 9, 11, 7, 9, 11, 6, 4, 3, 5, 1, 6, 10, 8, 2, 5, 12, 4, 6, 11, 5, 4, 3, 10, 3, 2, 9, 4, 9, 9, 5, 8, 10, 6, 5, 7, 8, 7, 8, 7, 6, 6, 3, 9, 12, 9, 10, 11, 3, 10, 3, 3, 2, 4, 9, 11, 6, 5, 8, 6, 8, 7, 5, 9, 5, 3, 7, 6, 1, 8, 8, 5, 9, 10, 1, 8, 6, 11, 10, 10, 8, 9, 3, 8, 6, 12, 6, 5, 8, 2, 1, 6, 12, 10, 10, 5, 6, 11, 5, 11, 7, 4, 7, 11, 7, 11, 1, 6, 7, 11, 11, 2, 6, 14, 5, 12, 7, 11, 7, 6, 10, 10, 9, 7, 11, 8, 5, 10, 7, 12, 3, 12, 7, 4, 9, 8, 6, 4, 11, 4, 2, 9, 9, 4, 5, 12, 8, 5, 10, 5, 10, 6, 5, 4, 9, 8, 12, 4, 4, 10, 7, 12, 4, 8, 4, 7, 3, 7, 8, 2, 5, 7, 8, 12, 6, 8, 3, 7, 10, 12, 3, 5, 4, 8, 5, 10, 6, 2, 1, 5, 5, 8, 6, 8, 3, 12, 6, 7, 6, 6, 4, 8, 5, 2, 6, 11, 3, 7, 1, 11, 2, 10, 7, 6, 11, 11, 4, 9, 3, 5, 9, 14, 10, 9, 6, 6, 3, 6, 8, 11, 9, 6, 8, 6, 7, 8, 2, 11, 1, 3, 2, 5, 3, 13, 2, 6, 9, 10, 10, 2, 5, 13, 10, 5, 1, 7, 5, 11, 3, 4, 5, 12, 10, 10, 2, 5, 10, 3, 7, 11, 8, 8, 6, 6, 3, 13, 8, 3, 4, 9, 2, 8, 8, 7, 4, 8, 4, 2, 7, 1, 5, 8, 3, 9, 9, 12, 6, 12, 6, 5, 5, 7, 8, 8, 6, 4, 8, 4, 9, 9, 4, 5, 8, 9, 8, 3, 10, 3, 3, 11, 8, 10, 9, 3, 12, 7, 4, 4, 5, 14, 4, 8, 5, 13, 10, 12, 2, 8, 6, 10, 6, 10, 8, 11, 6, 5, 3, 6, 3, 5, 0, 5, 5, 5, 9, 14, 7, 14, 7, 7, 9, 6, 5, 8, 2, 9, 8, 5, 9, 6, 2, 10, 11, 4, 9, 7, 2, 9, 10, 3, 2, 8, 10, 8, 5, 8, 7, 11, 3, 7, 9, 8, 9, 11, 11, 5, 5, 12, 2, 8, 8, 10, 6, 8, 9, 14, 10, 5, 3, 11, 1, 8, 4, 3, 8, 8, 9, 6, 8, 5, 8, 5, 9, 4, 4, 12, 10], dimension=0, value=90.04517490135451, stages=0, time=0.0}Solution{id=0, content=[5, 12, 6, 10, 15, 7, 12, 5, 8, 7, 11, 9, 12, 11, 5, 10, 6, 10, 10, 2, 9, 6, 8, 11, 11, 4, 8, 10, 5, 7, 5, 1, 12, 4, 4, 10, 7, 5, 5, 4, 10, 9, 7, 8, 12, 3, 7, 8, 12, 5, 6, 2, 9, 5, 8, 11, 5, 5, 11, 3, 5, 5, 1, 8, 9, 11, 7, 9, 11, 6, 4, 3, 5, 1, 6, 10, 8, 2, 5, 12, 4, 6, 11, 5, 4, 3, 10, 3, 2, 9, 4, 9, 9, 5, 8, 10, 6, 5, 7, 8, 7, 8, 7, 6, 6, 3, 9, 12, 9, 10, 11, 3, 10, 3, 3, 2, 4, 9, 11, 6, 5, 8, 6, 8, 7, 5, 9, 5, 3, 7, 6, 1, 8, 8, 5, 9, 10, 1, 8, 6, 11, 10, 10, 8, 9, 3, 8, 6, 12, 6, 5, 8, 2, 1, 6, 12, 10, 10, 5, 6, 11, 5, 11, 7, 4, 7, 11, 7, 11, 1, 6, 7, 11, 11, 2, 6, 14, 5, 12, 7, 11, 7, 6, 10, 10, 9, 7, 11, 8, 5, 10, 7, 12, 3, 12, 7, 4, 9, 8, 6, 4, 11, 4, 2, 9, 9, 4, 5, 12, 8, 5, 10, 5, 10, 6, 5, 4, 9, 8, 12, 4, 4, 10, 7, 12, 4, 8, 4, 7, 3, 7, 8, 2, 5, 7, 8, 12, 6, 8, 3, 7, 10, 12, 3, 5, 4, 8, 5, 10, 6, 2, 1, 5, 5, 8, 6, 8, 3, 12, 6, 7, 6, 6, 4, 8, 5, 2, 6, 11, 3, 7, 1, 11, 2, 10, 7, 6, 11, 11, 4, 9, 3, 5, 9, 14, 10, 9, 6, 6, 3, 6, 8, 11, 9, 6, 8, 6, 7, 8, 2, 11, 1, 3, 2, 5, 3, 13, 2, 6, 9, 10, 10, 2, 5, 13, 10, 5, 1, 7, 5, 11, 3, 4, 5, 12, 10, 10, 2, 5, 10, 3, 7, 11, 8, 8, 6, 6, 3, 13, 8, 3, 4, 9, 2, 8, 8, 7, 4, 8, 4, 2, 7, 1, 5, 8, 3, 9, 9, 12, 6, 12, 6, 5, 5, 7, 8, 8, 6, 4, 8, 4, 9, 9, 4, 5, 8, 9, 8, 3, 10, 3, 3, 11, 8, 10, 9, 3, 12, 7, 4, 4, 5, 14, 4, 8, 5, 13, 10, 12, 2, 8, 6, 10, 6, 10, 8, 11, 6, 5, 3, 6, 3, 5, 0, 5, 5, 5, 9, 14, 7, 14, 7, 7, 9, 6, 5, 8, 2, 9, 8, 5, 9, 6, 2, 10, 11, 4, 9, 7, 2, 9, 10, 3, 2, 8, 10, 8, 5, 8, 7, 11, 3, 7, 9, 8, 9, 11, 11, 5, 5, 12, 2, 8, 8, 10, 6, 8, 9, 14, 10, 5, 3, 11, 1, 8, 4, 3, 8, 8, 9, 6, 8, 5, 8, 5, 9, 4, 4, 12, 10], dimension=0, value=90.04517490135451, stages=0, time=298.17337533374723}} 
