91.62622020487458,92.73260532921415,92.90221978412222,92.39923957717667,93.32056849947338,91.74626939325795,92.46437061165788,91.51851149248245,90.80124843770355,92.19044111989868,91.89933812269851,91.70379576767749,91.57673489136143,92.86453724710705,91.02245338719845,93.33194733839694,92.17361746273187,92.76671119322916,92.27936644073499,92.42532590141977,91.01065107485698,91.56759153887185,92.85904994942187,92.13126449429373,93.0429155683303,91.38022712681894,91.65351398464439,92.14384572318623,92.23689986822127,92.29844559702009,
DNSPSO统计信息：
size = 50
iters = 4000
nfes = 200000
sum = 2764.069927128083
min = 90.80124843770355
max = 93.33194733839694
mean = 92.13566423760275
std = 0.6730392690034636
totaltime = 1727.084s
avgtime = 57.56946666666667s
最优解：
Particle{, pBest=Solution{id=0, content=[6, 10, 14, 12, 3, 8, 12, 8, 16, 8, 9, 9, 12, 5, 15, 12, 12, 10, 11, 9, 5, 3, 13, 5, 15, 6, 6, 9, 10, 10, 7, 8, 11, 7, 15, 3, 11, 5, 14, 5, 8, 7, 11, 9, 14, 8, 6, 8, 15, 9, 8, 9, 15, 14, 4, 11, 4, 7, 13, 6, 9, 5, 11, 1, 4, 5, 14, 9, 15, 12, 7, 8, 11, 3, 7, 11, 14, 3, 12, 9, 5, 7, 17, 12, 4, 8, 11, 2, 8, 5, 12, 2, 4, 3, 9, 1, 14, 4, 7, 5, 15, 12, 15, 7, 4, 4, 4, 9, 4, 9, 15, 6, 9, 13, 12, 8, 12, 3, 11, 3, 6, 8, 14, 9, 4, 12, 12, 5, 10, 7, 16, 5, 10, 2, 5, 5, 13, 4, 15, 3, 15, 6, 9, 13, 14, 9, 4, 2, 11, 8, 13, 11, 11, 2, 11, 2, 12, 10, 12, 12, 9, 10, 2, 2, 14, 6, 12, 9, 15, 8, 11, 9, 15, 5, 5, 2, 15, 4, 15, 9, 8, 4, 8, 11, 15, 11, 11, 11, 2, 12, 8, 12, 15, 5, 12, 10, 6, 8, 12, 9, 12, 6, 12, 3, 12, 8, 4, 1, 17, 2, 9, 1, 12, 8, 8, 12, 11, 7, 8, 5, 9, 2, 6, 11, 6, 10, 8, 14, 5, 8, 3, 2, 10, 2, 11, 3, 6, 12, 4, 5, 5, 4, 16, 9, 5, 9, 12, 2, 14, 9, 15, 10, 4, 5, 6, 10, 8, 9, 8, 3, 6, 12, 15, 12, 2, 12, 11, 10, 8, 6, 15, 9, 12, 2, 14, 10, 5, 5, 10, 5, 5, 2, 14, 13, 15, 7, 5, 4, 2, 9, 9, 10, 8, 1, 7, 2, 13, 11, 11, 13, 9, 1, 14, 6, 13, 2, 15, 2, 10, 14, 6, 2, 8, 7, 8, 6, 6, 6, 14, 2, 17, 6, 11, 11, 4, 6, 7, 13, 7, 3, 7, 12, 8, 13, 2, 5, 8, 13, 8, 7, 6, 9, 8, 6, 13, 8, 12, 10, 6, 9, 15, 8, 11, 6, 11, 8, 11, 11, 14, 7, 14, 8, 12, 3, 2, 3, 11, 2, 15, 6, 14, 4, 10, 5, 12, 6, 6, 10, 6, 5, 13, 12, 11, 3, 12, 7, 11, 2, 11, 6, 15, 12, 8, 3, 4, 11, 14, 7, 12, 3, 8, 3, 4, 5, 6, 5, 14, 8, 12, 9, 13, 12, 11, 7, 5, 10, 3, 6, 6, 14, 11, 3, 11, 12, 14, 7, 13, 7, 7, 11, 8, 10, 12, 2, 16, 9, 12, 14, 10, 4, 11, 5, 8, 11, 12, 5, 11, 11, 6, 4, 6, 10, 12, 5, 8, 2, 7, 10, 8, 14, 11, 12, 10, 12, 11, 2, 16, 10, 16, 8, 15, 14, 9, 10, 6, 2, 14, 7, 15, 3, 13, 8, 15, 12, 14, 4, 15, 5, 6, 13], dimension=0, value=93.33194733839694, stages=0, time=0.0}Solution{id=0, content=[6, 10, 14, 12, 3, 8, 12, 8, 16, 8, 9, 9, 12, 5, 15, 12, 12, 10, 11, 9, 5, 3, 13, 5, 15, 6, 6, 9, 10, 10, 7, 8, 11, 7, 15, 3, 11, 5, 14, 5, 8, 7, 11, 9, 14, 8, 6, 8, 15, 9, 8, 9, 15, 14, 4, 11, 4, 7, 13, 6, 9, 5, 11, 1, 4, 5, 14, 9, 15, 12, 7, 8, 11, 3, 7, 11, 14, 3, 12, 9, 5, 7, 17, 12, 4, 8, 11, 2, 8, 5, 12, 2, 4, 3, 9, 1, 14, 4, 7, 5, 15, 12, 15, 7, 4, 4, 4, 9, 4, 9, 15, 6, 9, 13, 12, 8, 12, 3, 11, 3, 6, 8, 14, 9, 4, 12, 12, 5, 10, 7, 16, 5, 10, 2, 5, 5, 13, 4, 15, 3, 15, 6, 9, 13, 14, 9, 4, 2, 11, 8, 13, 11, 11, 2, 11, 2, 12, 10, 12, 12, 9, 10, 2, 2, 14, 6, 12, 9, 15, 8, 11, 9, 15, 5, 5, 2, 15, 4, 15, 9, 8, 4, 8, 11, 15, 11, 11, 11, 2, 12, 8, 12, 15, 5, 12, 10, 6, 8, 12, 9, 12, 6, 12, 3, 12, 8, 4, 1, 17, 2, 9, 1, 12, 8, 8, 12, 11, 7, 8, 5, 9, 2, 6, 11, 6, 10, 8, 14, 5, 8, 3, 2, 10, 2, 11, 3, 6, 12, 4, 5, 5, 4, 16, 9, 5, 9, 12, 2, 14, 9, 15, 10, 4, 5, 6, 10, 8, 9, 8, 3, 6, 12, 15, 12, 2, 12, 11, 10, 8, 6, 15, 9, 12, 2, 14, 10, 5, 5, 10, 5, 5, 2, 14, 13, 15, 7, 5, 4, 2, 9, 9, 10, 8, 1, 7, 2, 13, 11, 11, 13, 9, 1, 14, 6, 13, 2, 15, 2, 10, 14, 6, 2, 8, 7, 8, 6, 6, 6, 14, 2, 17, 6, 11, 11, 4, 6, 7, 13, 7, 3, 7, 12, 8, 13, 2, 5, 8, 13, 8, 7, 6, 9, 8, 6, 13, 8, 12, 10, 6, 9, 15, 8, 11, 6, 11, 8, 11, 11, 14, 7, 14, 8, 12, 3, 2, 3, 11, 2, 15, 6, 14, 4, 10, 5, 12, 6, 6, 10, 6, 5, 13, 12, 11, 3, 12, 7, 11, 2, 11, 6, 15, 12, 8, 3, 4, 11, 14, 7, 12, 3, 8, 3, 4, 5, 6, 5, 14, 8, 12, 9, 13, 12, 11, 7, 5, 10, 3, 6, 6, 14, 11, 3, 11, 12, 14, 7, 13, 7, 7, 11, 8, 10, 12, 2, 16, 9, 12, 14, 10, 4, 11, 5, 8, 11, 12, 5, 11, 11, 6, 4, 6, 10, 12, 5, 8, 2, 7, 10, 8, 14, 11, 12, 10, 12, 11, 2, 16, 10, 16, 8, 15, 14, 9, 10, 6, 2, 14, 7, 15, 3, 13, 8, 15, 12, 14, 4, 15, 5, 6, 13], dimension=0, value=93.33194733839694, stages=0, time=288.06476005810464}} 
最差解：
Particle{, pBest=Solution{id=0, content=[3, 12, 12, 5, 6, 4, 8, 8, 15, 9, 2, 10, 14, 1, 4, 10, 2, 9, 12, 12, 14, 8, 5, 13, 14, 8, 14, 8, 12, 5, 11, 8, 5, 12, 10, 5, 8, 12, 13, 5, 2, 7, 11, 4, 7, 3, 4, 9, 6, 7, 16, 14, 10, 13, 11, 9, 4, 3, 3, 11, 8, 2, 15, 9, 6, 8, 10, 7, 10, 10, 3, 5, 2, 3, 17, 9, 11, 10, 15, 8, 14, 14, 17, 3, 9, 11, 6, 4, 15, 7, 11, 12, 12, 4, 11, 3, 12, 6, 5, 11, 2, 7, 8, 2, 9, 11, 12, 6, 9, 3, 14, 14, 12, 11, 8, 5, 9, 4, 12, 10, 8, 4, 12, 8, 12, 10, 14, 9, 7, 8, 5, 4, 9, 1, 7, 12, 11, 9, 15, 9, 9, 9, 11, 9, 5, 4, 17, 11, 17, 8, 2, 10, 14, 11, 15, 1, 6, 4, 5, 3, 13, 1, 3, 5, 9, 7, 8, 6, 6, 2, 16, 8, 12, 10, 16, 11, 12, 10, 2, 7, 16, 10, 15, 5, 8, 13, 16, 13, 14, 14, 15, 10, 9, 8, 11, 13, 15, 5, 9, 6, 8, 8, 2, 5, 10, 9, 11, 6, 6, 4, 4, 5, 17, 4, 8, 10, 10, 10, 10, 3, 13, 3, 4, 6, 11, 8, 9, 11, 3, 9, 3, 5, 8, 6, 10, 11, 13, 12, 4, 5, 2, 5, 14, 12, 15, 5, 2, 14, 11, 9, 7, 4, 9, 9, 15, 6, 11, 9, 6, 7, 11, 13, 5, 10, 17, 2, 10, 2, 12, 8, 7, 6, 12, 12, 3, 10, 3, 7, 8, 13, 12, 9, 15, 10, 6, 2, 5, 7, 4, 10, 11, 3, 4, 9, 11, 13, 14, 2, 16, 6, 12, 2, 6, 12, 6, 10, 4, 4, 11, 15, 9, 10, 9, 5, 8, 6, 14, 11, 6, 3, 15, 8, 13, 10, 15, 14, 13, 5, 10, 12, 2, 10, 8, 11, 11, 6, 8, 7, 10, 4, 5, 8, 7, 11, 15, 9, 15, 14, 10, 7, 10, 5, 15, 5, 17, 3, 4, 6, 10, 10, 4, 7, 8, 1, 12, 14, 8, 14, 12, 9, 6, 4, 7, 14, 4, 7, 14, 4, 10, 8, 10, 7, 12, 2, 15, 11, 6, 3, 8, 6, 4, 8, 4, 2, 12, 12, 14, 4, 9, 7, 9, 4, 9, 3, 4, 9, 9, 5, 9, 2, 3, 6, 3, 4, 3, 5, 15, 7, 11, 5, 15, 2, 13, 7, 8, 8, 10, 10, 10, 4, 5, 7, 4, 11, 6, 10, 11, 9, 5, 6, 2, 10, 8, 3, 10, 4, 11, 5, 9, 12, 8, 13, 10, 12, 17, 3, 11, 8, 9, 2, 7, 5, 14, 1, 9, 6, 14, 9, 9, 12, 16, 3, 8, 4, 8, 11, 12, 4, 7, 12, 13, 10, 11, 4, 14, 4, 12, 9, 4, 9], dimension=0, value=90.80124843770355, stages=0, time=0.0}Solution{id=0, content=[3, 12, 12, 5, 6, 4, 8, 8, 15, 9, 2, 10, 14, 1, 4, 10, 2, 9, 12, 12, 14, 8, 5, 13, 14, 8, 14, 8, 12, 5, 11, 8, 5, 12, 10, 5, 8, 12, 13, 5, 2, 7, 11, 4, 7, 3, 4, 9, 6, 7, 16, 14, 10, 13, 11, 9, 4, 3, 3, 11, 8, 2, 15, 9, 6, 8, 10, 7, 10, 10, 3, 5, 2, 3, 17, 9, 11, 10, 15, 8, 14, 14, 17, 3, 9, 11, 6, 4, 15, 7, 11, 12, 12, 4, 11, 3, 12, 6, 5, 11, 2, 7, 8, 2, 9, 11, 12, 6, 9, 3, 14, 14, 12, 11, 8, 5, 9, 4, 12, 10, 8, 4, 12, 8, 12, 10, 14, 9, 7, 8, 5, 4, 9, 1, 7, 12, 11, 9, 15, 9, 9, 9, 11, 9, 5, 4, 17, 11, 17, 8, 2, 10, 14, 11, 15, 1, 6, 4, 5, 3, 13, 1, 3, 5, 9, 7, 8, 6, 6, 2, 16, 8, 12, 10, 16, 11, 12, 10, 2, 7, 16, 10, 15, 5, 8, 13, 16, 13, 14, 14, 15, 10, 9, 8, 11, 13, 15, 5, 9, 6, 8, 8, 2, 5, 10, 9, 11, 6, 6, 4, 4, 5, 17, 4, 8, 10, 10, 10, 10, 3, 13, 3, 4, 6, 11, 8, 9, 11, 3, 9, 3, 5, 8, 6, 10, 11, 13, 12, 4, 5, 2, 5, 14, 12, 15, 5, 2, 14, 11, 9, 7, 4, 9, 9, 15, 6, 11, 9, 6, 7, 11, 13, 5, 10, 17, 2, 10, 2, 12, 8, 7, 6, 12, 12, 3, 10, 3, 7, 8, 13, 12, 9, 15, 10, 6, 2, 5, 7, 4, 10, 11, 3, 4, 9, 11, 13, 14, 2, 16, 6, 12, 2, 6, 12, 6, 10, 4, 4, 11, 15, 9, 10, 9, 5, 8, 6, 14, 11, 6, 3, 15, 8, 13, 10, 15, 14, 13, 5, 10, 12, 2, 10, 8, 11, 11, 6, 8, 7, 10, 4, 5, 8, 7, 11, 15, 9, 15, 14, 10, 7, 10, 5, 15, 5, 17, 3, 4, 6, 10, 10, 4, 7, 8, 1, 12, 14, 8, 14, 12, 9, 6, 4, 7, 14, 4, 7, 14, 4, 10, 8, 10, 7, 12, 2, 15, 11, 6, 3, 8, 6, 4, 8, 4, 2, 12, 12, 14, 4, 9, 7, 9, 4, 9, 3, 4, 9, 9, 5, 9, 2, 3, 6, 3, 4, 3, 5, 15, 7, 11, 5, 15, 2, 13, 7, 8, 8, 10, 10, 10, 4, 5, 7, 4, 11, 6, 10, 11, 9, 5, 6, 2, 10, 8, 3, 10, 4, 11, 5, 9, 12, 8, 13, 10, 12, 17, 3, 11, 8, 9, 2, 7, 5, 14, 1, 9, 6, 14, 9, 9, 12, 16, 3, 8, 4, 8, 11, 12, 4, 7, 12, 13, 10, 11, 4, 14, 4, 12, 9, 4, 9], dimension=0, value=90.80124843770355, stages=0, time=284.723283921882}} 
