90.45856645221477,89.93996846252882,90.02899859678763,90.09244187772434,90.54392289889799,90.71848941906222,90.18321291457566,90.41894492812183,90.66409201597072,90.58996058432523,89.97418601409744,90.43699709709969,90.90542736468382,89.99303264717055,90.43201634201728,90.11068844219207,90.45046925355281,91.01159695332467,90.3148805470018,90.21375377797735,90.03246959415924,89.9215437402073,90.04394844683279,89.77323822010247,90.62620420241495,89.72959859102117,89.88942394915885,90.11074012308413,90.74310348448341,91.25569494072774,
DNSPSO统计信息：
sum = 2709.607611881519
min = 89.72959859102117
max = 91.25569494072774
mean = 90.32025372938396
std = 0.3813482310511989
totaltime = 2970.999
avgtime = 99.0333
最优解：
Particle{, pBest=Solution{id=0, content=[11, 9, 8, 5, 10, 12, 8, 9, 11, 9, 7, 11, 11, 10, 5, 9, 8, 11, 11, 8, 11, 9, 11, 5, 7, 10, 4, 2, 2, 9, 10, 3, 7, 8, 4, 2, 11, 5, 7, 8, 2, 2, 10, 5, 10, 10, 3, 3, 9, 10, 11, 8, 10, 6, 5, 8, 5, 4, 8, 3, 4, 2, 8, 1, 11, 7, 5, 1, 6, 12, 9, 10, 3, 5, 8, 3, 9, 5, 11, 4, 12, 10, 8, 4, 4, 5, 8, 4, 12, 10, 11, 3, 8, 5, 10, 5, 8, 4, 8, 0, 6, 8, 12, 6, 10, 2, 8, 9, 7, 7, 8, 10, 8, 9, 7, 9, 1, 4, 11, 5, 6, 6, 4, 1, 11, 9, 9, 5, 8, 5, 7, 5, 12, 9, 8, 7, 8, 3, 7, 1, 7, 10, 11, 8, 12, 9, 8, 7, 7, 1, 8, 2, 8, 8, 8, 7, 10, 4, 8, 3, 8, 8, 12, 10, 2, 0, 3, 6, 7, 8, 8, 6, 8, 3, 4, 9, 8, 2, 2, 7, 9, 6, 11, 4, 8, 9, 10, 6, 11, 9, 3, 2, 7, 11, 8, 3, 3, 2, 4, 6, 12, 3, 10, 7, 9, 4, 4, 2, 7, 9, 2, 6, 5, 6, 9, 11, 6, 10, 9, 4, 9, 3, 12, 10, 8, 8, 11, 0, 9, 2, 6, 8, 12, 5, 8, 7, 8, 5, 8, 2, 4, 7, 8, 5, 11, 6, 10, 10, 11, 5, 7, 1, 7, 6, 1, 2, 2, 8, 11, 4, 1, 7, 9, 8, 6, 7, 8, 7, 2, 3, 5, 10, 11, 6, 8, 10, 11, 3, 6, 7, 10, 6, 11, 7, 8, 3, 8, 8, 11, 9, 2, 2, 8, 10, 7, 10, 8, 5, 11, 7, 2, 7, 7, 2, 5, 8, 6, 6, 9, 3, 8, 1, 8, 6, 8, 6, 8, 5, 12, 10, 5, 7, 6, 7, 12, 7, 10, 5, 9, 10, 4, 2, 5, 8, 8, 6, 8, 1, 6, 1, 6, 8, 5, 4, 7, 8, 10, 7, 9, 7, 4, 3, 8, 4, 8, 5, 11, 1, 8, 6, 5, 2, 11, 8, 9, 10, 10, 9, 2, 5, 11, 11, 6, 3, 11, 4, 9, 8, 9, 4, 12, 3, 5, 4, 12, 6, 9, 9, 8, 0, 3, 7, 10, 7, 11, 11, 12, 4, 3, 1, 7, 5, 10, 9, 8, 7, 6, 2, 10, 9, 3, 3, 10, 6, 3, 4, 5, 2, 2, 5, 2, 4, 12, 10, 9, 3, 11, 1, 7, 10, 4, 6, 9, 10, 11, 8, 3, 8, 8, 10, 8, 9, 9, 9, 11, 4, 4, 9, 10, 5, 4, 3, 6, 8, 2, 3, 2, 7, 4, 8, 9, 3, 8, 9, 8, 7, 8, 3, 10, 9, 10, 9, 11, 3, 8, 8, 8, 1, 5, 3, 8, 10, 8, 6, 10, 8, 6, 6, 2, 2], dimension=0, value=91.25569494072774, stages=0, time=0.0}Solution{id=0, content=[11, 9, 8, 5, 10, 12, 8, 9, 11, 9, 7, 11, 11, 10, 5, 9, 8, 11, 11, 8, 11, 9, 11, 5, 7, 10, 4, 2, 2, 9, 10, 3, 7, 8, 4, 2, 11, 5, 7, 8, 2, 2, 10, 5, 10, 10, 3, 3, 9, 10, 11, 8, 10, 6, 5, 8, 5, 4, 8, 3, 4, 2, 8, 1, 11, 7, 5, 1, 6, 12, 9, 10, 3, 5, 8, 3, 9, 5, 11, 4, 12, 10, 8, 4, 4, 5, 8, 4, 12, 10, 11, 3, 8, 5, 10, 5, 8, 4, 8, 0, 6, 8, 12, 6, 10, 2, 8, 9, 7, 7, 8, 10, 8, 9, 7, 9, 1, 4, 11, 5, 6, 6, 4, 1, 11, 9, 9, 5, 8, 5, 7, 5, 12, 9, 8, 7, 8, 3, 7, 1, 7, 10, 11, 8, 12, 9, 8, 7, 7, 1, 8, 2, 8, 8, 8, 7, 10, 4, 8, 3, 8, 8, 12, 10, 2, 0, 3, 6, 7, 8, 8, 6, 8, 3, 4, 9, 8, 2, 2, 7, 9, 6, 11, 4, 8, 9, 10, 6, 11, 9, 3, 2, 7, 11, 8, 3, 3, 2, 4, 6, 12, 3, 10, 7, 9, 4, 4, 2, 7, 9, 2, 6, 5, 6, 9, 11, 6, 10, 9, 4, 9, 3, 12, 10, 8, 8, 11, 0, 9, 2, 6, 8, 12, 5, 8, 7, 8, 5, 8, 2, 4, 7, 8, 5, 11, 6, 10, 10, 11, 5, 7, 1, 7, 6, 1, 2, 2, 8, 11, 4, 1, 7, 9, 8, 6, 7, 8, 7, 2, 3, 5, 10, 11, 6, 8, 10, 11, 3, 6, 7, 10, 6, 11, 7, 8, 3, 8, 8, 11, 9, 2, 2, 8, 10, 7, 10, 8, 5, 11, 7, 2, 7, 7, 2, 5, 8, 6, 6, 9, 3, 8, 1, 8, 6, 8, 6, 8, 5, 12, 10, 5, 7, 6, 7, 12, 7, 10, 5, 9, 10, 4, 2, 5, 8, 8, 6, 8, 1, 6, 1, 6, 8, 5, 4, 7, 8, 10, 7, 9, 7, 4, 3, 8, 4, 8, 5, 11, 1, 8, 6, 5, 2, 11, 8, 9, 10, 10, 9, 2, 5, 11, 11, 6, 3, 11, 4, 9, 8, 9, 4, 12, 3, 5, 4, 12, 6, 9, 9, 8, 0, 3, 7, 10, 7, 11, 11, 12, 4, 3, 1, 7, 5, 10, 9, 8, 7, 6, 2, 10, 9, 3, 3, 10, 6, 3, 4, 5, 2, 2, 5, 2, 4, 12, 10, 9, 3, 11, 1, 7, 10, 4, 6, 9, 10, 11, 8, 3, 8, 8, 10, 8, 9, 9, 9, 11, 4, 4, 9, 10, 5, 4, 3, 6, 8, 2, 3, 2, 7, 4, 8, 9, 3, 8, 9, 8, 7, 8, 3, 10, 9, 10, 9, 11, 3, 8, 8, 8, 1, 5, 3, 8, 10, 8, 6, 10, 8, 6, 6, 2, 2], dimension=0, value=91.25569494072774, stages=0, time=282.53025125551045}} 
最差解：
Particle{, pBest=Solution{id=0, content=[11, 10, 12, 3, 6, 3, 12, 5, 6, 7, 14, 4, 10, 10, 8, 14, 2, 7, 2, 11, 11, 4, 9, 8, 5, 7, 4, 2, 6, 6, 6, 4, 9, 8, 10, 5, 13, 5, 9, 8, 15, 7, 6, 8, 11, 2, 5, 3, 2, 8, 2, 1, 8, 5, 1, 6, 7, 9, 13, 8, 9, 8, 3, 10, 9, 7, 11, 13, 11, 8, 12, 6, 8, 6, 6, 2, 2, 5, 8, 5, 13, 5, 4, 4, 2, 3, 6, 9, 2, 3, 6, 3, 14, 11, 10, 8, 10, 11, 4, 2, 4, 4, 7, 7, 8, 2, 7, 3, 9, 4, 10, 4, 8, 10, 7, 9, 11, 8, 6, 12, 10, 12, 6, 12, 4, 8, 11, 8, 14, 11, 7, 9, 11, 9, 12, 12, 9, 11, 4, 6, 8, 11, 9, 12, 2, 10, 6, 11, 4, 9, 10, 5, 9, 5, 13, 5, 11, 5, 10, 4, 9, 2, 12, 12, 9, 3, 6, 11, 2, 6, 4, 5, 10, 10, 4, 8, 13, 4, 8, 3, 7, 9, 13, 8, 8, 6, 5, 9, 15, 2, 4, 9, 11, 2, 12, 1, 11, 12, 9, 5, 4, 3, 9, 6, 8, 2, 5, 4, 15, 12, 4, 10, 13, 1, 8, 3, 9, 9, 6, 6, 9, 11, 8, 9, 3, 10, 5, 11, 9, 9, 11, 6, 14, 8, 13, 7, 6, 1, 10, 3, 7, 8, 12, 9, 7, 5, 11, 8, 12, 6, 15, 5, 10, 7, 6, 9, 15, 4, 14, 7, 8, 2, 2, 9, 13, 3, 11, 8, 8, 4, 10, 6, 11, 6, 12, 6, 4, 11, 10, 7, 4, 4, 10, 4, 11, 5, 8, 9, 6, 8, 8, 2, 9, 7, 2, 8, 13, 1, 6, 10, 6, 13, 8, 9, 14, 6, 10, 5, 5, 2, 5, 4, 11, 8, 10, 0, 5, 7, 8, 12, 13, 7, 11, 6, 5, 9, 4, 11, 9, 2, 11, 3, 4, 11, 11, 8, 10, 2, 10, 5, 10, 6, 5, 8, 2, 9, 4, 4, 11, 5, 8, 8, 7, 8, 4, 9, 6, 5, 14, 3, 12, 3, 7, 6, 2, 3, 9, 3, 8, 11, 8, 10, 5, 9, 12, 8, 3, 5, 2, 5, 6, 3, 8, 8, 8, 7, 4, 8, 13, 5, 12, 0, 2, 6, 6, 9, 2, 9, 6, 4, 12, 3, 5, 7, 3, 6, 14, 1, 6, 10, 2, 6, 7, 1, 13, 3, 7, 11, 7, 3, 14, 3, 13, 4, 3, 4, 14, 2, 6, 8, 14, 2, 15, 8, 9, 10, 13, 9, 1, 4, 6, 5, 13, 10, 9, 10, 6, 7, 9, 6, 9, 1, 15, 10, 7, 2, 13, 8, 4, 6, 9, 5, 8, 3, 2, 3, 12, 8, 4, 2, 10, 2, 4, 3, 5, 9, 1, 7, 2, 6, 5, 7, 13, 3, 11, 10, 11, 9, 6, 9], dimension=0, value=89.72959859102117, stages=0, time=0.0}Solution{id=0, content=[11, 10, 12, 3, 6, 3, 12, 5, 6, 7, 14, 4, 10, 10, 8, 14, 2, 7, 2, 11, 11, 4, 9, 8, 5, 7, 4, 2, 6, 6, 6, 4, 9, 8, 10, 5, 13, 5, 9, 8, 15, 7, 6, 8, 11, 2, 5, 3, 2, 8, 2, 1, 8, 5, 1, 6, 7, 9, 13, 8, 9, 8, 3, 10, 9, 7, 11, 13, 11, 8, 12, 6, 8, 6, 6, 2, 2, 5, 8, 5, 13, 5, 4, 4, 2, 3, 6, 9, 2, 3, 6, 3, 14, 11, 10, 8, 10, 11, 4, 2, 4, 4, 7, 7, 8, 2, 7, 3, 9, 4, 10, 4, 8, 10, 7, 9, 11, 8, 6, 12, 10, 12, 6, 12, 4, 8, 11, 8, 14, 11, 7, 9, 11, 9, 12, 12, 9, 11, 4, 6, 8, 11, 9, 12, 2, 10, 6, 11, 4, 9, 10, 5, 9, 5, 13, 5, 11, 5, 10, 4, 9, 2, 12, 12, 9, 3, 6, 11, 2, 6, 4, 5, 10, 10, 4, 8, 13, 4, 8, 3, 7, 9, 13, 8, 8, 6, 5, 9, 15, 2, 4, 9, 11, 2, 12, 1, 11, 12, 9, 5, 4, 3, 9, 6, 8, 2, 5, 4, 15, 12, 4, 10, 13, 1, 8, 3, 9, 9, 6, 6, 9, 11, 8, 9, 3, 10, 5, 11, 9, 9, 11, 6, 14, 8, 13, 7, 6, 1, 10, 3, 7, 8, 12, 9, 7, 5, 11, 8, 12, 6, 15, 5, 10, 7, 6, 9, 15, 4, 14, 7, 8, 2, 2, 9, 13, 3, 11, 8, 8, 4, 10, 6, 11, 6, 12, 6, 4, 11, 10, 7, 4, 4, 10, 4, 11, 5, 8, 9, 6, 8, 8, 2, 9, 7, 2, 8, 13, 1, 6, 10, 6, 13, 8, 9, 14, 6, 10, 5, 5, 2, 5, 4, 11, 8, 10, 0, 5, 7, 8, 12, 13, 7, 11, 6, 5, 9, 4, 11, 9, 2, 11, 3, 4, 11, 11, 8, 10, 2, 10, 5, 10, 6, 5, 8, 2, 9, 4, 4, 11, 5, 8, 8, 7, 8, 4, 9, 6, 5, 14, 3, 12, 3, 7, 6, 2, 3, 9, 3, 8, 11, 8, 10, 5, 9, 12, 8, 3, 5, 2, 5, 6, 3, 8, 8, 8, 7, 4, 8, 13, 5, 12, 0, 2, 6, 6, 9, 2, 9, 6, 4, 12, 3, 5, 7, 3, 6, 14, 1, 6, 10, 2, 6, 7, 1, 13, 3, 7, 11, 7, 3, 14, 3, 13, 4, 3, 4, 14, 2, 6, 8, 14, 2, 15, 8, 9, 10, 13, 9, 1, 4, 6, 5, 13, 10, 9, 10, 6, 7, 9, 6, 9, 1, 15, 10, 7, 2, 13, 8, 4, 6, 9, 5, 8, 3, 2, 3, 12, 8, 4, 2, 10, 2, 4, 3, 5, 9, 1, 7, 2, 6, 5, 7, 13, 3, 11, 10, 11, 9, 6, 9], dimension=0, value=89.72959859102117, stages=0, time=299.9072293954396}} 
