94.16573308936137,93.46041795707075,93.66997879808515,93.5976535143229,93.14447297577561,92.85856384567352,94.50883077163861,93.64014584697904,93.06579363765681,93.08617478420302,92.66038840208812,94.46077555965981,93.95763105483975,95.44342858070068,93.99436940372553,93.69140730820057,93.58594752865226,93.5972643512687,94.34112623515806,93.09425609251541,93.65395362499117,94.29154992684087,94.41234513705147,94.3610936313758,93.69311064427673,94.65981900653044,92.31081264101432,92.96533122331051,94.06141242650354,94.34556479050451,
FADE统计信息：
sum = 2812.779352789975
min = 92.31081264101432
max = 95.44342858070068
mean = 93.75931175966583
std = 0.6828462702903022
totaltime = 2866.02
avgtime = 95.534
最优解：
FireSpark{pi=0.23000000000000004} Solution{id=25, content=[17, 5, 17, 11, 8, 10, 15, 11, 11, 15, 7, 9, 14, 11, 11, 9, 15, 4, 11, 10, 14, 5, 8, 10, 11, 13, 4, 12, 8, 2, 3, 10, 15, 5, 15, 7, 6, 11, 8, 5, 11, 10, 16, 10, 14, 9, 11, 7, 8, 6, 17, 5, 16, 2, 5, 9, 4, 1, 3, 5, 5, 12, 12, 4, 9, 12, 6, 3, 12, 7, 8, 9, 8, 3, 15, 8, 8, 7, 15, 11, 16, 15, 3, 12, 13, 5, 8, 2, 8, 10, 10, 2, 8, 4, 16, 10, 9, 8, 13, 8, 15, 12, 17, 4, 14, 10, 9, 4, 5, 12, 10, 5, 10, 2, 16, 8, 4, 9, 15, 12, 15, 5, 14, 2, 14, 4, 8, 8, 8, 12, 17, 11, 14, 2, 9, 14, 2, 12, 13, 3, 11, 8, 12, 2, 14, 1, 12, 5, 5, 12, 12, 10, 15, 5, 12, 6, 9, 8, 12, 10, 13, 5, 12, 3, 2, 5, 16, 11, 8, 3, 15, 12, 8, 6, 14, 9, 17, 3, 2, 4, 14, 5, 12, 8, 11, 9, 8, 5, 7, 2, 2, 8, 14, 1, 6, 4, 12, 5, 2, 12, 8, 6, 5, 11, 11, 9, 9, 1, 6, 14, 12, 10, 17, 10, 14, 10, 8, 14, 9, 7, 15, 9, 8, 3, 11, 8, 15, 1, 16, 2, 16, 13, 8, 12, 8, 3, 11, 3, 7, 4, 11, 9, 8, 2, 17, 2, 16, 10, 11, 2, 8, 10, 4, 11, 3, 10, 14, 10, 14, 8, 15, 7, 16, 4, 2, 7, 2, 9, 8, 12, 8, 9, 17, 9, 18, 5, 6, 9, 8, 14, 14, 10, 11, 9, 8, 5, 15, 7, 10, 7, 2, 8, 8, 13, 5, 2, 15, 7, 8, 3, 14, 0, 15, 5, 10, 9, 5, 2, 5, 9, 4, 12, 11, 5, 5, 9, 11, 8, 7, 5, 6, 3, 3, 6, 14, 11, 2, 1, 5, 13, 17, 2, 11, 9, 2, 11, 8, 3, 4, 11, 6, 14, 6, 8, 14, 12, 11, 9, 7, 4, 8, 14, 14, 1, 4, 3, 8, 11, 10, 5, 10, 8, 9, 4, 15, 6, 12, 12, 12, 4, 2, 1, 7, 14, 8, 2, 14, 8, 14, 8, 12, 12, 14, 4, 6, 12, 11, 1, 17, 12, 11, 5, 14, 2, 16, 3, 17, 15, 16, 2, 15, 5, 13, 6, 2, 11, 14, 11, 12, 11, 18, 14, 6, 6, 12, 8, 14, 5, 9, 10, 5, 5, 4, 9, 9, 14, 14, 6, 11, 11, 16, 11, 6, 9, 17, 9, 2, 7, 8, 4, 15, 12, 10, 1, 15, 9, 12, 6, 13, 8, 12, 8, 14, 10, 10, 9, 8, 4, 2, 13, 17, 9, 15, 9, 16, 3, 2, 9, 9, 6, 8, 4, 16, 12, 8, 10, 6, 2, 18, 11, 2, 7, 8, 12, 8, 10, 4, 10, 6, 2], dimension=490, value=95.44342858070068, stages=0, time=279.1723461110468}
最差解：
FireSpark{pi=0.9500000000000003} Solution{id=44, content=[6, 14, 14, 9, 11, 9, 12, 5, 3, 2, 15, 3, 8, 7, 11, 1, 12, 11, 2, 12, 10, 8, 14, 9, 15, 10, 12, 11, 9, 11, 12, 4, 2, 3, 13, 6, 2, 5, 17, 9, 17, 6, 6, 14, 8, 4, 13, 8, 8, 12, 12, 9, 15, 5, 9, 5, 8, 9, 17, 9, 11, 9, 18, 4, 16, 14, 7, 11, 13, 8, 8, 4, 6, 4, 7, 2, 3, 2, 7, 9, 12, 11, 6, 4, 11, 2, 3, 9, 4, 5, 2, 4, 14, 12, 3, 5, 14, 11, 14, 10, 3, 10, 8, 3, 4, 2, 11, 7, 7, 1, 7, 1, 12, 5, 7, 2, 14, 13, 11, 12, 12, 11, 6, 12, 4, 13, 1, 4, 8, 10, 3, 5, 2, 9, 11, 8, 15, 12, 17, 6, 4, 2, 17, 8, 12, 2, 13, 7, 8, 11, 17, 9, 5, 2, 12, 6, 15, 9, 15, 0, 16, 2, 17, 6, 7, 4, 6, 12, 12, 13, 8, 8, 7, 13, 12, 10, 12, 10, 11, 8, 17, 5, 15, 2, 6, 9, 15, 12, 11, 9, 10, 4, 14, 10, 18, 11, 3, 3, 8, 6, 5, 9, 1, 11, 5, 3, 7, 10, 8, 3, 15, 13, 2, 9, 14, 10, 9, 2, 6, 1, 10, 8, 4, 10, 9, 4, 14, 14, 17, 10, 8, 4, 4, 5, 12, 3, 5, 14, 15, 9, 13, 0, 14, 2, 15, 4, 1, 4, 3, 11, 13, 9, 6, 4, 16, 7, 15, 14, 17, 12, 6, 6, 3, 11, 5, 3, 2, 8, 12, 3, 9, 2, 15, 12, 17, 14, 7, 14, 2, 15, 8, 8, 4, 8, 6, 5, 5, 12, 14, 2, 13, 12, 12, 3, 4, 5, 16, 5, 8, 4, 1, 13, 12, 12, 9, 13, 9, 3, 16, 8, 8, 7, 15, 8, 10, 5, 9, 1, 18, 2, 7, 3, 2, 4, 7, 13, 12, 2, 15, 9, 14, 13, 8, 10, 2, 14, 8, 11, 5, 15, 8, 10, 16, 7, 17, 9, 9, 9, 9, 15, 1, 8, 2, 5, 8, 2, 15, 5, 16, 10, 8, 6, 15, 7, 5, 8, 4, 9, 5, 2, 7, 2, 18, 11, 17, 9, 4, 12, 14, 8, 12, 1, 4, 2, 8, 4, 14, 8, 2, 1, 4, 2, 7, 2, 8, 9, 12, 3, 15, 7, 15, 5, 7, 3, 18, 9, 2, 2, 7, 10, 6, 14, 9, 7, 10, 10, 11, 12, 10, 1, 14, 7, 8, 5, 17, 5, 1, 10, 11, 7, 9, 12, 14, 15, 6, 13, 11, 3, 8, 5, 4, 9, 12, 10, 13, 2, 9, 11, 6, 12, 6, 9, 17, 11, 13, 6, 16, 3, 9, 6, 6, 6, 11, 8, 13, 9, 5, 10, 15, 8, 5, 12, 15, 7, 3, 4, 8, 13, 13, 5, 4, 12, 2, 10, 9, 2, 5, 5, 8, 15], dimension=490, value=92.31081264101432, stages=0, time=290.0668847579402}
