95.62307323424164,95.08559441791323,94.37151974444666,94.71465495946472,94.83020952407054,93.64090324120514,94.14009817132643,92.95431671160283,94.62642331490304,94.77823968429469,95.38837729437527,94.35513724339985,94.93998081845521,94.0122726051482,94.30668373651183,95.37018794964638,94.05908467616989,95.37029106930865,94.28410414914035,94.85212539777706,94.10379265834293,94.53976733852068,95.9035072772881,94.81964663839747,94.81383564313381,96.0392665994998,95.78319388197876,93.91639704784092,95.30492408534523,95.52191977524363,
FADE统计信息：
size = 50
iters = 4000
nfes = 200000
sum = 2842.4495288889925
min = 92.95431671160283
max = 96.0392665994998
mean = 94.74831762963308
std = 0.714687787161494
totaltime = 1705.25s
avgtime = 56.84166666666667s
最优解：
FireSpark{pi=0.24000000000000019} Solution{id=5, content=[9, 4, 8, 9, 9, 2, 15, 8, 9, 4, 9, 10, 2, 9, 6, 3, 8, 13, 14, 2, 18, 4, 2, 10, 5, 5, 5, 9, 17, 6, 17, 5, 15, 12, 11, 4, 11, 9, 2, 2, 12, 6, 15, 8, 10, 10, 5, 8, 2, 9, 17, 4, 15, 12, 3, 1, 6, 3, 11, 7, 17, 5, 13, 3, 16, 2, 18, 9, 18, 5, 14, 2, 8, 10, 11, 2, 10, 10, 8, 4, 1, 10, 3, 15, 8, 8, 11, 11, 11, 9, 17, 3, 15, 12, 8, 10, 8, 10, 5, 9, 11, 5, 8, 3, 6, 9, 8, 5, 9, 8, 1, 6, 15, 15, 8, 9, 2, 2, 14, 10, 12, 3, 14, 4, 17, 12, 11, 9, 8, 3, 7, 9, 11, 14, 17, 5, 14, 4, 2, 5, 11, 5, 15, 9, 4, 3, 15, 5, 16, 2, 13, 6, 8, 5, 13, 10, 9, 15, 15, 11, 12, 6, 15, 15, 15, 3, 13, 9, 12, 7, 16, 10, 15, 7, 5, 5, 15, 8, 15, 5, 14, 2, 11, 14, 8, 3, 9, 5, 9, 10, 10, 9, 2, 7, 14, 2, 8, 7, 4, 5, 16, 4, 14, 3, 12, 7, 18, 5, 15, 4, 15, 6, 15, 10, 15, 9, 10, 11, 8, 6, 15, 3, 16, 4, 15, 7, 2, 2, 17, 10, 4, 12, 2, 14, 14, 2, 12, 5, 15, 8, 5, 8, 16, 10, 12, 5, 14, 1, 12, 10, 15, 5, 16, 3, 16, 4, 12, 4, 11, 12, 8, 2, 2, 2, 15, 11, 2, 12, 2, 3, 14, 3, 15, 15, 4, 3, 8, 3, 16, 9, 12, 6, 17, 11, 5, 8, 8, 15, 15, 9, 5, 9, 15, 15, 2, 5, 13, 5, 11, 4, 14, 15, 8, 10, 17, 13, 8, 8, 7, 10, 6, 3, 12, 10, 15, 15, 5, 3, 10, 9, 1, 11, 5, 10, 14, 4, 4, 12, 14, 2, 5, 14, 5, 6, 17, 3, 2, 15, 8, 7, 11, 11, 2, 8, 14, 10, 5, 5, 13, 2, 12, 7, 15, 2, 15, 8, 16, 14, 10, 2, 15, 2, 15, 12, 11, 15, 2, 5, 5, 1, 7, 5, 12, 1, 13, 8, 5, 6, 6, 3, 10, 1, 8, 10, 14, 2, 4, 2, 8, 9, 14, 2, 12, 3, 9, 2, 8, 10, 15, 5, 14, 14, 7, 4, 4, 1, 10, 10, 4, 4, 10, 13, 16, 14, 4, 12, 12, 12, 10, 10, 15, 2, 14, 5, 18, 3, 11, 9, 4, 9, 7, 12, 8, 10, 8, 10, 5, 8, 12, 5, 14, 9, 11, 3, 6, 3, 13, 2, 8, 0, 14, 9, 15, 11, 15, 4, 8, 4, 9, 2, 11, 12, 9, 8, 10, 7, 16, 14, 14, 9, 15, 7, 16, 7, 10, 11, 15, 2, 14, 2, 11, 5, 17, 4, 6, 12, 14, 1, 8, 1], dimension=490, value=96.0392665994998, stages=0, time=298.96344695303895}
最差解：
FireSpark{pi=1.0000000000000009} Solution{id=31, content=[8, 6, 11, 11, 8, 2, 8, 7, 3, 9, 12, 6, 12, 9, 10, 11, 17, 2, 14, 13, 12, 12, 14, 15, 15, 12, 8, 12, 8, 14, 12, 3, 8, 8, 4, 8, 3, 3, 12, 12, 8, 10, 15, 12, 14, 5, 12, 5, 6, 3, 14, 13, 3, 5, 6, 5, 8, 10, 10, 8, 9, 14, 11, 5, 10, 10, 9, 8, 8, 9, 5, 5, 15, 6, 15, 5, 6, 4, 11, 12, 11, 11, 11, 12, 18, 9, 12, 14, 14, 4, 2, 13, 16, 10, 10, 3, 9, 14, 6, 8, 12, 2, 12, 2, 9, 5, 11, 5, 10, 8, 14, 9, 10, 3, 18, 3, 13, 2, 2, 8, 8, 4, 3, 8, 9, 13, 16, 14, 7, 10, 12, 12, 12, 8, 8, 6, 5, 9, 8, 12, 16, 11, 9, 5, 18, 9, 14, 7, 12, 8, 16, 1, 12, 4, 2, 12, 11, 7, 6, 8, 15, 6, 9, 9, 8, 3, 6, 11, 12, 2, 8, 7, 6, 11, 5, 7, 6, 2, 14, 13, 6, 7, 5, 10, 13, 11, 12, 14, 2, 11, 13, 3, 3, 12, 13, 9, 11, 11, 8, 7, 15, 10, 12, 3, 15, 12, 13, 10, 14, 14, 2, 7, 11, 2, 14, 11, 8, 3, 17, 9, 15, 13, 12, 12, 14, 2, 14, 12, 12, 10, 12, 11, 8, 4, 10, 9, 9, 10, 10, 9, 12, 9, 14, 1, 15, 9, 5, 9, 14, 4, 2, 9, 15, 12, 11, 15, 12, 4, 14, 15, 16, 2, 13, 9, 8, 7, 11, 11, 5, 11, 5, 7, 15, 2, 16, 14, 16, 15, 8, 3, 6, 11, 16, 8, 3, 11, 8, 7, 9, 3, 4, 11, 15, 9, 5, 6, 2, 12, 13, 10, 6, 11, 15, 2, 2, 13, 5, 12, 10, 9, 8, 9, 11, 9, 4, 5, 6, 5, 10, 6, 6, 3, 3, 10, 9, 10, 8, 2, 16, 11, 15, 9, 11, 3, 4, 9, 14, 2, 4, 12, 12, 9, 11, 6, 17, 10, 11, 3, 17, 10, 7, 14, 6, 5, 11, 11, 17, 9, 13, 2, 7, 5, 8, 12, 16, 7, 9, 4, 12, 11, 14, 3, 8, 8, 15, 14, 12, 9, 16, 5, 3, 4, 7, 9, 2, 8, 15, 7, 14, 2, 11, 11, 14, 5, 16, 4, 17, 13, 13, 4, 9, 8, 16, 10, 8, 14, 8, 2, 1, 2, 8, 5, 2, 11, 8, 10, 11, 11, 9, 5, 12, 9, 14, 12, 15, 6, 17, 7, 5, 9, 4, 2, 10, 6, 15, 6, 12, 14, 2, 8, 12, 2, 15, 2, 8, 4, 10, 8, 4, 14, 11, 5, 9, 4, 6, 8, 8, 3, 14, 4, 11, 3, 7, 10, 8, 10, 15, 9, 10, 3, 11, 9, 13, 8, 9, 11, 10, 6, 8, 8, 5, 14, 16, 2, 12, 15, 15, 8, 8, 6], dimension=490, value=92.95431671160283, stages=0, time=299.95777957887174}
