97.20579885235823,96.44154248059658,96.25168266914473,
PSO统计信息：
size = 50
iters = 3000
nfes = 150000
sum = 289.8990240020995
min = 96.25168266914473
max = 97.20579885235823
mean = 96.63300800069983
std = 0.5050531722589064
totaltime = 114.037s
avgtime = 38.01233333333334s
最优解：
Particle{, pBest=Solution{id=0, content=[14, 4, 11, 8, 3, 8, 11, 11, 8, 1, 14, 2, 15, 4, 15, 4, 11, 11, 12, 5, 11, 10, 15, 3, 15, 12, 9, 2, 12, 3, 2, 9, 12, 7, 15, 5, 15, 2, 8, 11, 6, 5, 8, 10, 15, 11, 15, 11, 2, 2, 13, 3, 11, 11, 8, 9, 15, 12, 6, 2, 12, 3, 3, 6, 14, 9, 14, 3, 2, 14, 14, 5, 15, 2, 7, 10, 6, 12, 8, 2, 14, 6, 8, 5, 8, 8, 14, 1, 14, 10, 11, 5, 11, 9, 9, 2, 4, 4, 14, 2, 11, 6, 10, 7, 15, 5, 17, 3, 14, 12, 4, 5, 8, 12, 15, 10, 15, 8, 12, 8, 8, 4, 13, 9, 8, 9, 11, 9, 12, 9, 6, 3, 14, 2, 8, 12, 14, 2, 13, 10, 14, 1, 3, 6, 14, 2, 10, 12, 15, 8, 15, 2, 15, 9, 8, 6, 15, 12, 11, 8, 11, 4, 16, 13, 9, 4, 5, 11, 2, 7, 12, 12, 5, 10, 5, 9, 6, 10, 8, 3, 8, 11, 14, 11, 12, 10, 2, 10, 15, 9, 9, 11, 4, 9, 2, 10, 8, 2, 2, 12, 12, 10, 10, 9, 9, 2, 8, 5, 15, 12, 8, 3, 11, 9, 5, 6, 15, 7, 10, 9, 15, 3, 13, 3, 8, 10, 3, 8, 15, 3, 14, 10, 4, 3, 12, 8, 14, 2, 2, 11, 10, 5, 12, 5, 12, 14, 15, 11, 12, 4, 8, 9, 15, 1, 6, 2, 16, 2, 5, 12, 8, 10, 12, 8, 15, 3, 14, 8, 9, 5, 11, 6, 11, 2, 6, 10, 12, 2, 12, 9, 15, 3, 6, 9, 6, 8, 14, 4, 15, 8, 14, 9, 8, 11, 12, 10, 15, 12, 3, 2, 11, 7, 15, 9, 10, 8, 14, 11, 11, 7, 8, 3, 15, 12, 12, 4, 10, 9, 15, 7, 13, 10, 4, 2, 14, 5, 11, 5, 5, 10, 8, 3, 11, 8, 11, 3, 5, 10, 12, 5, 10, 4, 9, 3, 15, 11, 15, 9, 2, 11, 2, 3, 5, 2, 11, 9, 8, 5, 11, 11, 9, 14, 5, 10, 14, 5, 14, 5, 10, 4, 14, 9, 12, 3, 12, 8, 12, 8, 14, 7, 15, 3, 5, 10, 12, 10, 2, 9, 11, 3, 11, 9, 14, 4, 8, 3, 9, 4, 2, 4, 11, 9, 14, 9, 10, 10, 6, 10, 16, 3, 2, 3, 6, 3, 4, 4, 11, 11, 17, 4, 2, 3, 4, 5, 7, 12, 9, 10, 15, 7, 16, 6, 15, 1, 2, 2, 14, 9, 12, 8, 15, 6, 12, 2, 17, 7, 8, 4, 14, 5, 11, 8, 8, 5, 15, 12, 15, 7, 6, 11, 14, 10, 11, 5, 12, 4, 15, 9, 5, 14, 14, 4, 8, 5, 12, 8, 8, 7, 11, 9, 8, 2, 11, 11, 15, 12, 14, 3, 8, 12], dimension=0, value=97.20579885235823, stages=0, time=0.0}Solution{id=22, content=[14, 4, 11, 8, 3, 8, 11, 11, 8, 1, 14, 2, 15, 4, 15, 4, 11, 11, 12, 5, 11, 10, 15, 3, 15, 12, 9, 2, 12, 3, 2, 9, 12, 7, 15, 5, 15, 2, 8, 11, 6, 5, 8, 10, 15, 11, 15, 11, 2, 2, 13, 3, 11, 11, 8, 9, 15, 12, 6, 2, 12, 3, 3, 6, 14, 9, 14, 3, 2, 14, 14, 5, 15, 2, 7, 10, 6, 12, 8, 2, 14, 6, 8, 5, 8, 8, 14, 1, 14, 10, 11, 5, 11, 9, 9, 2, 4, 4, 14, 2, 11, 6, 10, 7, 15, 5, 17, 3, 14, 12, 4, 5, 8, 12, 15, 10, 15, 8, 12, 8, 8, 4, 13, 9, 8, 9, 11, 9, 12, 9, 6, 3, 14, 2, 8, 12, 14, 2, 13, 10, 14, 1, 3, 6, 14, 2, 10, 12, 15, 8, 15, 2, 15, 9, 8, 6, 15, 12, 11, 8, 11, 4, 16, 13, 9, 4, 5, 11, 2, 7, 12, 12, 5, 10, 5, 9, 6, 10, 8, 3, 8, 11, 14, 11, 12, 10, 2, 10, 15, 9, 9, 11, 4, 9, 2, 10, 8, 2, 2, 12, 12, 10, 10, 9, 9, 2, 8, 5, 15, 12, 8, 3, 11, 9, 5, 6, 15, 7, 10, 9, 15, 3, 13, 3, 8, 10, 3, 8, 15, 3, 14, 10, 4, 3, 12, 8, 14, 2, 2, 11, 10, 5, 12, 5, 12, 14, 15, 11, 12, 4, 8, 9, 15, 1, 6, 2, 16, 2, 5, 12, 8, 10, 12, 8, 15, 3, 14, 8, 9, 5, 11, 6, 11, 2, 6, 10, 12, 2, 12, 9, 15, 3, 6, 9, 6, 8, 14, 4, 15, 8, 14, 9, 8, 11, 12, 10, 15, 12, 3, 2, 11, 7, 15, 9, 10, 8, 14, 11, 11, 7, 8, 3, 15, 12, 12, 4, 10, 9, 15, 7, 13, 10, 4, 2, 14, 5, 11, 5, 5, 10, 8, 3, 11, 8, 11, 3, 5, 10, 12, 5, 10, 4, 9, 3, 15, 11, 15, 9, 2, 11, 2, 3, 5, 2, 11, 9, 8, 5, 11, 11, 9, 14, 5, 10, 14, 5, 14, 5, 10, 4, 14, 9, 12, 3, 12, 8, 12, 8, 14, 7, 15, 3, 5, 10, 12, 10, 2, 9, 11, 3, 11, 9, 14, 4, 8, 3, 9, 4, 2, 4, 11, 9, 14, 9, 10, 10, 6, 10, 16, 3, 2, 3, 6, 3, 4, 4, 11, 11, 17, 4, 2, 3, 4, 5, 7, 12, 9, 10, 15, 7, 16, 6, 15, 1, 2, 2, 14, 9, 12, 8, 15, 6, 12, 2, 17, 7, 8, 4, 14, 5, 11, 8, 8, 5, 15, 12, 15, 7, 6, 11, 14, 10, 11, 5, 12, 4, 15, 9, 5, 14, 14, 4, 8, 5, 12, 8, 8, 7, 11, 9, 8, 2, 11, 11, 15, 12, 14, 3, 8, 12], dimension=490, value=97.20579885235823, stages=0, time=299.91259739256594}} 
最差解：
Particle{, pBest=Solution{id=0, content=[5, 9, 16, 1, 15, 8, 8, 2, 9, 2, 8, 10, 14, 11, 8, 14, 13, 2, 6, 4, 11, 5, 15, 9, 10, 3, 4, 9, 9, 10, 6, 8, 12, 6, 13, 5, 8, 3, 9, 12, 2, 4, 6, 2, 15, 4, 8, 2, 15, 5, 8, 13, 11, 11, 12, 8, 10, 4, 8, 12, 8, 9, 14, 2, 12, 5, 12, 12, 11, 12, 9, 2, 11, 9, 14, 9, 14, 2, 16, 2, 14, 13, 12, 5, 12, 11, 4, 3, 15, 11, 16, 11, 11, 5, 6, 12, 8, 9, 17, 9, 11, 11, 15, 8, 8, 6, 11, 11, 10, 12, 9, 11, 16, 2, 14, 2, 8, 10, 10, 9, 2, 1, 12, 9, 5, 10, 15, 8, 5, 12, 11, 3, 12, 6, 13, 8, 11, 9, 5, 11, 6, 3, 8, 10, 15, 1, 5, 12, 12, 12, 7, 2, 15, 11, 12, 8, 16, 8, 6, 3, 4, 2, 6, 9, 9, 9, 6, 7, 8, 2, 12, 5, 13, 5, 8, 2, 6, 9, 15, 4, 8, 2, 13, 8, 14, 11, 11, 7, 4, 3, 14, 10, 12, 12, 11, 9, 8, 6, 16, 2, 11, 11, 4, 11, 10, 9, 15, 6, 13, 12, 11, 9, 11, 2, 14, 2, 15, 12, 16, 10, 10, 9, 7, 2, 10, 9, 12, 12, 8, 5, 16, 3, 11, 8, 2, 8, 6, 9, 7, 12, 8, 11, 4, 11, 14, 8, 14, 2, 13, 4, 15, 11, 15, 5, 8, 11, 13, 10, 16, 8, 8, 6, 15, 8, 5, 11, 15, 9, 5, 3, 11, 10, 15, 9, 15, 5, 7, 10, 11, 4, 8, 14, 6, 9, 5, 9, 9, 2, 12, 5, 14, 9, 12, 3, 15, 2, 11, 3, 16, 10, 12, 6, 11, 9, 6, 2, 12, 10, 13, 5, 12, 12, 15, 8, 8, 3, 9, 10, 7, 12, 8, 10, 6, 8, 16, 6, 15, 5, 4, 10, 15, 2, 8, 2, 15, 3, 8, 5, 8, 3, 6, 3, 14, 8, 10, 9, 11, 10, 6, 4, 14, 2, 7, 10, 15, 10, 14, 10, 8, 6, 10, 14, 12, 12, 12, 10, 11, 5, 12, 10, 12, 12, 13, 8, 10, 5, 7, 10, 15, 8, 8, 12, 9, 11, 15, 5, 15, 3, 16, 12, 10, 3, 6, 3, 6, 9, 11, 7, 15, 8, 15, 7, 4, 5, 10, 10, 4, 10, 13, 5, 2, 3, 8, 10, 16, 2, 3, 11, 9, 4, 6, 4, 8, 6, 6, 3, 10, 9, 10, 3, 5, 3, 12, 12, 13, 3, 8, 12, 9, 11, 5, 5, 8, 12, 8, 2, 8, 6, 4, 8, 8, 12, 8, 2, 8, 7, 11, 11, 15, 7, 11, 9, 3, 7, 15, 4, 12, 3, 8, 4, 5, 8, 11, 5, 10, 4, 5, 3, 5, 3, 11, 9, 15, 6, 12, 3, 8, 3, 13, 5], dimension=0, value=96.25168266914473, stages=0, time=0.0}Solution{id=0, content=[5, 9, 16, 1, 15, 8, 8, 2, 9, 2, 8, 10, 14, 11, 8, 14, 13, 2, 6, 4, 11, 5, 15, 9, 10, 3, 4, 9, 9, 10, 6, 8, 12, 6, 13, 5, 8, 3, 9, 12, 2, 4, 6, 2, 15, 4, 8, 2, 15, 5, 8, 13, 11, 11, 12, 8, 10, 4, 8, 12, 8, 9, 14, 2, 12, 5, 12, 12, 11, 12, 9, 2, 11, 9, 14, 9, 14, 2, 16, 2, 14, 13, 12, 5, 12, 11, 4, 3, 15, 11, 16, 11, 11, 5, 6, 12, 8, 9, 17, 9, 11, 11, 15, 8, 8, 6, 11, 11, 10, 12, 9, 11, 16, 2, 14, 2, 8, 10, 10, 9, 2, 1, 12, 9, 5, 10, 15, 8, 5, 12, 11, 3, 12, 6, 13, 8, 11, 9, 5, 11, 6, 3, 8, 10, 15, 1, 5, 12, 12, 12, 7, 2, 15, 11, 12, 8, 16, 8, 6, 3, 4, 2, 6, 9, 9, 9, 6, 7, 8, 2, 12, 5, 13, 5, 8, 2, 6, 9, 15, 4, 8, 2, 13, 8, 14, 11, 11, 7, 4, 3, 14, 10, 12, 12, 11, 9, 8, 6, 16, 2, 11, 11, 4, 11, 10, 9, 15, 6, 13, 12, 11, 9, 11, 2, 14, 2, 15, 12, 16, 10, 10, 9, 7, 2, 10, 9, 12, 12, 8, 5, 16, 3, 11, 8, 2, 8, 6, 9, 7, 12, 8, 11, 4, 11, 14, 8, 14, 2, 13, 4, 15, 11, 15, 5, 8, 11, 13, 10, 16, 8, 8, 6, 15, 8, 5, 11, 15, 9, 5, 3, 11, 10, 15, 9, 15, 5, 7, 10, 11, 4, 8, 14, 6, 9, 5, 9, 9, 2, 12, 5, 14, 9, 12, 3, 15, 2, 11, 3, 16, 10, 12, 6, 11, 9, 6, 2, 12, 10, 13, 5, 12, 12, 15, 8, 8, 3, 9, 10, 7, 12, 8, 10, 6, 8, 16, 6, 15, 5, 4, 10, 15, 2, 8, 2, 15, 3, 8, 5, 8, 3, 6, 3, 14, 8, 10, 9, 11, 10, 6, 4, 14, 2, 7, 10, 15, 10, 14, 10, 8, 6, 10, 14, 12, 12, 12, 10, 11, 5, 12, 10, 12, 12, 13, 8, 10, 5, 7, 10, 15, 8, 8, 12, 9, 11, 15, 5, 15, 3, 16, 12, 10, 3, 6, 3, 6, 9, 11, 7, 15, 8, 15, 7, 4, 5, 10, 10, 4, 10, 13, 5, 2, 3, 8, 10, 16, 2, 3, 11, 9, 4, 6, 4, 8, 6, 6, 3, 10, 9, 10, 3, 5, 3, 12, 12, 13, 3, 8, 12, 9, 11, 5, 5, 8, 12, 8, 2, 8, 6, 4, 8, 8, 12, 8, 2, 8, 7, 11, 11, 15, 7, 11, 9, 3, 7, 15, 4, 12, 3, 8, 4, 5, 8, 11, 5, 10, 4, 5, 3, 5, 3, 11, 9, 15, 6, 12, 3, 8, 3, 13, 5], dimension=490, value=96.25168266914473, stages=0, time=297.9976245475167}} 
97.34176669892955,97.40066914423845,96.70548560448007,97.07646481474818,96.47594256046591,96.5618763705943,97.05572092856328,97.42902447045996,