97.30370475515844,96.68338505684218,96.4155083574439,96.80688678959407,96.73190279021131,96.1185081365641,96.18813956147703,96.8634495056721,96.91859564655552,96.45771849221077,96.64140714251315,96.69375000307517,96.61278714472083,97.51032693429309,96.36904930292008,96.31120682376651,95.89039332037814,97.09157174982329,96.77431257063505,96.640849419215,96.38651594116443,97.28309046757364,97.12853781098316,96.4184321869694,96.7283853744777,96.1560459186011,97.03417605675958,96.9862288243435,96.07588149586044,96.6121707525376,
PSO统计信息：
size = 50
iters = 4000
nfes = 200000
sum = 2899.83291833234
min = 95.89039332037814
max = 97.51032693429309
mean = 96.66109727774466
std = 0.3930857614981938
totaltime = 1787.747s
avgtime = 59.59156666666667s
最优解：
Particle{, pBest=Solution{id=0, content=[8, 5, 8, 7, 12, 3, 8, 3, 2, 1, 14, 2, 17, 7, 6, 10, 2, 2, 2, 2, 10, 4, 5, 8, 12, 10, 9, 4, 8, 3, 14, 10, 16, 5, 16, 2, 9, 14, 4, 5, 8, 10, 12, 5, 16, 5, 8, 9, 8, 12, 15, 11, 12, 3, 4, 2, 11, 10, 15, 5, 14, 7, 16, 4, 14, 4, 10, 10, 4, 9, 10, 8, 2, 1, 15, 8, 11, 11, 11, 9, 11, 7, 6, 11, 8, 11, 9, 10, 4, 11, 6, 3, 3, 8, 12, 3, 15, 5, 8, 12, 14, 9, 12, 8, 10, 11, 10, 12, 11, 5, 15, 9, 15, 8, 14, 2, 12, 12, 8, 10, 7, 2, 6, 12, 10, 3, 9, 2, 11, 11, 7, 5, 12, 5, 6, 9, 14, 11, 5, 11, 16, 12, 11, 12, 8, 10, 8, 11, 5, 5, 15, 4, 12, 12, 11, 5, 11, 12, 14, 4, 17, 9, 5, 8, 14, 11, 6, 7, 15, 3, 15, 8, 17, 7, 11, 9, 12, 8, 14, 11, 14, 10, 14, 4, 15, 3, 8, 7, 13, 12, 14, 9, 12, 11, 8, 2, 15, 5, 14, 4, 14, 2, 8, 12, 7, 2, 12, 12, 11, 7, 13, 10, 15, 5, 8, 4, 12, 4, 8, 4, 14, 9, 15, 8, 8, 9, 8, 12, 12, 10, 5, 5, 9, 5, 6, 9, 4, 1, 11, 12, 5, 11, 12, 9, 9, 4, 9, 4, 15, 9, 11, 2, 8, 3, 15, 5, 7, 11, 8, 4, 14, 9, 8, 2, 11, 2, 15, 12, 8, 8, 10, 4, 8, 2, 8, 10, 12, 3, 5, 2, 14, 4, 12, 9, 8, 12, 6, 9, 8, 3, 14, 9, 13, 5, 14, 9, 11, 8, 15, 5, 9, 1, 15, 4, 5, 10, 11, 12, 14, 11, 9, 9, 6, 4, 14, 3, 8, 7, 5, 13, 6, 8, 11, 10, 9, 2, 16, 10, 2, 9, 15, 8, 15, 10, 8, 9, 8, 3, 12, 3, 12, 10, 4, 5, 14, 8, 16, 2, 12, 3, 10, 13, 14, 4, 6, 8, 6, 10, 7, 10, 14, 4, 14, 2, 6, 10, 3, 9, 12, 8, 8, 3, 13, 2, 6, 7, 15, 3, 6, 8, 11, 2, 8, 2, 12, 12, 16, 3, 14, 11, 15, 2, 6, 3, 14, 2, 6, 2, 11, 11, 17, 5, 14, 2, 16, 10, 11, 9, 7, 3, 11, 15, 15, 5, 15, 2, 15, 2, 12, 3, 4, 14, 8, 5, 7, 10, 5, 10, 11, 8, 8, 9, 14, 9, 5, 10, 8, 7, 15, 11, 15, 9, 15, 8, 8, 6, 14, 4, 14, 8, 16, 9, 10, 2, 15, 5, 12, 7, 15, 3, 10, 12, 11, 8, 11, 5, 15, 2, 11, 7, 14, 10, 8, 5, 2, 8, 5, 3, 12, 8, 8, 2, 8, 3, 14, 4, 11, 10, 15, 7], dimension=0, value=97.51032693429309, stages=0, time=0.0}Solution{id=31, content=[8, 5, 8, 7, 12, 3, 8, 3, 2, 1, 14, 2, 17, 7, 6, 10, 2, 2, 2, 2, 10, 4, 5, 8, 12, 10, 9, 4, 8, 3, 14, 10, 16, 5, 16, 2, 9, 14, 4, 5, 8, 10, 12, 5, 16, 5, 8, 9, 8, 12, 15, 11, 12, 3, 4, 2, 11, 10, 15, 5, 14, 7, 16, 4, 14, 4, 10, 10, 4, 9, 10, 8, 2, 1, 15, 8, 11, 11, 11, 9, 11, 7, 6, 11, 8, 11, 9, 10, 4, 11, 6, 3, 3, 8, 12, 3, 15, 5, 8, 12, 14, 9, 12, 8, 10, 11, 10, 12, 11, 5, 15, 9, 15, 8, 14, 2, 12, 12, 8, 10, 7, 2, 6, 12, 10, 3, 9, 2, 11, 11, 7, 5, 12, 5, 6, 9, 14, 11, 5, 11, 16, 12, 11, 12, 8, 10, 8, 11, 5, 5, 15, 4, 12, 12, 11, 5, 11, 12, 14, 4, 17, 9, 5, 8, 14, 11, 6, 7, 15, 3, 15, 8, 17, 7, 11, 9, 12, 8, 14, 11, 14, 10, 14, 4, 15, 3, 8, 7, 13, 12, 14, 9, 12, 11, 8, 2, 15, 5, 14, 4, 14, 2, 8, 12, 7, 2, 12, 12, 11, 7, 13, 10, 15, 5, 8, 4, 12, 4, 8, 4, 14, 9, 15, 8, 8, 9, 8, 12, 12, 10, 5, 5, 9, 5, 6, 9, 4, 1, 11, 12, 5, 11, 12, 9, 9, 4, 9, 4, 15, 9, 11, 2, 8, 3, 15, 5, 7, 11, 8, 4, 14, 9, 8, 2, 11, 2, 15, 12, 8, 8, 10, 4, 8, 2, 8, 10, 12, 3, 5, 2, 14, 4, 12, 9, 8, 12, 6, 9, 8, 3, 14, 9, 13, 5, 14, 9, 11, 8, 15, 5, 9, 1, 15, 4, 5, 10, 11, 12, 14, 11, 9, 9, 6, 4, 14, 3, 8, 7, 5, 13, 6, 8, 11, 10, 9, 2, 16, 10, 2, 9, 15, 8, 15, 10, 8, 9, 8, 3, 12, 3, 12, 10, 4, 5, 14, 8, 16, 2, 12, 3, 10, 13, 14, 4, 6, 8, 6, 10, 7, 10, 14, 4, 14, 2, 6, 10, 3, 9, 12, 8, 8, 3, 13, 2, 6, 7, 15, 3, 6, 8, 11, 2, 8, 2, 12, 12, 16, 3, 14, 11, 15, 2, 6, 3, 14, 2, 6, 2, 11, 11, 17, 5, 14, 2, 16, 10, 11, 9, 7, 3, 11, 15, 15, 5, 15, 2, 15, 2, 12, 3, 4, 14, 8, 5, 7, 10, 5, 10, 11, 8, 8, 9, 14, 9, 5, 10, 8, 7, 15, 11, 15, 9, 15, 8, 8, 6, 14, 4, 14, 8, 16, 9, 10, 2, 15, 5, 12, 7, 15, 3, 10, 12, 11, 8, 11, 5, 15, 2, 11, 7, 14, 10, 8, 5, 2, 8, 5, 3, 12, 8, 8, 2, 8, 3, 14, 4, 11, 10, 15, 7], dimension=490, value=97.51032693429309, stages=0, time=297.475447060445}} 
最差解：
Particle{, pBest=Solution{id=0, content=[2, 11, 8, 6, 11, 9, 8, 6, 2, 9, 15, 9, 12, 3, 12, 5, 4, 9, 11, 11, 8, 2, 8, 10, 12, 12, 15, 12, 14, 10, 15, 9, 8, 5, 14, 4, 8, 1, 14, 9, 8, 10, 16, 3, 14, 9, 11, 8, 11, 9, 12, 8, 16, 2, 10, 12, 10, 1, 12, 12, 15, 3, 11, 2, 14, 2, 15, 1, 7, 3, 6, 8, 11, 4, 14, 5, 4, 2, 10, 10, 8, 3, 15, 11, 13, 10, 14, 8, 4, 2, 10, 11, 15, 12, 12, 8, 14, 2, 15, 12, 5, 3, 9, 5, 8, 13, 12, 6, 15, 5, 6, 6, 14, 2, 8, 9, 9, 2, 14, 10, 3, 9, 15, 11, 12, 3, 15, 5, 8, 5, 8, 7, 14, 2, 15, 7, 11, 12, 11, 5, 16, 10, 9, 2, 8, 12, 8, 9, 8, 10, 12, 9, 5, 2, 9, 4, 11, 6, 6, 9, 13, 6, 11, 7, 8, 2, 15, 12, 8, 1, 12, 5, 2, 5, 10, 11, 12, 8, 16, 10, 10, 2, 10, 12, 10, 2, 13, 7, 15, 5, 14, 10, 8, 6, 6, 13, 17, 11, 5, 3, 12, 4, 12, 10, 9, 9, 6, 6, 11, 3, 8, 10, 6, 9, 9, 2, 2, 2, 15, 7, 10, 9, 3, 3, 14, 4, 12, 3, 2, 2, 16, 3, 11, 2, 8, 8, 10, 9, 14, 10, 15, 6, 15, 8, 12, 5, 14, 9, 12, 12, 4, 1, 15, 10, 8, 10, 11, 4, 12, 12, 13, 6, 14, 2, 15, 5, 14, 10, 7, 3, 13, 11, 15, 8, 15, 5, 6, 2, 15, 11, 6, 14, 13, 8, 5, 3, 2, 5, 15, 11, 12, 8, 11, 8, 14, 9, 11, 11, 11, 4, 15, 7, 3, 4, 12, 12, 8, 4, 11, 7, 12, 4, 3, 10, 5, 4, 15, 12, 15, 5, 6, 13, 15, 5, 15, 9, 13, 4, 14, 10, 8, 2, 11, 3, 12, 9, 8, 13, 8, 13, 14, 8, 9, 4, 15, 11, 12, 3, 11, 6, 8, 5, 14, 8, 5, 9, 8, 12, 10, 9, 10, 5, 15, 12, 16, 9, 8, 3, 11, 1, 12, 5, 17, 6, 5, 6, 11, 5, 4, 2, 11, 9, 11, 2, 17, 7, 5, 3, 5, 2, 16, 9, 13, 10, 10, 9, 13, 5, 15, 9, 8, 11, 11, 7, 11, 13, 8, 4, 7, 7, 6, 10, 6, 2, 6, 5, 17, 11, 2, 10, 7, 3, 9, 12, 4, 12, 11, 6, 12, 8, 8, 8, 10, 8, 15, 8, 4, 8, 5, 4, 12, 5, 13, 7, 5, 2, 10, 3, 9, 2, 8, 12, 4, 1, 8, 3, 8, 4, 2, 10, 12, 3, 9, 10, 7, 2, 16, 10, 12, 12, 11, 5, 8, 3, 16, 10, 11, 4, 4, 12, 8, 6, 2, 8, 10, 9, 11, 11, 4, 2], dimension=0, value=95.89039332037814, stages=0, time=0.0}Solution{id=40, content=[2, 11, 8, 6, 11, 9, 8, 6, 2, 9, 15, 9, 12, 3, 12, 5, 4, 9, 11, 11, 8, 2, 8, 10, 12, 12, 15, 12, 14, 10, 15, 9, 8, 5, 14, 4, 8, 1, 14, 9, 8, 10, 16, 3, 14, 9, 11, 8, 11, 9, 12, 8, 16, 2, 10, 12, 10, 1, 12, 12, 15, 3, 11, 2, 14, 2, 15, 1, 7, 3, 6, 8, 11, 4, 14, 5, 4, 2, 10, 10, 8, 3, 15, 11, 13, 10, 14, 8, 4, 2, 10, 11, 15, 12, 12, 8, 14, 2, 15, 12, 5, 3, 9, 5, 8, 13, 12, 6, 15, 5, 6, 6, 14, 2, 8, 9, 9, 2, 14, 10, 3, 9, 15, 11, 12, 3, 15, 5, 8, 5, 8, 7, 14, 2, 15, 7, 11, 12, 11, 5, 16, 10, 9, 2, 8, 12, 8, 9, 8, 10, 12, 9, 5, 2, 9, 4, 11, 6, 6, 9, 13, 6, 11, 7, 8, 2, 15, 12, 8, 1, 12, 5, 2, 5, 10, 11, 12, 8, 16, 10, 10, 2, 10, 12, 10, 2, 13, 7, 15, 5, 14, 10, 8, 6, 6, 13, 17, 11, 5, 3, 12, 4, 12, 10, 9, 9, 6, 6, 11, 3, 8, 10, 6, 9, 9, 2, 2, 2, 15, 7, 10, 9, 3, 3, 14, 4, 12, 3, 2, 2, 16, 3, 11, 2, 8, 8, 10, 9, 14, 10, 15, 6, 15, 8, 12, 5, 14, 9, 12, 12, 4, 1, 15, 10, 8, 10, 11, 4, 12, 12, 13, 6, 14, 2, 15, 5, 14, 10, 7, 3, 13, 11, 15, 8, 15, 5, 6, 2, 15, 11, 6, 14, 13, 8, 5, 3, 2, 5, 15, 11, 12, 8, 11, 8, 14, 9, 11, 11, 11, 4, 15, 7, 3, 4, 12, 12, 8, 4, 11, 7, 12, 4, 3, 10, 5, 4, 15, 12, 15, 5, 6, 13, 15, 5, 15, 9, 13, 4, 14, 10, 8, 2, 11, 3, 12, 9, 8, 13, 8, 13, 14, 8, 9, 4, 15, 11, 12, 3, 11, 6, 8, 5, 14, 8, 5, 9, 8, 12, 10, 9, 10, 5, 15, 12, 16, 9, 8, 3, 11, 1, 12, 5, 17, 6, 5, 6, 11, 5, 4, 2, 11, 9, 11, 2, 17, 7, 5, 3, 5, 2, 16, 9, 13, 10, 10, 9, 13, 5, 15, 9, 8, 11, 11, 7, 11, 13, 8, 4, 7, 7, 6, 10, 6, 2, 6, 5, 17, 11, 2, 10, 7, 3, 9, 12, 4, 12, 11, 6, 12, 8, 8, 8, 10, 8, 15, 8, 4, 8, 5, 4, 12, 5, 13, 7, 5, 2, 10, 3, 9, 2, 8, 12, 4, 1, 8, 3, 8, 4, 2, 10, 12, 3, 9, 10, 7, 2, 16, 10, 12, 12, 11, 5, 8, 3, 16, 10, 11, 4, 4, 12, 8, 6, 2, 8, 10, 9, 11, 11, 4, 2], dimension=490, value=95.89039332037814, stages=0, time=299.5066420080974}} 
