92.56881107337644,91.23776881930122,91.57347075641178,
WWO统计信息：
size = 50
iters = 3000
nfes = 150000
sum = 275.3800506490894
min = 91.23776881930122
max = 92.56881107337644
mean = 91.79335021636314
std = 0.6922272771386472
totaltime = 129.981s
avgtime = 43.327s
最优解：
Wave{amplitude=12.0, length=-1.3497031120359478E65} Solution{id=46, content=[6, 8, 12, 2, 10, 14, 8, 9, 11, 2, 11, 9, 2, 0, 17, 5, 2, 12, 10, 5, 5, 8, 11, 3, 3, 4, 8, 1, 13, 6, 12, 2, 8, 3, 10, 5, 9, 11, 8, 1, 2, 1, 12, 7, 3, 4, 2, 8, 5, 11, 4, 2, 10, 0, 11, 5, 5, 9, 7, 3, 14, 1, 15, 13, 15, 1, 2, 9, 9, 10, 15, 8, 14, 9, 13, 3, 13, 7, 3, 1, 6, 10, 12, 12, 12, 5, 15, 6, 11, 3, 12, 6, 5, 10, 10, 9, 2, 6, 9, 13, 14, 1, 11, 5, 8, 5, 11, 9, 2, 4, 8, 7, 1, 10, 14, 1, 2, 1, 12, 1, 8, 10, 14, 2, 13, 13, 2, 2, 1, 3, 4, 8, 2, 9, 10, 9, 9, 2, 3, 3, 10, 10, 2, 4, 9, 2, 5, 9, 8, 2, 4, 8, 8, 8, 13, 8, 5, 7, 14, 2, 5, 3, 9, 6, 9, 5, 8, 2, 8, 4, 14, 2, 14, 3, 5, 7, 13, 9, 14, 2, 14, 1, 3, 10, 13, 11, 4, 4, 13, 10, 14, 9, 7, 1, 2, 1, 8, 5, 11, 4, 9, 2, 5, 3, 9, 11, 12, 9, 10, 7, 13, 5, 15, 8, 14, 2, 8, 0, 15, 9, 10, 4, 4, 7, 10, 9, 8, 10, 8, 7, 6, 9, 8, 13, 15, 8, 8, 1, 3, 9, 8, 1, 13, 6, 3, 11, 14, 9, 12, 3, 4, 2, 9, 3, 14, 6, 13, 12, 8, 3, 3, 10, 8, 6, 2, 2, 4, 7, 11, 9, 5, 5, 5, 2, 11, 7, 11, 12, 8, 10, 11, 7, 2, 6, 7, 10, 2, 1, 8, 2, 10, 7, 10, 1, 6, 3, 1, 5, 11, 11, 4, 11, 6, 10, 13, 6, 11, 9, 14, 5, 12, 11, 2, 2, 2, 11, 3, 6, 14, 5, 8, 14, 17, 6, 5, 5, 6, 1, 11, 0, 14, 2, 15, 8, 15, 3, 8, 3, 1, 5, 9, 1, 10, 7, 11, 6, 7, 8, 11, 5, 15, 8, 14, 10, 5, 4, 12, 9, 7, 10, 2, 2, 8, 3, 11, 11, 2, 5, 13, 2, 3, 15, 5, 0, 7, 10, 13, 8, 4, 3, 5, 2, 15, 1, 6, 7, 15, 5, 14, 2, 2, 9, 4, 12, 8, 1, 8, 2, 5, 3, 4, 12, 5, 14, 2, 8, 2, 1, 2, 8, 6, 5, 8, 11, 2, 7, 10, 6, 11, 5, 1, 10, 15, 3, 10, 3, 5, 2, 5, 6, 3, 3, 8, 10, 1, 12, 13, 13, 2, 2, 13, 9, 11, 7, 8, 10, 4, 10, 4, 4, 14, 9, 10, 1, 4, 8, 12, 9, 6, 9, 11, 5, 9, 1, 9, 1, 15, 11, 9, 1, 8, 8, 8, 7, 5, 4, 14, 4, 8, 4, 6, 12, 10, 4, 9, 6, 11, 10, 11, 7], dimension=490, value=92.56881107337644, stages=0, time=295.6988731048937}
最差解：
Wave{amplitude=12.0, length=1.0426069742082144E104} Solution{id=32, content=[9, 11, 5, 3, 8, 8, 4, 3, 6, 3, 9, 12, 4, 4, 6, 4, 2, 7, 8, 1, 5, 4, 9, 9, 10, 5, 9, 5, 3, 9, 10, 11, 6, 11, 6, 5, 14, 1, 11, 9, 11, 4, 7, 4, 5, 3, 13, 7, 12, 11, 8, 1, 15, 5, 16, 7, 11, 7, 8, 2, 3, 6, 11, 12, 2, 4, 8, 3, 8, 6, 5, 11, 13, 7, 2, 2, 11, 2, 8, 3, 9, 1, 14, 9, 6, 5, 15, 6, 4, 7, 8, 3, 8, 1, 7, 14, 8, 3, 7, 6, 7, 10, 8, 8, 11, 9, 3, 10, 9, 2, 14, 13, 3, 9, 2, 5, 14, 1, 12, 11, 10, 10, 12, 8, 10, 13, 8, 9, 6, 9, 9, 10, 12, 10, 11, 5, 8, 9, 1, 8, 4, 10, 13, 7, 2, 14, 8, 7, 7, 4, 5, 5, 2, 3, 11, 8, 3, 1, 6, 3, 8, 9, 6, 2, 9, 1, 6, 5, 2, 6, 11, 1, 14, 10, 11, 2, 6, 9, 2, 7, 5, 1, 10, 5, 8, 2, 7, 2, 6, 5, 9, 5, 8, 5, 15, 10, 10, 6, 7, 4, 10, 3, 13, 6, 4, 8, 8, 10, 5, 0, 7, 1, 15, 5, 11, 7, 5, 5, 12, 3, 11, 5, 1, 1, 12, 6, 15, 7, 13, 2, 3, 14, 15, 7, 12, 3, 12, 12, 8, 2, 10, 1, 6, 8, 13, 4, 8, 11, 12, 2, 14, 4, 1, 10, 12, 5, 11, 9, 11, 9, 8, 10, 6, 2, 14, 1, 5, 4, 7, 5, 10, 5, 16, 3, 13, 2, 4, 8, 4, 3, 10, 9, 2, 5, 5, 6, 8, 6, 15, 1, 14, 10, 3, 2, 8, 3, 14, 5, 10, 9, 12, 3, 5, 2, 11, 9, 9, 2, 11, 0, 9, 9, 10, 5, 13, 4, 11, 6, 3, 11, 5, 1, 6, 6, 3, 6, 2, 8, 7, 8, 2, 8, 8, 1, 7, 3, 6, 5, 5, 7, 6, 5, 6, 3, 2, 10, 3, 3, 11, 2, 10, 8, 7, 0, 6, 3, 5, 10, 4, 2, 13, 4, 8, 0, 11, 2, 7, 9, 12, 4, 8, 2, 13, 9, 8, 10, 2, 10, 11, 6, 8, 9, 4, 1, 7, 1, 8, 2, 10, 5, 3, 5, 12, 11, 8, 8, 1, 1, 4, 10, 4, 1, 8, 2, 11, 7, 8, 3, 4, 8, 13, 6, 4, 11, 11, 6, 2, 11, 2, 4, 8, 1, 5, 12, 3, 3, 12, 6, 11, 4, 14, 2, 15, 6, 8, 2, 12, 6, 14, 9, 8, 4, 11, 11, 6, 14, 12, 3, 6, 8, 11, 1, 12, 2, 8, 9, 8, 8, 4, 10, 12, 10, 7, 1, 6, 2, 7, 10, 7, 10, 11, 10, 11, 12, 6, 3, 11, 9, 5, 6, 7, 2, 14, 6, 10, 4, 5, 9, 8, 8], dimension=490, value=91.23776881930122, stages=0, time=279.533519126459}
90.54971796256407,91.70541706528448,91.51935050779278,
WWO统计信息：
size = 50
iters = 4000
nfes = 200000
sum = 273.77448553564136
min = 90.54971796256407
max = 91.70541706528448
mean = 91.25816184521379
std = 0.6205439082788929
totaltime = 170.98s
avgtime = 56.99333333333333s
最优解：
Wave{amplitude=12.0, length=1.936830743599662E95} Solution{id=47, content=[4, 1, 12, 4, 1, 1, 8, 9, 12, 7, 2, 7, 6, 3, 11, 11, 12, 5, 3, 5, 18, 10, 2, 7, 9, 5, 14, 8, 5, 11, 3, 9, 8, 8, 4, 11, 2, 10, 7, 8, 13, 9, 5, 6, 15, 14, 15, 9, 10, 5, 13, 4, 7, 14, 3, 2, 10, 9, 15, 12, 2, 3, 9, 2, 1, 8, 2, 3, 5, 2, 6, 2, 8, 11, 8, 10, 11, 5, 11, 5, 7, 2, 3, 3, 7, 3, 16, 2, 8, 5, 3, 14, 14, 1, 11, 3, 12, 12, 2, 0, 15, 8, 11, 1, 13, 1, 11, 4, 13, 5, 11, 3, 6, 8, 11, 11, 14, 13, 2, 2, 5, 9, 14, 1, 8, 2, 7, 1, 12, 2, 2, 5, 6, 3, 13, 5, 5, 4, 5, 4, 4, 5, 12, 10, 10, 1, 15, 2, 3, 3, 5, 2, 12, 0, 8, 4, 15, 11, 5, 9, 14, 1, 4, 5, 12, 7, 5, 6, 6, 11, 5, 10, 8, 6, 4, 4, 12, 8, 8, 3, 6, 3, 11, 0, 2, 0, 16, 2, 2, 12, 14, 2, 5, 10, 12, 2, 5, 2, 8, 2, 2, 4, 7, 9, 2, 7, 11, 5, 3, 10, 6, 5, 10, 8, 16, 10, 3, 9, 6, 2, 3, 10, 12, 14, 11, 3, 10, 9, 11, 4, 10, 8, 13, 2, 11, 11, 10, 6, 11, 4, 4, 10, 14, 14, 5, 9, 2, 9, 4, 5, 15, 13, 14, 10, 11, 10, 16, 10, 5, 8, 8, 12, 2, 11, 7, 2, 11, 5, 5, 7, 11, 8, 12, 3, 11, 6, 8, 4, 12, 9, 10, 7, 8, 9, 7, 2, 7, 4, 2, 8, 15, 3, 11, 3, 12, 2, 2, 9, 2, 11, 3, 5, 1, 1, 14, 12, 6, 14, 6, 13, 2, 5, 2, 12, 12, 0, 9, 5, 6, 10, 6, 1, 1, 10, 15, 6, 8, 4, 11, 14, 2, 5, 11, 5, 2, 5, 6, 7, 6, 0, 9, 1, 11, 3, 11, 14, 11, 1, 6, 7, 4, 3, 8, 5, 5, 5, 5, 6, 5, 6, 7, 4, 15, 11, 5, 8, 5, 7, 13, 5, 13, 2, 12, 6, 3, 9, 1, 7, 5, 8, 11, 9, 11, 5, 15, 6, 6, 1, 13, 12, 8, 10, 5, 8, 8, 4, 12, 1, 2, 3, 11, 12, 11, 5, 10, 1, 6, 10, 15, 9, 10, 3, 8, 6, 8, 6, 8, 6, 11, 7, 14, 6, 4, 1, 14, 4, 7, 2, 2, 9, 12, 7, 15, 8, 15, 9, 5, 5, 13, 8, 6, 12, 4, 12, 7, 5, 8, 11, 8, 1, 4, 2, 8, 9, 12, 3, 7, 10, 5, 7, 7, 0, 15, 9, 16, 1, 2, 9, 1, 9, 2, 3, 11, 1, 6, 5, 10, 2, 9, 2, 10, 8, 13, 6, 2, 5, 4, 7, 14, 9], dimension=490, value=91.70541706528448, stages=0, time=299.77123086085777}
最差解：
Wave{amplitude=12.0, length=-1.1176622204782345E85} Solution{id=12, content=[15, 3, 9, 12, 6, 5, 15, 1, 6, 10, 9, 10, 4, 8, 14, 11, 16, 10, 4, 2, 6, 3, 8, 8, 7, 1, 15, 4, 8, 5, 4, 9, 5, 2, 14, 9, 13, 3, 9, 13, 11, 0, 2, 5, 8, 9, 1, 2, 1, 1, 8, 2, 11, 5, 10, 12, 6, 4, 12, 3, 2, 5, 2, 3, 12, 12, 6, 0, 16, 3, 8, 3, 12, 4, 13, 9, 5, 7, 5, 3, 10, 8, 10, 11, 2, 6, 6, 9, 12, 3, 8, 1, 9, 9, 8, 9, 9, 5, 8, 4, 14, 4, 11, 2, 9, 5, 1, 3, 6, 9, 12, 5, 17, 1, 5, 3, 8, 5, 8, 10, 4, 11, 15, 3, 10, 2, 11, 9, 11, 2, 5, 11, 18, 4, 14, 8, 5, 1, 10, 4, 14, 4, 8, 9, 2, 1, 6, 8, 11, 2, 8, 9, 8, 2, 8, 9, 3, 8, 15, 1, 4, 9, 9, 1, 4, 2, 4, 2, 13, 6, 4, 5, 8, 2, 10, 6, 7, 10, 13, 5, 4, 5, 13, 8, 13, 9, 17, 10, 8, 2, 7, 12, 12, 1, 10, 7, 15, 1, 2, 10, 14, 11, 16, 3, 6, 5, 6, 3, 7, 6, 12, 6, 15, 7, 5, 11, 8, 2, 12, 8, 5, 5, 5, 6, 7, 8, 2, 10, 6, 5, 5, 3, 3, 8, 11, 8, 2, 12, 2, 2, 5, 3, 8, 9, 12, 6, 5, 8, 2, 3, 11, 5, 3, 1, 10, 11, 11, 12, 11, 4, 2, 3, 7, 2, 15, 1, 15, 3, 6, 7, 7, 0, 6, 8, 7, 1, 5, 10, 5, 9, 9, 3, 8, 2, 8, 12, 18, 3, 5, 3, 7, 7, 2, 5, 12, 5, 14, 6, 13, 10, 5, 10, 16, 4, 10, 6, 11, 7, 8, 0, 2, 7, 2, 13, 2, 4, 12, 2, 17, 11, 15, 1, 11, 1, 8, 9, 5, 6, 4, 14, 10, 5, 15, 12, 15, 0, 8, 4, 5, 10, 9, 6, 4, 2, 4, 7, 2, 2, 13, 9, 11, 1, 11, 7, 3, 3, 8, 10, 10, 2, 11, 8, 9, 10, 7, 13, 4, 4, 10, 5, 6, 7, 14, 2, 12, 9, 9, 3, 5, 3, 2, 5, 5, 8, 13, 7, 8, 1, 6, 3, 9, 1, 2, 8, 9, 4, 10, 1, 6, 8, 6, 6, 1, 3, 5, 10, 5, 12, 4, 11, 11, 5, 13, 1, 6, 12, 14, 1, 11, 4, 8, 5, 8, 8, 9, 1, 5, 1, 10, 1, 10, 5, 4, 12, 7, 13, 13, 2, 5, 9, 8, 4, 18, 4, 5, 4, 13, 8, 4, 8, 12, 1, 12, 4, 11, 9, 15, 1, 14, 12, 1, 1, 6, 6, 10, 7, 7, 10, 3, 5, 15, 14, 9, 2, 8, 11, 14, 6, 7, 9, 5, 4, 12, 8, 5, 4, 8, 10, 10, 5], dimension=490, value=90.54971796256407, stages=0, time=285.03760515435084}
91.50409532496327,91.11017703390189,91.66071535363825,
WWO统计信息：
size = 50
iters = 5000
nfes = 250000
sum = 274.2749877125034
min = 91.11017703390189
max = 91.66071535363825
mean = 91.4249959041678
std = 0.2836646773078521
totaltime = 210.905s
avgtime = 70.30166666666666s
最优解：
Wave{amplitude=12.0, length=3.4037728720184104E194} Solution{id=7, content=[14, 7, 8, 8, 2, 9, 2, 4, 6, 10, 15, 7, 3, 6, 4, 1, 5, 2, 5, 4, 9, 5, 15, 3, 12, 8, 8, 9, 14, 11, 15, 6, 2, 6, 8, 11, 8, 12, 2, 5, 9, 7, 8, 4, 9, 2, 8, 14, 8, 5, 11, 7, 11, 5, 6, 4, 2, 6, 9, 8, 14, 6, 2, 1, 1, 10, 8, 7, 3, 2, 3, 1, 8, 1, 7, 9, 17, 4, 10, 8, 1, 3, 6, 7, 7, 9, 3, 8, 11, 6, 7, 1, 6, 10, 5, 8, 11, 8, 10, 4, 2, 9, 7, 2, 15, 5, 11, 5, 2, 1, 8, 7, 15, 1, 8, 12, 1, 4, 12, 6, 9, 2, 5, 11, 6, 8, 6, 7, 5, 8, 4, 11, 2, 3, 8, 9, 11, 3, 12, 2, 14, 8, 8, 6, 2, 2, 3, 12, 13, 4, 3, 5, 8, 1, 12, 3, 6, 9, 8, 10, 5, 7, 4, 1, 5, 10, 11, 5, 4, 2, 4, 6, 8, 6, 15, 7, 8, 3, 4, 8, 12, 12, 3, 2, 8, 5, 10, 1, 15, 5, 4, 9, 2, 11, 1, 1, 5, 5, 11, 9, 5, 7, 8, 5, 2, 3, 1, 0, 1, 3, 7, 9, 9, 10, 11, 6, 12, 7, 15, 11, 8, 9, 8, 5, 9, 5, 14, 2, 9, 8, 15, 4, 14, 11, 14, 9, 9, 4, 4, 12, 12, 5, 8, 11, 8, 4, 5, 6, 11, 6, 12, 6, 1, 14, 8, 2, 5, 2, 12, 6, 11, 1, 6, 7, 15, 12, 6, 2, 8, 10, 9, 1, 11, 11, 15, 6, 6, 2, 7, 1, 8, 8, 5, 0, 8, 8, 10, 3, 11, 8, 8, 6, 2, 3, 8, 5, 16, 5, 12, 10, 7, 4, 6, 6, 12, 9, 10, 6, 10, 2, 12, 8, 2, 5, 12, 5, 11, 5, 15, 3, 11, 14, 10, 4, 10, 3, 4, 10, 5, 2, 14, 2, 5, 6, 3, 8, 6, 3, 4, 9, 5, 9, 2, 9, 14, 10, 2, 9, 12, 2, 2, 6, 17, 10, 4, 1, 1, 6, 14, 1, 16, 12, 5, 2, 5, 8, 4, 2, 7, 1, 12, 0, 3, 8, 7, 10, 5, 15, 6, 5, 13, 11, 8, 1, 15, 6, 5, 2, 16, 6, 9, 2, 14, 4, 7, 4, 2, 7, 4, 11, 6, 8, 8, 10, 10, 1, 12, 9, 10, 5, 7, 8, 12, 1, 8, 8, 11, 3, 14, 5, 1, 4, 6, 10, 9, 12, 2, 9, 1, 8, 6, 7, 11, 3, 6, 13, 10, 1, 13, 9, 4, 8, 5, 10, 3, 11, 2, 4, 8, 2, 11, 2, 15, 2, 11, 11, 4, 5, 12, 2, 11, 1, 12, 2, 13, 7, 4, 5, 2, 8, 5, 9, 4, 0, 14, 3, 17, 12, 11, 11, 14, 4, 6, 8, 8, 1, 1, 2, 6, 9], dimension=490, value=91.66071535363825, stages=0, time=283.9623896273894}
最差解：
Wave{amplitude=12.0, length=-9.224295590970364E132} Solution{id=41, content=[3, 8, 9, 5, 11, 5, 4, 1, 3, 1, 8, 1, 6, 2, 2, 5, 16, 9, 9, 3, 10, 10, 5, 11, 11, 12, 12, 7, 11, 4, 12, 7, 4, 6, 10, 5, 2, 3, 8, 1, 4, 3, 6, 7, 14, 7, 8, 2, 8, 2, 11, 2, 4, 2, 8, 8, 4, 2, 8, 5, 7, 10, 1, 8, 1, 5, 10, 4, 8, 6, 9, 6, 11, 9, 6, 2, 8, 4, 10, 4, 5, 4, 12, 2, 17, 6, 1, 4, 4, 5, 5, 4, 4, 10, 7, 9, 15, 1, 5, 5, 7, 2, 5, 4, 2, 3, 9, 4, 2, 12, 8, 3, 12, 0, 7, 1, 7, 2, 11, 8, 10, 6, 17, 6, 4, 10, 12, 2, 11, 6, 8, 6, 2, 0, 10, 3, 13, 2, 5, 8, 3, 3, 7, 9, 8, 9, 5, 12, 12, 8, 12, 1, 12, 1, 3, 9, 10, 8, 3, 12, 10, 4, 6, 8, 5, 8, 9, 3, 8, 11, 5, 6, 14, 10, 6, 7, 12, 10, 5, 6, 5, 10, 8, 11, 12, 5, 4, 3, 11, 8, 2, 5, 3, 5, 2, 8, 2, 10, 4, 4, 6, 4, 11, 10, 13, 8, 11, 9, 11, 10, 3, 7, 1, 1, 12, 5, 8, 8, 13, 13, 14, 5, 11, 7, 3, 6, 8, 8, 17, 2, 13, 12, 8, 5, 12, 5, 5, 11, 10, 7, 16, 10, 2, 9, 5, 6, 8, 2, 8, 11, 12, 8, 9, 3, 6, 9, 6, 7, 13, 2, 14, 1, 4, 3, 18, 1, 11, 6, 2, 1, 3, 2, 8, 1, 6, 6, 8, 7, 4, 10, 15, 7, 9, 1, 8, 3, 12, 5, 5, 7, 12, 5, 6, 2, 17, 8, 5, 6, 7, 3, 14, 9, 2, 3, 11, 11, 6, 14, 12, 6, 12, 7, 7, 4, 12, 5, 8, 4, 10, 14, 10, 3, 4, 9, 6, 5, 3, 3, 6, 2, 13, 2, 12, 10, 3, 8, 5, 12, 5, 7, 15, 2, 11, 3, 6, 9, 10, 11, 10, 9, 1, 3, 6, 11, 6, 2, 3, 2, 7, 1, 10, 2, 3, 10, 4, 3, 2, 8, 12, 9, 15, 3, 5, 2, 10, 3, 7, 3, 12, 8, 10, 6, 7, 6, 12, 6, 13, 2, 14, 1, 7, 5, 2, 7, 7, 1, 6, 1, 5, 9, 11, 9, 8, 3, 10, 9, 12, 13, 6, 5, 4, 3, 15, 3, 2, 1, 1, 2, 12, 10, 5, 6, 4, 9, 6, 3, 8, 9, 12, 5, 6, 6, 3, 9, 6, 1, 13, 8, 6, 2, 2, 1, 11, 12, 10, 5, 11, 9, 10, 5, 5, 2, 4, 1, 5, 1, 8, 12, 9, 4, 14, 12, 14, 2, 7, 4, 8, 1, 7, 11, 3, 7, 8, 7, 10, 8, 6, 3, 10, 9, 13, 8, 10, 5, 11, 9, 8, 8, 2, 1], dimension=490, value=91.11017703390189, stages=0, time=291.9837866974136}
91.55361131996732,92.49184646061286,92.07373906176751,91.7051120399411,93.35426893602398,92.10361433396054,92.62765793417823,92.03615662391533,90.96798468947343,92.46294954691054,
WWO统计信息：
size = 50
iters = 5000
nfes = 250000
sum = 921.3769409467509
min = 90.96798468947343
max = 93.35426893602398
mean = 92.13769409467508
std = 0.6551840678457602
totaltime = 707.678s
avgtime = 70.7678s
最优解：
Wave{amplitude=12.0, length=-2.6568111735175403E160} Solution{id=8, content=[2, 9, 11, 12, 15, 1, 8, 10, 3, 9, 7, 5, 6, 1, 5, 0, 2, 4, 13, 9, 5, 10, 12, 3, 11, 9, 11, 5, 11, 5, 15, 8, 8, 1, 8, 6, 4, 3, 5, 5, 8, 4, 8, 2, 2, 1, 4, 3, 6, 12, 10, 7, 8, 3, 2, 12, 4, 11, 5, 4, 14, 7, 11, 13, 12, 5, 15, 8, 12, 5, 9, 5, 8, 8, 1, 11, 8, 2, 17, 10, 4, 10, 6, 7, 2, 9, 5, 5, 7, 3, 12, 3, 10, 10, 5, 3, 16, 9, 11, 7, 8, 9, 11, 7, 9, 2, 14, 10, 6, 7, 8, 3, 8, 1, 5, 2, 12, 0, 7, 7, 2, 13, 2, 5, 4, 2, 12, 6, 8, 10, 14, 5, 12, 2, 8, 5, 8, 3, 11, 8, 8, 10, 12, 3, 2, 3, 7, 8, 5, 6, 5, 6, 6, 10, 17, 12, 9, 10, 2, 8, 12, 7, 3, 6, 2, 9, 12, 11, 12, 9, 15, 4, 8, 4, 11, 10, 15, 1, 8, 5, 6, 8, 13, 2, 8, 9, 13, 1, 14, 4, 6, 6, 9, 2, 11, 6, 11, 6, 2, 8, 10, 9, 8, 3, 6, 4, 2, 9, 4, 8, 2, 11, 9, 9, 8, 6, 8, 0, 2, 7, 8, 4, 5, 8, 16, 7, 6, 3, 13, 8, 8, 1, 7, 10, 2, 3, 14, 0, 2, 14, 9, 4, 7, 1, 11, 10, 11, 6, 6, 2, 11, 1, 7, 9, 11, 5, 10, 8, 15, 7, 12, 8, 2, 3, 7, 9, 6, 3, 16, 10, 8, 8, 7, 2, 8, 8, 17, 0, 5, 7, 8, 9, 8, 2, 8, 3, 15, 8, 8, 1, 12, 5, 10, 0, 12, 2, 10, 12, 9, 8, 12, 4, 11, 1, 11, 13, 11, 10, 3, 5, 1, 10, 6, 2, 3, 10, 13, 5, 2, 8, 8, 10, 11, 5, 17, 12, 14, 6, 4, 4, 12, 8, 7, 7, 5, 5, 12, 8, 5, 6, 2, 1, 11, 5, 8, 8, 4, 8, 7, 4, 14, 4, 8, 12, 12, 4, 11, 2, 11, 5, 2, 7, 11, 2, 5, 4, 2, 3, 10, 11, 2, 7, 15, 3, 13, 2, 11, 3, 15, 9, 8, 1, 6, 7, 2, 1, 4, 5, 4, 3, 2, 2, 6, 5, 7, 5, 12, 3, 10, 9, 8, 9, 11, 5, 12, 12, 9, 2, 9, 10, 2, 1, 2, 9, 17, 5, 3, 2, 8, 14, 5, 9, 4, 9, 11, 8, 5, 7, 11, 2, 6, 2, 10, 11, 3, 2, 8, 3, 12, 7, 5, 10, 6, 5, 15, 8, 5, 4, 9, 4, 16, 2, 2, 12, 8, 1, 2, 8, 1, 1, 12, 3, 2, 8, 9, 5, 7, 2, 12, 5, 5, 7, 12, 5, 7, 10, 15, 2, 4, 2, 11, 2, 15, 4, 2, 12, 8, 3, 14, 1], dimension=490, value=93.35426893602398, stages=0, time=278.7500750428238}
最差解：
Wave{amplitude=12.0, length=2.1477079785791373E175} Solution{id=45, content=[4, 8, 12, 7, 6, 2, 6, 6, 2, 7, 9, 11, 8, 7, 8, 10, 10, 4, 9, 5, 2, 1, 10, 9, 3, 5, 2, 1, 8, 2, 15, 2, 8, 8, 6, 10, 13, 2, 8, 11, 5, 8, 14, 1, 15, 5, 11, 9, 2, 7, 5, 2, 1, 12, 8, 9, 14, 3, 12, 15, 11, 8, 15, 1, 10, 3, 3, 4, 15, 2, 3, 12, 11, 7, 8, 6, 11, 7, 9, 6, 7, 1, 11, 9, 8, 12, 7, 1, 9, 3, 7, 1, 2, 8, 10, 9, 2, 4, 8, 9, 10, 3, 10, 14, 11, 2, 9, 2, 12, 2, 16, 8, 10, 7, 2, 6, 14, 0, 4, 10, 7, 3, 15, 13, 2, 4, 4, 11, 6, 2, 8, 5, 6, 5, 5, 6, 12, 2, 11, 2, 9, 9, 11, 7, 8, 9, 9, 4, 4, 3, 7, 6, 15, 8, 9, 12, 8, 0, 14, 0, 10, 1, 4, 8, 2, 10, 5, 8, 2, 3, 13, 4, 10, 8, 1, 2, 10, 3, 4, 9, 9, 10, 8, 12, 12, 3, 8, 3, 14, 8, 7, 3, 8, 3, 12, 6, 10, 9, 12, 2, 1, 8, 3, 5, 4, 11, 4, 6, 14, 3, 12, 13, 15, 13, 12, 6, 10, 4, 12, 0, 6, 2, 8, 9, 10, 6, 11, 2, 12, 6, 5, 2, 8, 7, 6, 2, 6, 2, 5, 3, 15, 11, 8, 9, 10, 5, 11, 9, 4, 2, 2, 5, 13, 6, 16, 5, 2, 1, 5, 5, 4, 4, 9, 1, 8, 7, 6, 10, 5, 1, 4, 1, 4, 1, 6, 10, 7, 7, 14, 2, 13, 6, 3, 7, 11, 5, 3, 7, 14, 12, 14, 4, 1, 10, 4, 8, 12, 8, 7, 1, 17, 0, 13, 5, 14, 4, 11, 9, 7, 1, 8, 4, 15, 4, 2, 9, 11, 11, 13, 8, 13, 9, 11, 5, 10, 5, 11, 4, 4, 1, 11, 8, 1, 11, 9, 4, 5, 9, 8, 11, 2, 1, 7, 7, 13, 5, 12, 6, 6, 3, 7, 5, 14, 2, 9, 10, 11, 8, 6, 13, 5, 5, 8, 4, 12, 10, 15, 6, 5, 6, 2, 3, 8, 10, 14, 2, 10, 13, 8, 4, 14, 5, 8, 4, 8, 9, 8, 2, 14, 8, 14, 5, 12, 3, 7, 4, 3, 7, 9, 4, 12, 4, 11, 5, 11, 3, 5, 9, 4, 11, 11, 9, 15, 2, 2, 13, 2, 12, 8, 5, 6, 8, 8, 6, 2, 11, 17, 2, 11, 1, 10, 2, 13, 5, 8, 7, 8, 7, 11, 0, 13, 7, 2, 8, 11, 5, 1, 9, 3, 6, 5, 8, 4, 2, 6, 10, 11, 4, 12, 1, 11, 7, 14, 4, 2, 5, 3, 2, 14, 9, 5, 10, 7, 2, 14, 8, 6, 9, 5, 5, 1, 10, 4, 4, 6, 8, 13, 4, 6, 9], dimension=490, value=90.96798468947343, stages=0, time=293.84772678820804}
91.7368842298069,92.78123278591195,92.67053764226928,92.51886020621941,91.64396245012067,91.8305668994861,91.98778106631441,90.36358237141553,92.19485637080079,91.82439567635369,
WWO统计信息：
size = 50
iters = 4000
nfes = 200000
sum = 919.5526596986988
min = 90.36358237141553
max = 92.78123278591195
mean = 91.95526596986988
std = 0.6896591780462225
totaltime = 577.156s
avgtime = 57.715599999999995s
最优解：
Wave{amplitude=12.0, length=-1.9791245009770185E124} Solution{id=18, content=[2, 10, 12, 3, 5, 7, 12, 9, 8, 4, 8, 1, 14, 4, 13, 10, 2, 8, 8, 3, 14, 1, 17, 13, 9, 12, 6, 11, 5, 14, 6, 9, 2, 4, 9, 2, 2, 3, 16, 8, 5, 11, 2, 12, 15, 14, 13, 4, 12, 12, 5, 5, 12, 4, 13, 9, 10, 10, 6, 6, 12, 1, 12, 3, 17, 8, 10, 5, 10, 7, 6, 9, 5, 5, 12, 8, 10, 8, 11, 5, 13, 3, 11, 2, 9, 10, 15, 3, 9, 9, 4, 2, 8, 1, 8, 2, 14, 9, 11, 12, 7, 11, 6, 6, 14, 1, 7, 4, 1, 5, 3, 9, 14, 8, 12, 6, 14, 6, 14, 6, 6, 6, 8, 12, 15, 10, 14, 3, 5, 4, 11, 5, 8, 6, 14, 7, 11, 9, 2, 10, 6, 10, 4, 12, 5, 8, 7, 10, 5, 7, 12, 11, 8, 1, 8, 2, 7, 7, 4, 15, 13, 2, 7, 2, 10, 5, 11, 10, 17, 3, 8, 6, 14, 9, 5, 3, 12, 3, 2, 6, 14, 4, 14, 3, 15, 3, 6, 4, 5, 10, 13, 1, 9, 2, 8, 3, 13, 9, 1, 10, 12, 1, 7, 4, 6, 1, 8, 2, 4, 12, 3, 11, 14, 1, 4, 10, 4, 2, 15, 10, 5, 13, 13, 10, 13, 9, 8, 10, 12, 13, 2, 6, 5, 11, 7, 2, 6, 8, 5, 9, 6, 8, 15, 11, 10, 0, 9, 6, 12, 10, 14, 9, 10, 8, 3, 9, 2, 2, 5, 5, 7, 1, 12, 2, 17, 8, 10, 5, 14, 6, 11, 5, 15, 1, 14, 3, 11, 6, 10, 9, 14, 7, 15, 10, 3, 9, 10, 9, 9, 2, 5, 1, 6, 12, 7, 1, 15, 3, 11, 5, 11, 10, 2, 5, 9, 7, 11, 2, 6, 9, 8, 4, 2, 5, 8, 3, 2, 9, 5, 8, 11, 9, 11, 9, 6, 8, 12, 10, 14, 7, 17, 2, 12, 8, 7, 2, 5, 8, 15, 8, 8, 2, 15, 3, 8, 7, 11, 12, 14, 1, 15, 7, 4, 10, 14, 6, 14, 7, 2, 6, 4, 2, 8, 8, 14, 2, 14, 2, 12, 7, 12, 5, 15, 4, 12, 11, 6, 8, 12, 7, 14, 2, 12, 4, 2, 11, 8, 7, 11, 15, 15, 2, 12, 10, 2, 5, 8, 8, 8, 3, 10, 12, 8, 0, 5, 5, 12, 10, 5, 8, 8, 2, 10, 8, 2, 5, 15, 14, 5, 8, 8, 0, 6, 4, 5, 5, 11, 5, 1, 2, 3, 3, 17, 1, 5, 2, 5, 11, 9, 4, 11, 12, 12, 5, 9, 8, 15, 11, 4, 2, 11, 2, 2, 11, 8, 4, 11, 14, 4, 5, 11, 7, 12, 12, 3, 8, 11, 1, 13, 9, 11, 4, 10, 3, 8, 11, 7, 5, 8, 8, 14, 4, 11, 1, 14, 1, 13, 10, 8, 12], dimension=490, value=92.78123278591195, stages=0, time=291.69791632817424}
最差解：
Wave{amplitude=12.0, length=1.007492270588268E150} Solution{id=3, content=[2, 1, 12, 9, 5, 2, 5, 8, 1, 2, 14, 1, 6, 9, 8, 10, 7, 9, 7, 10, 10, 5, 10, 4, 13, 4, 6, 6, 5, 7, 12, 3, 7, 8, 11, 8, 8, 12, 9, 5, 2, 3, 16, 2, 11, 7, 3, 6, 2, 1, 6, 10, 6, 1, 6, 3, 11, 4, 12, 4, 4, 1, 14, 4, 6, 5, 8, 13, 4, 9, 9, 11, 8, 4, 11, 5, 4, 7, 12, 10, 3, 8, 5, 3, 6, 3, 11, 11, 9, 4, 3, 2, 8, 2, 7, 1, 2, 2, 14, 5, 3, 9, 9, 2, 12, 13, 6, 10, 7, 8, 1, 8, 11, 3, 9, 1, 4, 7, 5, 3, 12, 3, 8, 3, 12, 4, 10, 11, 4, 9, 3, 8, 8, 4, 4, 5, 8, 6, 7, 7, 4, 3, 12, 5, 13, 6, 8, 6, 4, 6, 2, 1, 2, 6, 8, 6, 14, 4, 3, 9, 6, 0, 6, 10, 2, 9, 14, 2, 12, 14, 9, 10, 9, 6, 7, 5, 9, 3, 17, 12, 8, 8, 4, 11, 13, 2, 8, 2, 2, 8, 12, 7, 4, 1, 6, 5, 17, 6, 4, 2, 9, 1, 8, 2, 10, 9, 8, 3, 5, 2, 13, 8, 13, 6, 15, 8, 2, 5, 8, 7, 14, 10, 8, 9, 5, 4, 11, 11, 14, 9, 6, 9, 14, 2, 9, 5, 5, 5, 2, 9, 14, 11, 6, 2, 3, 11, 11, 3, 6, 10, 7, 11, 6, 7, 11, 8, 11, 5, 9, 14, 7, 11, 3, 8, 16, 2, 6, 2, 8, 5, 5, 11, 6, 12, 8, 1, 12, 7, 13, 7, 8, 7, 7, 7, 2, 6, 9, 5, 5, 8, 4, 9, 15, 3, 7, 8, 12, 3, 11, 8, 6, 7, 4, 9, 8, 10, 2, 12, 9, 5, 3, 2, 3, 5, 9, 3, 5, 10, 7, 1, 3, 10, 11, 6, 7, 6, 11, 4, 8, 1, 9, 7, 12, 3, 6, 1, 1, 5, 11, 9, 4, 11, 10, 14, 10, 3, 9, 12, 9, 1, 7, 4, 9, 1, 8, 3, 11, 9, 5, 4, 1, 2, 4, 2, 7, 0, 5, 5, 10, 1, 2, 8, 1, 4, 10, 7, 5, 10, 14, 3, 6, 1, 12, 2, 14, 1, 10, 2, 6, 5, 7, 12, 4, 0, 11, 1, 11, 7, 11, 2, 10, 3, 9, 11, 15, 5, 2, 11, 14, 11, 7, 1, 11, 1, 7, 2, 10, 7, 16, 2, 11, 8, 1, 11, 7, 0, 2, 1, 14, 9, 7, 5, 1, 1, 12, 8, 14, 12, 8, 6, 12, 9, 12, 4, 5, 11, 13, 9, 13, 4, 2, 4, 11, 9, 6, 8, 15, 6, 4, 2, 11, 3, 14, 7, 7, 4, 10, 11, 8, 6, 11, 6, 1, 2, 8, 7, 16, 4, 8, 5, 9, 3, 8, 3, 8, 10, 6, 9, 11, 5], dimension=490, value=90.36358237141553, stages=0, time=285.45916572428024}
