93.418180305276,91.62057032965306,92.46495452265839,91.16760526403358,90.65687964808961,92.2032528375272,90.71300057084316,91.12344940134291,90.60140610148129,93.44571617962343,91.09723457353367,91.75188959352343,93.11037019596928,90.7060268968706,92.41583428834572,92.22490226407416,90.64286576570123,91.78142038432577,89.9240634819146,91.25655569638134,90.68524075757287,90.95851676541444,92.92385740483509,91.73190395008693,92.42413545397217,92.16861727074416,90.32938985714512,90.17373839905399,92.29147214906142,90.53720154614028,
WWO统计信息：
sum = 2746.5502518551957
min = 89.9240634819146
max = 93.44571617962343
mean = 91.55167506183986
std = 0.9897335054442943
totaltime = 2894.072
avgtime = 96.46906666666668
最优解：
Wave{amplitude=12.0, length=0.008870277591778516} Solution{id=28, content=[2, 9, 8, 9, 6, 1, 12, 10, 16, 1, 8, 9, 15, 11, 3, 9, 4, 8, 5, 13, 11, 4, 8, 4, 2, 1, 10, 6, 2, 5, 15, 2, 6, 11, 6, 4, 9, 4, 3, 3, 1, 3, 11, 2, 7, 4, 14, 11, 7, 10, 13, 2, 2, 5, 7, 10, 5, 0, 11, 4, 9, 3, 4, 3, 10, 5, 12, 6, 10, 9, 16, 6, 13, 2, 8, 10, 12, 2, 7, 1, 2, 9, 7, 2, 8, 9, 5, 8, 8, 2, 2, 10, 2, 8, 8, 6, 2, 12, 5, 2, 4, 2, 2, 10, 2, 8, 10, 6, 9, 4, 8, 5, 15, 7, 2, 7, 6, 11, 6, 7, 2, 4, 4, 2, 14, 1, 2, 8, 14, 4, 8, 2, 14, 10, 8, 9, 11, 5, 4, 6, 6, 7, 2, 1, 5, 4, 3, 10, 11, 4, 4, 4, 12, 1, 12, 5, 4, 1, 3, 10, 8, 8, 8, 3, 2, 11, 11, 13, 14, 11, 12, 12, 11, 6, 8, 8, 4, 3, 2, 3, 8, 12, 3, 11, 2, 5, 2, 2, 5, 2, 1, 12, 8, 1, 5, 2, 15, 9, 8, 5, 16, 5, 7, 9, 10, 2, 12, 12, 5, 9, 15, 3, 14, 1, 9, 12, 2, 2, 14, 1, 15, 6, 2, 9, 11, 7, 5, 2, 8, 9, 9, 14, 10, 9, 14, 4, 8, 9, 14, 5, 10, 7, 11, 7, 5, 9, 11, 3, 12, 1, 15, 8, 9, 11, 2, 12, 12, 6, 11, 8, 14, 9, 8, 3, 5, 6, 2, 11, 16, 7, 11, 2, 7, 1, 8, 1, 3, 12, 15, 5, 8, 3, 10, 1, 2, 4, 7, 9, 5, 12, 12, 8, 10, 5, 5, 8, 7, 10, 8, 2, 8, 3, 8, 5, 2, 5, 8, 2, 8, 13, 4, 3, 12, 1, 12, 5, 13, 5, 10, 5, 12, 0, 1, 2, 8, 3, 5, 8, 1, 3, 13, 7, 8, 1, 2, 1, 8, 3, 14, 8, 8, 2, 8, 3, 7, 5, 11, 7, 16, 2, 6, 10, 14, 5, 17, 8, 12, 10, 8, 13, 2, 10, 12, 4, 14, 4, 2, 5, 2, 3, 7, 4, 16, 5, 11, 2, 11, 11, 12, 10, 15, 7, 5, 8, 7, 1, 15, 12, 8, 11, 14, 11, 12, 6, 12, 4, 6, 2, 2, 8, 8, 4, 8, 9, 6, 3, 5, 6, 8, 6, 8, 3, 16, 3, 12, 5, 6, 8, 2, 10, 12, 3, 12, 6, 11, 12, 8, 5, 5, 5, 11, 12, 7, 4, 15, 8, 14, 5, 12, 14, 12, 6, 13, 12, 8, 10, 12, 3, 9, 6, 2, 12, 8, 8, 10, 11, 11, 12, 1, 9, 2, 8, 8, 1, 11, 8, 10, 1, 6, 3, 7, 8, 7, 1, 8, 1, 8, 4, 8, 8, 5, 11, 15, 5, 11, 11, 2, 2, 5, 12], dimension=490, value=93.44571617962343, stages=0, time=283.8731379839526}
最差解：
Wave{amplitude=12.0, length=-2.8164089859937346E36} Solution{id=15, content=[6, 3, 5, 5, 14, 8, 10, 6, 13, 8, 5, 8, 8, 7, 11, 0, 6, 2, 2, 7, 11, 8, 11, 7, 12, 2, 13, 12, 9, 8, 8, 1, 9, 3, 8, 2, 12, 11, 5, 2, 8, 11, 9, 9, 10, 3, 11, 9, 13, 11, 10, 3, 10, 1, 8, 6, 5, 9, 3, 12, 8, 9, 4, 2, 6, 9, 9, 4, 8, 4, 9, 8, 11, 4, 8, 0, 12, 10, 7, 13, 8, 8, 9, 5, 15, 3, 10, 2, 1, 3, 8, 9, 12, 5, 9, 0, 4, 10, 2, 3, 4, 8, 9, 8, 2, 8, 11, 15, 11, 2, 8, 5, 8, 9, 5, 3, 4, 6, 4, 4, 1, 8, 4, 4, 16, 1, 1, 8, 10, 11, 17, 4, 12, 9, 2, 7, 15, 9, 5, 4, 9, 9, 8, 3, 5, 8, 7, 2, 5, 1, 12, 8, 13, 5, 6, 9, 2, 8, 13, 9, 9, 11, 16, 1, 11, 3, 12, 2, 11, 2, 16, 8, 16, 9, 9, 0, 7, 3, 13, 3, 3, 7, 2, 5, 12, 5, 5, 2, 3, 5, 8, 2, 11, 10, 4, 3, 10, 9, 15, 5, 17, 8, 5, 10, 9, 12, 6, 1, 3, 3, 10, 3, 14, 11, 1, 9, 10, 7, 9, 5, 14, 7, 11, 3, 12, 9, 5, 7, 10, 2, 2, 5, 5, 5, 13, 5, 2, 10, 14, 4, 11, 2, 9, 4, 7, 10, 6, 4, 13, 2, 11, 10, 15, 9, 15, 9, 12, 2, 10, 8, 13, 4, 9, 4, 11, 3, 7, 6, 7, 6, 6, 10, 8, 2, 7, 1, 6, 7, 15, 7, 16, 3, 2, 6, 6, 3, 8, 4, 11, 2, 16, 4, 7, 6, 8, 12, 15, 9, 6, 6, 13, 10, 13, 3, 8, 7, 15, 13, 10, 5, 8, 10, 6, 7, 7, 2, 9, 5, 13, 1, 8, 5, 14, 4, 9, 10, 12, 10, 6, 10, 10, 5, 8, 10, 3, 7, 8, 6, 5, 4, 11, 6, 5, 5, 10, 5, 8, 3, 12, 10, 8, 13, 7, 5, 6, 3, 4, 10, 9, 5, 11, 5, 12, 9, 15, 6, 11, 11, 2, 1, 9, 5, 7, 8, 7, 1, 8, 5, 13, 6, 4, 10, 9, 10, 12, 9, 10, 11, 4, 12, 4, 8, 4, 7, 11, 6, 8, 7, 4, 4, 6, 3, 10, 12, 16, 10, 6, 2, 7, 5, 15, 11, 10, 2, 6, 0, 11, 11, 5, 11, 12, 8, 7, 8, 12, 6, 8, 5, 5, 11, 3, 5, 5, 2, 3, 6, 7, 9, 5, 8, 4, 12, 7, 13, 10, 6, 11, 1, 9, 5, 8, 7, 6, 6, 7, 2, 9, 3, 4, 10, 8, 2, 2, 6, 8, 6, 14, 4, 1, 8, 13, 4, 8, 7, 17, 2, 12, 4, 10, 5, 10, 3, 11, 11, 7, 2, 11, 3, 8, 3], dimension=490, value=89.9240634819146, stages=0, time=289.60528407463437}
