92.25376678218873,91.7778452745851,92.93039789636161,89.55884076176174,90.17200314658723,92.44075616945403,89.49908415699656,90.56128929354601,92.55416328537594,92.84084326054436,92.8178480083778,91.32614554218235,92.1716791959953,93.63963391255368,93.09252010058414,91.14653006867289,90.08371145698128,91.74140344922886,92.54830128975102,91.50136199832333,93.10461282110496,92.62931179107534,92.85513658188,91.92001592456084,90.04820949818567,92.07886529753327,90.32129736643286,90.28535630027243,94.44367050183075,93.37319586734247,
WWO统计信息：
size = 50
iters = 4000
nfes = 200000
sum = 2755.7177970002695
min = 89.49908415699656
max = 94.44367050183075
mean = 91.85725990000898
std = 1.3003683628254479
totaltime = 1756.734s
avgtime = 58.5578s
最优解：
Wave{amplitude=12.0, length=1.2360719228673285E127} Solution{id=43, content=[4, 5, 15, 8, 8, 3, 9, 11, 5, 1, 8, 10, 16, 11, 13, 9, 10, 10, 12, 10, 11, 2, 11, 8, 13, 3, 18, 11, 5, 10, 12, 2, 9, 2, 8, 11, 14, 10, 2, 14, 2, 5, 11, 9, 5, 5, 12, 2, 14, 9, 11, 9, 15, 12, 8, 10, 2, 4, 6, 12, 1, 2, 4, 5, 5, 10, 2, 2, 8, 7, 14, 11, 16, 5, 2, 1, 15, 5, 11, 8, 2, 9, 8, 11, 6, 8, 1, 8, 8, 7, 1, 9, 7, 1, 6, 11, 7, 10, 12, 8, 6, 3, 6, 12, 4, 2, 3, 3, 11, 8, 8, 3, 5, 10, 15, 7, 8, 9, 12, 2, 12, 4, 14, 4, 9, 2, 14, 9, 4, 2, 2, 8, 8, 9, 15, 7, 8, 2, 4, 8, 14, 2, 11, 7, 12, 10, 10, 2, 5, 9, 17, 11, 11, 10, 14, 4, 9, 1, 15, 7, 6, 7, 3, 10, 10, 2, 10, 1, 2, 2, 1, 3, 2, 8, 14, 9, 6, 3, 12, 6, 11, 5, 2, 8, 7, 2, 8, 12, 3, 3, 12, 12, 12, 12, 8, 1, 11, 4, 3, 9, 8, 13, 2, 5, 5, 7, 14, 10, 2, 12, 4, 8, 12, 7, 2, 8, 9, 4, 8, 4, 11, 13, 6, 6, 8, 2, 10, 3, 3, 8, 15, 4, 6, 9, 6, 5, 2, 11, 8, 9, 1, 10, 11, 5, 2, 15, 17, 3, 3, 3, 2, 10, 14, 10, 9, 5, 4, 1, 2, 5, 8, 3, 15, 2, 6, 7, 15, 12, 15, 7, 5, 2, 8, 9, 16, 3, 8, 6, 2, 1, 5, 9, 3, 2, 2, 10, 7, 5, 12, 5, 11, 14, 13, 3, 8, 9, 6, 3, 1, 3, 14, 11, 2, 4, 7, 3, 3, 7, 2, 3, 5, 5, 8, 1, 7, 5, 17, 9, 4, 0, 10, 10, 8, 2, 14, 4, 5, 9, 6, 6, 15, 10, 14, 1, 10, 9, 8, 2, 14, 4, 4, 12, 8, 6, 14, 6, 10, 4, 12, 14, 9, 8, 2, 5, 8, 10, 15, 5, 4, 10, 11, 7, 11, 2, 9, 10, 16, 2, 9, 9, 12, 0, 8, 1, 14, 4, 8, 14, 2, 3, 11, 4, 8, 12, 11, 5, 2, 8, 4, 5, 5, 4, 16, 4, 6, 8, 2, 1, 15, 7, 11, 9, 8, 1, 2, 10, 6, 8, 2, 7, 8, 3, 13, 2, 5, 1, 5, 2, 3, 9, 9, 3, 8, 1, 8, 7, 14, 12, 2, 1, 6, 2, 15, 5, 10, 10, 14, 1, 12, 14, 11, 8, 9, 8, 14, 1, 9, 7, 9, 14, 11, 6, 17, 4, 15, 5, 10, 3, 12, 6, 11, 2, 8, 2, 2, 7, 2, 10, 10, 8, 5, 12, 15, 12, 6, 6, 8, 1, 8, 4, 14, 5, 10, 11, 2, 5, 10, 3, 15, 9], dimension=490, value=94.44367050183075, stages=0, time=284.70689891888804}
最差解：
Wave{amplitude=12.0, length=2.4059624770179966E12} Solution{id=7, content=[5, 9, 8, 7, 9, 5, 11, 4, 11, 1, 2, 3, 3, 10, 8, 1, 10, 0, 12, 7, 11, 8, 10, 5, 12, 2, 6, 10, 13, 5, 4, 3, 14, 12, 8, 2, 1, 3, 6, 8, 6, 4, 5, 2, 8, 7, 9, 2, 8, 3, 14, 9, 6, 11, 9, 10, 16, 8, 13, 8, 11, 4, 7, 2, 12, 7, 14, 8, 2, 4, 11, 5, 13, 10, 8, 4, 14, 3, 12, 3, 4, 7, 15, 6, 4, 14, 11, 1, 6, 8, 12, 2, 10, 11, 11, 2, 10, 10, 10, 5, 9, 2, 2, 7, 9, 4, 10, 4, 6, 2, 11, 6, 10, 11, 12, 4, 3, 11, 1, 4, 5, 3, 10, 2, 10, 2, 12, 9, 16, 2, 4, 14, 8, 3, 10, 7, 5, 10, 12, 2, 15, 8, 9, 4, 13, 10, 5, 10, 9, 1, 6, 6, 8, 1, 8, 7, 12, 3, 7, 5, 7, 12, 2, 2, 7, 7, 11, 11, 11, 9, 7, 3, 14, 3, 15, 6, 11, 4, 2, 9, 15, 8, 7, 7, 8, 10, 14, 8, 15, 4, 5, 2, 7, 6, 10, 4, 15, 3, 6, 4, 12, 11, 9, 3, 7, 9, 6, 5, 5, 10, 3, 3, 12, 4, 9, 6, 5, 6, 8, 12, 15, 2, 4, 8, 4, 10, 13, 7, 7, 2, 6, 9, 7, 5, 10, 2, 13, 4, 18, 5, 3, 8, 12, 6, 5, 6, 5, 9, 6, 8, 17, 5, 15, 3, 9, 0, 4, 9, 8, 9, 4, 7, 9, 4, 9, 4, 11, 3, 12, 9, 4, 9, 16, 3, 6, 5, 12, 8, 5, 8, 9, 5, 10, 4, 18, 1, 13, 2, 3, 4, 6, 12, 12, 4, 12, 7, 14, 7, 13, 2, 10, 3, 2, 2, 12, 4, 9, 9, 10, 12, 8, 5, 10, 10, 6, 8, 11, 9, 8, 5, 9, 8, 10, 6, 1, 11, 12, 11, 10, 11, 12, 5, 2, 10, 14, 0, 10, 11, 6, 9, 15, 11, 10, 2, 7, 4, 9, 8, 8, 7, 13, 2, 2, 5, 4, 6, 12, 7, 8, 6, 13, 1, 11, 15, 11, 5, 8, 3, 12, 1, 2, 5, 5, 11, 9, 0, 6, 5, 6, 6, 12, 3, 5, 6, 13, 12, 10, 11, 6, 1, 10, 10, 7, 6, 5, 10, 16, 5, 8, 4, 2, 6, 17, 6, 11, 10, 16, 10, 11, 11, 10, 9, 12, 3, 11, 6, 16, 10, 5, 4, 6, 9, 15, 9, 8, 2, 15, 7, 7, 11, 9, 10, 10, 6, 14, 3, 13, 6, 16, 6, 10, 12, 9, 5, 7, 9, 13, 6, 11, 5, 13, 12, 17, 10, 8, 8, 16, 8, 7, 5, 6, 8, 7, 5, 8, 11, 11, 7, 6, 4, 9, 7, 5, 4, 9, 3, 12, 11, 9, 4, 14, 7, 6, 6, 8, 9, 7, 3, 4, 11], dimension=490, value=89.49908415699656, stages=0, time=294.82025875140687}
