48.635316532929814,48.55664948289592,48.969172465024194,48.751612020111494,48.96786016450312,48.60167692397321,48.920603390477794,48.74698300823493,48.63154007930003,48.56844401876271,48.621877191833114,48.86740545554736,49.148819836587315,48.58350991204611,48.71534390239489,48.636521081787826,49.03037847262614,48.846899793608394,48.79599803169243,48.63586003492066,49.0161312851154,48.586573887178524,48.673120194761694,48.88214329327703,48.99178869677544,48.70212246614247,49.05550145091756,48.50260474623472,49.14256679569763,48.886899312759276,
DE统计信息：
sum = 1463.6719239281172
min = 48.50260474623472
max = 49.148819836587315
mean = 48.78906413093724
std = 0.1895197247854415
totaltime = 526.609
avgtime = 17.553633333333334
最优解：
Solution{id=10, content=[13, 7, 10, 0, 9, 8, 6, 9, 6, 1, 5, 7, 1, 1, 12, 9, 7, 4, 7, 3, 3, 1, 11, 3, 8, 9, 10, 1, 11, 5, 1, 6, 6, 0, 9, 9, 12, 3, 13, 9, 7, 4, 2, 2, 2, 5, 7, 1, 6, 6, 6, 4, 7, 8, 11, 1, 7, 8, 10, 6, 4, 7, 12, 1, 11, 4, 8, 5, 2, 7, 1, 4, 10, 2, 5, 9, 12, 1, 6, 7, 9, 9, 3, 5, 5, 5, 6, 2, 13, 3, 7, 7, 8, 2, 5, 9, 7, 4, 10, 9, 11, 5, 9, 4, 9, 5, 4, 6, 11, 9, 13, 5, 9, 9, 8, 7, 1, 3, 11, 3, 5, 8, 9, 2, 12, 5, 2, 6, 10, 5, 13, 5, 5, 8, 5, 1, 9, 2, 2, 8, 3, 6, 5, 7, 1, 4, 12, 1, 12, 7, 1, 1, 13, 4, 11, 6, 7, 9, 7, 1, 3, 7, 1, 2, 6, 7, 12, 6, 6, 1, 8, 4, 13, 7, 8, 1, 13, 3, 6, 1, 13, 3, 7, 9, 4, 4, 7, 2, 6, 6, 12, 7, 5, 7, 9, 2, 7, 6, 7, 7, 11, 1, 2, 5, 4, 9, 7, 6, 6, 2, 12, 4, 2, 3, 6, 4, 10, 6, 13, 7, 13, 2, 11, 7, 5, 7, 2, 5, 7, 5, 8, 5, 3, 1, 11, 1, 10, 0, 9, 1, 13, 6, 2, 4, 7, 2, 5, 3, 9, 8, 10, 4, 10, 5, 5, 2, 1, 8, 4, 5], dimension=260, value=49.148819836587315, stages=0, time=195.4472786829404}
最差解：
Solution{id=18, content=[12, 4, 5, 1, 3, 3, 8, 1, 7, 9, 5, 5, 9, 6, 2, 2, 5, 9, 6, 7, 9, 9, 9, 9, 7, 8, 5, 4, 8, 7, 6, 7, 5, 6, 6, 7, 11, 5, 11, 8, 11, 1, 8, 5, 3, 1, 4, 2, 7, 2, 4, 6, 6, 9, 10, 7, 8, 8, 2, 3, 8, 6, 4, 4, 11, 4, 5, 7, 8, 1, 10, 9, 5, 8, 8, 6, 11, 7, 13, 3, 5, 8, 10, 6, 12, 5, 6, 7, 13, 6, 10, 6, 7, 9, 5, 4, 2, 6, 6, 9, 7, 2, 7, 6, 2, 3, 3, 7, 10, 0, 8, 7, 2, 7, 7, 0, 1, 5, 7, 5, 4, 7, 11, 6, 13, 5, 12, 6, 3, 5, 7, 5, 4, 1, 7, 2, 9, 5, 8, 9, 9, 8, 10, 6, 4, 4, 12, 4, 12, 5, 6, 6, 5, 1, 9, 9, 2, 1, 9, 2, 5, 5, 11, 3, 4, 4, 4, 5, 13, 9, 5, 1, 11, 5, 13, 6, 11, 4, 9, 4, 8, 0, 9, 4, 5, 4, 5, 6, 1, 7, 11, 3, 3, 8, 7, 0, 9, 6, 6, 3, 10, 9, 2, 2, 6, 2, 6, 8, 6, 8, 8, 1, 5, 7, 12, 2, 5, 5, 5, 6, 7, 4, 4, 3, 12, 6, 5, 7, 5, 5, 9, 5, 6, 6, 11, 4, 12, 1, 9, 3, 12, 7, 8, 2, 5, 8, 10, 9, 8, 9, 10, 5, 3, 9, 10, 7, 9, 1, 11, 1], dimension=260, value=48.50260474623472, stages=0, time=196.57932024035415}
