51.78035643238195,50.79513091108123,50.577956566812716,51.81358731943711,51.33463404060781,52.58868058206171,52.86831274926988,51.90528178149284,52.465505976159875,52.29368464413206,51.374358923647364,51.57861396620963,52.11076406879168,52.3972785210226,51.98766845265161,51.583860317482994,51.555175936788906,50.212865206088445,51.04728894070767,50.23415927952446,51.40193167143827,51.40925813604914,52.13182993253482,50.590342993732214,52.03589541909688,51.96089176033382,51.137914794450495,52.07039201428208,50.18441918162511,51.92169968784878,
DEDNSPSO统计信息：
size = 50
iters = 3000
nfes = 150000
sum = 1547.3497402077446
min = 50.18441918162511
max = 52.86831274926988
mean = 51.57832467359149
std = 0.7233146577939539
totaltime = 481.629s
avgtime = 16.0543s
最优解：
Particle{, pBest=Solution{id=0, content=[1, 4, 1, 3, 3, 5, 5, 8, 7, 2, 8, 6, 6, 1, 9, 6, 5, 2, 5, 3, 5, 5, 7, 4, 13, 6, 13, 4, 1, 7, 5, 1, 5, 5, 8, 1, 1, 1, 3, 1, 3, 1, 5, 5, 13, 7, 13, 6, 3, 1, 11, 7, 9, 6, 7, 8, 8, 2, 5, 7, 5, 0, 13, 2, 11, 2, 5, 9, 3, 2, 1, 5, 7, 5, 1, 8, 13, 4, 8, 3, 5, 5, 8, 2, 13, 1, 7, 1, 1, 4, 1, 7, 2, 5, 5, 3, 5, 7, 13, 1, 4, 5, 13, 1, 5, 3, 3, 1, 1, 4, 9, 6, 4, 4, 8, 5, 9, 2, 1, 4, 1, 4, 9, 7, 1, 4, 1, 9, 8, 2, 9, 6, 13, 3, 5, 3, 6, 6, 13, 7, 5, 3, 9, 8, 11, 4, 13, 1, 8, 7, 1, 1, 5, 8, 5, 3, 1, 4, 13, 1, 2, 2, 8, 5, 5, 3, 1, 1, 5, 9, 5, 6, 5, 5, 6, 4, 1, 8, 11, 5, 8, 7, 12, 1, 5, 2, 13, 3, 5, 1, 5, 2, 10, 3, 8, 7, 11, 5, 7, 8, 8, 7, 1, 0, 8, 7, 5, 1, 5, 2, 5, 3, 1, 7, 13, 7, 8, 0, 8, 6, 6, 4, 8, 5, 2, 3, 8, 5, 8, 4, 8, 6, 5, 1, 5, 6, 2, 5, 3, 4, 2, 5, 3, 4, 6, 1, 8, 5, 11, 6, 2, 6, 1, 4, 8, 7, 5, 7, 7, 5], dimension=0, value=52.86831274926988, stages=0, time=0.0}Solution{id=48, content=[1, 4, 1, 3, 3, 5, 5, 8, 7, 2, 8, 6, 6, 1, 9, 6, 5, 2, 5, 3, 5, 5, 7, 4, 13, 6, 13, 4, 1, 7, 5, 1, 5, 5, 8, 1, 1, 1, 3, 1, 3, 1, 5, 5, 13, 7, 13, 6, 3, 1, 11, 7, 9, 6, 7, 8, 8, 2, 5, 7, 5, 0, 13, 2, 11, 2, 5, 9, 3, 2, 1, 5, 7, 5, 1, 8, 13, 4, 8, 3, 5, 5, 8, 2, 13, 1, 7, 1, 1, 4, 1, 7, 2, 5, 5, 3, 5, 7, 13, 1, 4, 5, 13, 1, 5, 3, 3, 1, 1, 4, 9, 6, 4, 4, 8, 5, 9, 2, 1, 4, 1, 4, 9, 7, 1, 4, 1, 9, 8, 2, 9, 6, 13, 3, 5, 3, 6, 6, 13, 7, 5, 3, 9, 8, 11, 4, 13, 1, 8, 7, 1, 1, 5, 8, 5, 3, 1, 4, 13, 1, 2, 2, 8, 5, 5, 3, 1, 1, 5, 9, 5, 6, 5, 5, 6, 4, 1, 8, 11, 5, 8, 7, 12, 1, 5, 2, 13, 3, 5, 1, 5, 2, 10, 3, 8, 7, 11, 5, 7, 8, 8, 7, 1, 0, 8, 7, 5, 1, 5, 2, 5, 3, 1, 7, 13, 7, 8, 0, 8, 6, 6, 4, 8, 5, 2, 3, 8, 5, 8, 4, 8, 6, 5, 1, 5, 6, 2, 5, 3, 4, 2, 5, 3, 4, 6, 1, 8, 5, 11, 6, 2, 6, 1, 4, 8, 7, 5, 7, 7, 5], dimension=260, value=52.86831274926988, stages=0, time=199.63331098345668}} 
最差解：
Particle{, pBest=Solution{id=0, content=[10, 7, 3, 5, 5, 5, 6, 6, 5, 2, 8, 6, 9, 7, 9, 3, 5, 8, 3, 8, 11, 1, 6, 4, 12, 5, 10, 7, 8, 5, 7, 2, 5, 0, 7, 4, 7, 5, 5, 3, 9, 6, 6, 7, 8, 4, 6, 8, 4, 5, 5, 2, 9, 2, 3, 4, 5, 3, 2, 6, 7, 1, 11, 4, 5, 3, 9, 9, 1, 6, 7, 4, 5, 3, 10, 2, 5, 6, 9, 2, 5, 1, 5, 8, 5, 3, 10, 7, 5, 7, 5, 3, 8, 1, 4, 1, 7, 5, 5, 5, 2, 7, 5, 3, 1, 5, 1, 8, 2, 4, 2, 5, 5, 2, 8, 9, 5, 3, 10, 7, 8, 4, 13, 6, 8, 2, 6, 6, 1, 7, 6, 7, 3, 6, 6, 6, 1, 7, 3, 1, 6, 6, 8, 1, 4, 7, 2, 1, 10, 1, 4, 6, 6, 1, 6, 2, 11, 1, 9, 7, 8, 2, 2, 1, 6, 7, 7, 7, 7, 2, 4, 3, 1, 4, 7, 6, 8, 7, 3, 3, 8, 2, 5, 2, 7, 3, 8, 2, 1, 7, 11, 3, 6, 1, 2, 4, 5, 5, 1, 3, 4, 4, 5, 3, 6, 4, 2, 3, 5, 7, 11, 6, 11, 5, 4, 1, 7, 0, 8, 7, 11, 7, 7, 5, 12, 6, 8, 4, 7, 3, 5, 4, 2, 4, 7, 9, 11, 4, 9, 0, 5, 5, 11, 3, 3, 4, 8, 4, 6, 1, 8, 2, 8, 1, 2, 5, 7, 5, 6, 4], dimension=0, value=50.18441918162511, stages=0, time=0.0}Solution{id=25, content=[10, 7, 3, 5, 5, 5, 6, 6, 5, 2, 8, 6, 9, 7, 9, 3, 5, 8, 3, 8, 11, 1, 6, 4, 12, 5, 10, 7, 8, 5, 7, 2, 5, 0, 7, 4, 7, 5, 5, 3, 9, 6, 6, 7, 8, 4, 6, 8, 4, 5, 5, 2, 9, 2, 3, 4, 5, 3, 2, 6, 7, 1, 11, 4, 5, 3, 9, 9, 1, 6, 7, 4, 5, 3, 10, 2, 5, 6, 9, 2, 5, 1, 5, 8, 5, 3, 10, 7, 5, 7, 5, 3, 8, 1, 4, 1, 7, 5, 5, 5, 2, 7, 5, 3, 1, 5, 1, 8, 2, 4, 2, 5, 5, 2, 8, 9, 5, 3, 10, 7, 8, 4, 13, 6, 8, 2, 6, 6, 1, 7, 6, 7, 3, 6, 6, 6, 1, 7, 3, 1, 6, 6, 8, 1, 4, 7, 2, 1, 10, 1, 4, 6, 6, 1, 6, 2, 11, 1, 9, 7, 8, 2, 2, 1, 6, 7, 7, 7, 7, 2, 4, 3, 1, 4, 7, 6, 8, 7, 3, 3, 8, 2, 5, 2, 7, 3, 8, 2, 1, 7, 11, 3, 6, 1, 2, 4, 5, 5, 1, 3, 4, 4, 5, 3, 6, 4, 2, 3, 5, 7, 11, 6, 11, 5, 4, 1, 7, 0, 8, 7, 11, 7, 7, 5, 12, 6, 8, 4, 7, 3, 5, 4, 2, 4, 7, 9, 11, 4, 9, 0, 5, 5, 11, 3, 3, 4, 8, 4, 6, 1, 8, 2, 8, 1, 2, 5, 7, 5, 6, 4], dimension=260, value=50.18441918162511, stages=0, time=199.55131009219397}} 
