48.580194469000304,48.67617923215119,49.48121409347362,49.65752646683281,48.9219725390489,49.45623031643488,48.57585782557339,48.74440785381684,49.01471932960165,48.46609305022315,48.63960031236971,50.20081978749281,49.568569874387805,49.346110864986116,48.97576642360918,49.393423490431864,48.46050553732838,49.04942367383011,48.35542619032702,48.574383960327935,49.39226850445154,49.64289211570671,48.565541897078376,49.978465333729375,49.33469088164245,48.193139938827365,49.123351629257165,49.059556097998055,50.40908303460712,48.480252886479676,
DEDNSPSO统计信息：
sum = 1472.3176676110259
min = 48.193139938827365
max = 50.40908303460712
mean = 49.077255587034195
std = 0.5669605457022433
totaltime = 553.084
avgtime = 18.43613333333333
最优解：
Particle{, pBest=Solution{id=0, content=[8, 4, 6, 6, 5, 0, 7, 8, 9, 6, 8, 1, 3, 7, 5, 6, 6, 6, 7, 5, 5, 8, 9, 7, 8, 7, 1, 7, 8, 2, 7, 8, 3, 6, 5, 7, 5, 7, 8, 0, 6, 1, 1, 2, 8, 7, 6, 1, 5, 8, 5, 5, 1, 8, 6, 4, 6, 4, 11, 1, 1, 4, 2, 7, 7, 5, 7, 7, 8, 6, 1, 8, 8, 5, 8, 7, 4, 7, 8, 7, 2, 6, 5, 7, 3, 1, 7, 1, 8, 6, 9, 6, 6, 2, 9, 1, 7, 2, 5, 7, 9, 5, 5, 5, 5, 1, 3, 7, 9, 4, 5, 5, 9, 1, 1, 5, 3, 1, 8, 3, 7, 5, 9, 9, 2, 3, 7, 3, 7, 2, 1, 4, 10, 6, 1, 5, 5, 8, 5, 7, 1, 6, 6, 4, 8, 4, 5, 4, 5, 4, 1, 3, 5, 8, 6, 4, 7, 6, 5, 9, 3, 6, 6, 9, 1, 2, 8, 6, 8, 2, 6, 5, 7, 3, 8, 6, 6, 8, 7, 3, 8, 8, 7, 3, 2, 9, 6, 1, 9, 8, 8, 2, 7, 5, 8, 5, 7, 5, 9, 6, 6, 3, 8, 5, 3, 2, 5, 1, 1, 4, 5, 6, 9, 8, 5, 4, 8, 5, 1, 1, 2, 3, 9, 7, 2, 8, 6, 6, 4, 4, 5, 4, 7, 4, 1, 2, 2, 6, 9, 4, 8, 7, 5, 7, 5, 5, 5, 3, 8, 9, 2, 3, 8, 7, 7, 4, 8, 5, 5, 6], dimension=0, value=50.40908303460712, stages=0, time=0.0}Solution{id=39, content=[8, 4, 6, 6, 5, 0, 7, 8, 9, 6, 8, 1, 3, 7, 5, 6, 6, 6, 7, 5, 5, 8, 9, 7, 8, 7, 1, 7, 8, 2, 7, 8, 3, 6, 5, 7, 5, 7, 8, 0, 6, 1, 1, 2, 8, 7, 6, 1, 5, 8, 5, 5, 1, 8, 6, 4, 6, 4, 11, 1, 1, 4, 2, 7, 7, 5, 7, 7, 8, 6, 1, 8, 8, 5, 8, 7, 4, 7, 8, 7, 2, 6, 5, 7, 3, 1, 7, 1, 8, 6, 9, 6, 6, 2, 9, 1, 7, 2, 5, 7, 9, 5, 5, 5, 5, 1, 3, 7, 9, 4, 5, 5, 9, 1, 1, 5, 3, 1, 8, 3, 7, 5, 9, 9, 2, 3, 7, 3, 7, 2, 1, 4, 10, 6, 1, 5, 5, 8, 5, 7, 1, 6, 6, 4, 8, 4, 5, 4, 5, 4, 1, 3, 5, 8, 6, 4, 7, 6, 5, 9, 3, 6, 6, 9, 1, 2, 8, 6, 8, 2, 6, 5, 7, 3, 8, 6, 6, 8, 7, 3, 8, 8, 7, 3, 2, 9, 6, 1, 9, 8, 8, 2, 7, 5, 8, 5, 7, 5, 9, 6, 6, 3, 8, 5, 3, 2, 5, 1, 1, 4, 5, 6, 9, 8, 5, 4, 8, 5, 1, 1, 2, 3, 9, 7, 2, 8, 6, 6, 4, 4, 5, 4, 7, 4, 1, 2, 2, 6, 9, 4, 8, 7, 5, 7, 5, 5, 5, 3, 8, 9, 2, 3, 8, 7, 7, 4, 8, 5, 5, 6], dimension=260, value=50.40908303460712, stages=0, time=199.97874270868692}} 
最差解：
Particle{, pBest=Solution{id=0, content=[1, 4, 9, 5, 5, 0, 3, 2, 4, 6, 4, 1, 11, 6, 8, 1, 5, 0, 4, 7, 5, 7, 5, 5, 5, 3, 10, 7, 3, 4, 5, 1, 7, 8, 4, 2, 8, 8, 2, 2, 5, 6, 5, 0, 5, 7, 7, 4, 1, 2, 5, 6, 3, 7, 6, 0, 4, 7, 7, 7, 13, 1, 1, 2, 1, 2, 2, 0, 5, 2, 6, 5, 1, 7, 4, 7, 10, 7, 4, 6, 5, 1, 6, 4, 3, 3, 10, 4, 2, 7, 7, 1, 1, 1, 7, 5, 7, 4, 2, 4, 5, 3, 6, 3, 5, 6, 3, 4, 9, 1, 2, 8, 5, 5, 4, 1, 4, 1, 6, 2, 5, 8, 8, 3, 3, 2, 11, 9, 2, 4, 9, 8, 7, 6, 10, 5, 11, 4, 6, 8, 4, 1, 8, 5, 8, 3, 6, 4, 10, 7, 7, 2, 2, 4, 7, 8, 2, 4, 5, 1, 2, 2, 8, 3, 7, 5, 2, 5, 3, 4, 5, 6, 5, 3, 2, 1, 7, 6, 8, 5, 9, 9, 10, 7, 1, 3, 7, 0, 4, 8, 7, 5, 10, 5, 2, 6, 11, 8, 3, 3, 3, 7, 2, 7, 12, 7, 2, 8, 5, 6, 4, 3, 2, 6, 8, 2, 6, 8, 8, 1, 6, 7, 5, 6, 8, 3, 7, 8, 10, 5, 8, 7, 7, 5, 9, 4, 4, 6, 5, 8, 5, 0, 7, 7, 8, 5, 7, 5, 10, 5, 10, 1, 2, 2, 9, 4, 11, 3, 6, 1], dimension=0, value=48.193139938827365, stages=0, time=0.0}Solution{id=6, content=[1, 4, 9, 5, 5, 0, 3, 2, 4, 6, 4, 1, 11, 6, 8, 1, 5, 0, 4, 7, 5, 7, 5, 5, 5, 3, 10, 7, 3, 4, 5, 1, 7, 8, 4, 2, 8, 8, 2, 2, 5, 6, 5, 0, 5, 7, 7, 4, 1, 2, 5, 6, 3, 7, 6, 0, 4, 7, 7, 7, 13, 1, 1, 2, 1, 2, 2, 0, 5, 2, 6, 5, 1, 7, 4, 7, 10, 7, 4, 6, 5, 1, 6, 4, 3, 3, 10, 4, 2, 7, 7, 1, 1, 1, 7, 5, 7, 4, 2, 4, 5, 3, 6, 3, 5, 6, 3, 4, 9, 1, 2, 8, 5, 5, 4, 1, 4, 1, 6, 2, 5, 8, 8, 3, 3, 2, 11, 9, 2, 4, 9, 8, 7, 6, 10, 5, 11, 4, 6, 8, 4, 1, 8, 5, 8, 3, 6, 4, 10, 7, 7, 2, 2, 4, 7, 8, 2, 4, 5, 1, 2, 2, 8, 3, 7, 5, 2, 5, 3, 4, 5, 6, 5, 3, 2, 1, 7, 6, 8, 5, 9, 9, 10, 7, 1, 3, 7, 0, 4, 8, 7, 5, 10, 5, 2, 6, 11, 8, 3, 3, 3, 7, 2, 7, 12, 7, 2, 8, 5, 6, 4, 3, 2, 6, 8, 2, 6, 8, 8, 1, 6, 7, 5, 6, 8, 3, 7, 8, 10, 5, 8, 7, 7, 5, 9, 4, 4, 6, 5, 8, 5, 0, 7, 7, 8, 5, 7, 5, 10, 5, 10, 1, 2, 2, 9, 4, 11, 3, 6, 1], dimension=260, value=48.193139938827365, stages=0, time=194.40527221221697}} 
