48.76726979017821,49.04646577349858,49.52651388903506,48.54091843992098,48.85054984609816,48.64046900195014,49.041904132750346,49.21353041257709,49.00331048081389,48.98080538062341,48.710118586182375,48.67959520770402,48.76869301216739,48.442201385253455,48.13351764969744,49.327920346424634,48.564445184645784,49.18867494676897,49.19487297621046,48.27671156087968,48.45870906238343,48.729681268538094,48.61717815727371,48.43624340558028,48.40366456685361,49.47081982592556,48.78382585237233,48.559854035626095,48.687980805874055,49.14849079238503,
DNSPSO统计信息：
sum = 1464.194935776192
min = 48.13351764969744
max = 49.52651388903506
mean = 48.8064978592064
std = 0.3515487853162799
totaltime = 552.298
avgtime = 18.409933333333335
最优解：
Particle{, pBest=Solution{id=0, content=[5, 6, 2, 1, 5, 6, 7, 3, 6, 0, 6, 8, 7, 4, 4, 4, 6, 7, 5, 5, 5, 5, 6, 4, 8, 1, 5, 8, 4, 3, 9, 8, 9, 2, 6, 1, 3, 6, 8, 6, 5, 5, 5, 1, 10, 3, 9, 4, 7, 3, 6, 7, 6, 6, 8, 3, 9, 1, 10, 1, 5, 3, 3, 7, 9, 7, 8, 5, 5, 7, 4, 4, 5, 6, 4, 4, 9, 7, 5, 4, 7, 6, 5, 7, 9, 0, 5, 1, 7, 5, 6, 7, 5, 1, 8, 3, 6, 3, 9, 2, 9, 6, 3, 1, 3, 1, 11, 5, 5, 5, 6, 4, 7, 2, 7, 2, 5, 3, 5, 5, 6, 6, 8, 7, 8, 3, 7, 6, 2, 6, 6, 5, 8, 6, 3, 1, 10, 7, 8, 4, 6, 4, 9, 5, 8, 6, 8, 6, 5, 7, 8, 6, 5, 8, 6, 4, 7, 2, 10, 4, 9, 8, 2, 5, 6, 8, 7, 6, 2, 4, 5, 3, 6, 8, 5, 6, 7, 8, 6, 6, 8, 8, 6, 3, 9, 2, 7, 1, 8, 1, 2, 8, 8, 2, 6, 2, 5, 3, 5, 8, 5, 6, 10, 7, 2, 7, 11, 3, 5, 2, 7, 7, 3, 7, 5, 7, 10, 4, 6, 6, 9, 2, 4, 5, 8, 5, 9, 7, 7, 5, 7, 5, 9, 3, 6, 3, 7, 4, 7, 7, 5, 4, 11, 8, 6, 5, 6, 7, 3, 1, 1, 5, 7, 5, 8, 2, 6, 1, 1, 4], dimension=0, value=49.52651388903506, stages=0, time=0.0}Solution{id=0, content=[5, 6, 2, 1, 5, 6, 7, 3, 6, 0, 6, 8, 7, 4, 4, 4, 6, 7, 5, 5, 5, 5, 6, 4, 8, 1, 5, 8, 4, 3, 9, 8, 9, 2, 6, 1, 3, 6, 8, 6, 5, 5, 5, 1, 10, 3, 9, 4, 7, 3, 6, 7, 6, 6, 8, 3, 9, 1, 10, 1, 5, 3, 3, 7, 9, 7, 8, 5, 5, 7, 4, 4, 5, 6, 4, 4, 9, 7, 5, 4, 7, 6, 5, 7, 9, 0, 5, 1, 7, 5, 6, 7, 5, 1, 8, 3, 6, 3, 9, 2, 9, 6, 3, 1, 3, 1, 11, 5, 5, 5, 6, 4, 7, 2, 7, 2, 5, 3, 5, 5, 6, 6, 8, 7, 8, 3, 7, 6, 2, 6, 6, 5, 8, 6, 3, 1, 10, 7, 8, 4, 6, 4, 9, 5, 8, 6, 8, 6, 5, 7, 8, 6, 5, 8, 6, 4, 7, 2, 10, 4, 9, 8, 2, 5, 6, 8, 7, 6, 2, 4, 5, 3, 6, 8, 5, 6, 7, 8, 6, 6, 8, 8, 6, 3, 9, 2, 7, 1, 8, 1, 2, 8, 8, 2, 6, 2, 5, 3, 5, 8, 5, 6, 10, 7, 2, 7, 11, 3, 5, 2, 7, 7, 3, 7, 5, 7, 10, 4, 6, 6, 9, 2, 4, 5, 8, 5, 9, 7, 7, 5, 7, 5, 9, 3, 6, 3, 7, 4, 7, 7, 5, 4, 11, 8, 6, 5, 6, 7, 3, 1, 1, 5, 7, 5, 8, 2, 6, 1, 1, 4], dimension=0, value=49.52651388903506, stages=0, time=197.94200475634733}} 
最差解：
Particle{, pBest=Solution{id=0, content=[11, 1, 3, 4, 4, 2, 10, 0, 5, 2, 3, 5, 1, 1, 5, 1, 9, 4, 3, 4, 6, 2, 6, 5, 4, 6, 8, 7, 4, 2, 5, 3, 7, 4, 1, 6, 10, 2, 6, 2, 6, 5, 12, 6, 9, 4, 6, 8, 4, 5, 11, 3, 5, 1, 5, 6, 1, 2, 1, 7, 7, 3, 2, 9, 4, 1, 5, 8, 8, 7, 10, 9, 3, 6, 5, 7, 9, 6, 2, 3, 5, 7, 3, 6, 5, 2, 6, 3, 9, 6, 11, 3, 2, 8, 5, 5, 4, 5, 7, 7, 5, 8, 8, 0, 3, 1, 5, 7, 5, 5, 4, 3, 6, 8, 6, 4, 8, 7, 6, 5, 4, 1, 10, 3, 1, 7, 8, 6, 1, 2, 4, 1, 1, 4, 10, 7, 11, 2, 12, 7, 11, 5, 7, 1, 5, 5, 5, 8, 1, 4, 7, 8, 7, 6, 8, 1, 7, 7, 5, 8, 6, 4, 6, 7, 5, 2, 4, 7, 6, 6, 8, 4, 9, 1, 8, 4, 6, 3, 7, 0, 2, 2, 8, 3, 8, 8, 10, 4, 6, 5, 10, 1, 8, 5, 2, 1, 1, 5, 6, 1, 9, 8, 7, 0, 12, 4, 9, 8, 2, 9, 8, 4, 4, 3, 6, 7, 8, 6, 2, 3, 7, 4, 1, 4, 6, 6, 3, 8, 10, 8, 12, 0, 6, 2, 7, 3, 5, 1, 5, 3, 10, 4, 12, 1, 6, 4, 10, 4, 3, 7, 11, 5, 12, 5, 3, 1, 10, 3, 5, 5], dimension=0, value=48.13351764969744, stages=0, time=0.0}Solution{id=0, content=[11, 1, 3, 4, 4, 2, 10, 0, 5, 2, 3, 5, 1, 1, 5, 1, 9, 4, 3, 4, 6, 2, 6, 5, 4, 6, 8, 7, 4, 2, 5, 3, 7, 4, 1, 6, 10, 2, 6, 2, 6, 5, 12, 6, 9, 4, 6, 8, 4, 5, 11, 3, 5, 1, 5, 6, 1, 2, 1, 7, 7, 3, 2, 9, 4, 1, 5, 8, 8, 7, 10, 9, 3, 6, 5, 7, 9, 6, 2, 3, 5, 7, 3, 6, 5, 2, 6, 3, 9, 6, 11, 3, 2, 8, 5, 5, 4, 5, 7, 7, 5, 8, 8, 0, 3, 1, 5, 7, 5, 5, 4, 3, 6, 8, 6, 4, 8, 7, 6, 5, 4, 1, 10, 3, 1, 7, 8, 6, 1, 2, 4, 1, 1, 4, 10, 7, 11, 2, 12, 7, 11, 5, 7, 1, 5, 5, 5, 8, 1, 4, 7, 8, 7, 6, 8, 1, 7, 7, 5, 8, 6, 4, 6, 7, 5, 2, 4, 7, 6, 6, 8, 4, 9, 1, 8, 4, 6, 3, 7, 0, 2, 2, 8, 3, 8, 8, 10, 4, 6, 5, 10, 1, 8, 5, 2, 1, 1, 5, 6, 1, 9, 8, 7, 0, 12, 4, 9, 8, 2, 9, 8, 4, 4, 3, 6, 7, 8, 6, 2, 3, 7, 4, 1, 4, 6, 6, 3, 8, 10, 8, 12, 0, 6, 2, 7, 3, 5, 1, 5, 3, 10, 4, 12, 1, 6, 4, 10, 4, 3, 7, 11, 5, 12, 5, 3, 1, 10, 3, 5, 5], dimension=0, value=48.13351764969744, stages=0, time=198.66843746249904}} 
