49.96751831988171,50.16131710205114,50.064428929736444,50.39778124589155,50.06914825693213,50.43286821404182,49.59187763311655,49.55399305551838,50.3564590573899,50.18992543345272,50.27196693689551,50.47874164587804,50.24102977077286,50.26235883292615,50.51563597225147,50.53819844004775,50.846090559380855,49.90171888565283,50.20969586933367,49.95521906505826,49.63074388487665,50.50353223252194,50.86601257510043,49.533143894218476,49.38214743978561,51.32194212207982,50.23936248388792,50.2421205340085,50.803726850013256,49.99957426496562,
DNSPSO统计信息：
size = 50
iters = 3000
nfes = 150000
sum = 1506.528279507668
min = 49.38214743978561
max = 51.32194212207982
mean = 50.217609316922264
std = 0.43532575716625604
totaltime = 443.093s
avgtime = 14.769766666666667s
最优解：
Particle{, pBest=Solution{id=0, content=[6, 7, 9, 6, 13, 8, 8, 4, 4, 7, 9, 1, 5, 8, 9, 4, 9, 4, 1, 8, 8, 1, 5, 3, 8, 2, 13, 1, 7, 2, 6, 6, 5, 5, 4, 4, 5, 3, 5, 2, 9, 2, 6, 7, 7, 2, 8, 3, 6, 4, 6, 7, 5, 4, 5, 5, 8, 9, 13, 6, 5, 8, 5, 3, 5, 4, 7, 7, 5, 5, 5, 5, 7, 3, 5, 5, 4, 7, 2, 1, 9, 7, 7, 6, 2, 9, 11, 1, 6, 9, 7, 6, 9, 1, 8, 3, 8, 7, 11, 7, 7, 8, 6, 6, 8, 6, 5, 1, 9, 4, 10, 6, 8, 6, 6, 5, 4, 1, 8, 9, 13, 4, 7, 3, 8, 8, 10, 6, 5, 7, 9, 8, 8, 2, 8, 5, 8, 8, 9, 2, 7, 3, 5, 5, 5, 3, 7, 6, 9, 1, 6, 5, 5, 3, 6, 4, 5, 6, 5, 3, 1, 8, 5, 6, 2, 7, 5, 7, 7, 8, 9, 4, 8, 7, 10, 7, 10, 2, 10, 4, 5, 3, 5, 3, 6, 4, 8, 8, 5, 1, 5, 4, 5, 4, 9, 1, 3, 5, 5, 5, 9, 5, 3, 5, 7, 2, 5, 1, 5, 1, 1, 4, 6, 2, 5, 7, 5, 3, 8, 7, 7, 5, 6, 6, 10, 5, 6, 4, 5, 3, 6, 5, 5, 8, 5, 6, 5, 1, 7, 1, 5, 6, 7, 6, 8, 2, 6, 7, 4, 7, 10, 7, 8, 8, 7, 9, 9, 2, 7, 9], dimension=0, value=51.32194212207982, stages=0, time=0.0}Solution{id=0, content=[6, 7, 9, 6, 13, 8, 8, 4, 4, 7, 9, 1, 5, 8, 9, 4, 9, 4, 1, 8, 8, 1, 5, 3, 8, 2, 13, 1, 7, 2, 6, 6, 5, 5, 4, 4, 5, 3, 5, 2, 9, 2, 6, 7, 7, 2, 8, 3, 6, 4, 6, 7, 5, 4, 5, 5, 8, 9, 13, 6, 5, 8, 5, 3, 5, 4, 7, 7, 5, 5, 5, 5, 7, 3, 5, 5, 4, 7, 2, 1, 9, 7, 7, 6, 2, 9, 11, 1, 6, 9, 7, 6, 9, 1, 8, 3, 8, 7, 11, 7, 7, 8, 6, 6, 8, 6, 5, 1, 9, 4, 10, 6, 8, 6, 6, 5, 4, 1, 8, 9, 13, 4, 7, 3, 8, 8, 10, 6, 5, 7, 9, 8, 8, 2, 8, 5, 8, 8, 9, 2, 7, 3, 5, 5, 5, 3, 7, 6, 9, 1, 6, 5, 5, 3, 6, 4, 5, 6, 5, 3, 1, 8, 5, 6, 2, 7, 5, 7, 7, 8, 9, 4, 8, 7, 10, 7, 10, 2, 10, 4, 5, 3, 5, 3, 6, 4, 8, 8, 5, 1, 5, 4, 5, 4, 9, 1, 3, 5, 5, 5, 9, 5, 3, 5, 7, 2, 5, 1, 5, 1, 1, 4, 6, 2, 5, 7, 5, 3, 8, 7, 7, 5, 6, 6, 10, 5, 6, 4, 5, 3, 6, 5, 5, 8, 5, 6, 5, 1, 7, 1, 5, 6, 7, 6, 8, 2, 6, 7, 4, 7, 10, 7, 8, 8, 7, 9, 9, 2, 7, 9], dimension=0, value=51.32194212207982, stages=0, time=192.03125391327643}} 
最差解：
Particle{, pBest=Solution{id=0, content=[13, 7, 12, 5, 13, 5, 1, 4, 2, 6, 10, 7, 10, 2, 11, 0, 4, 2, 5, 2, 5, 4, 6, 7, 8, 1, 8, 4, 5, 6, 1, 4, 4, 6, 3, 7, 2, 1, 9, 5, 9, 9, 8, 7, 6, 2, 3, 1, 5, 7, 8, 8, 6, 4, 12, 3, 10, 4, 13, 9, 6, 4, 8, 3, 6, 2, 9, 3, 3, 7, 12, 3, 9, 9, 7, 6, 6, 3, 5, 3, 4, 1, 7, 8, 1, 4, 7, 8, 11, 4, 13, 0, 4, 0, 6, 5, 12, 5, 2, 2, 8, 5, 8, 4, 6, 6, 3, 1, 5, 5, 2, 8, 6, 8, 8, 2, 3, 1, 8, 7, 7, 1, 6, 7, 8, 2, 2, 5, 7, 8, 8, 9, 11, 9, 9, 2, 6, 5, 9, 4, 11, 7, 7, 8, 5, 3, 2, 2, 6, 1, 1, 5, 7, 9, 13, 8, 5, 5, 1, 4, 8, 1, 4, 7, 4, 5, 9, 6, 8, 2, 5, 6, 7, 8, 4, 1, 11, 2, 2, 4, 8, 6, 7, 1, 5, 5, 9, 7, 6, 4, 9, 4, 9, 1, 2, 5, 3, 5, 8, 4, 11, 8, 9, 6, 5, 6, 7, 1, 6, 6, 9, 7, 9, 3, 5, 7, 5, 3, 8, 7, 13, 3, 11, 8, 8, 9, 7, 4, 9, 7, 8, 2, 5, 1, 3, 1, 9, 3, 7, 3, 8, 6, 8, 5, 3, 3, 8, 5, 3, 6, 6, 6, 5, 8, 6, 1, 11, 4, 6, 7], dimension=0, value=49.38214743978561, stages=0, time=0.0}Solution{id=41, content=[13, 7, 12, 5, 13, 5, 1, 4, 2, 6, 10, 7, 10, 2, 11, 0, 4, 2, 5, 2, 5, 4, 6, 7, 8, 1, 8, 4, 5, 6, 1, 4, 4, 6, 3, 7, 2, 1, 9, 5, 9, 9, 8, 7, 6, 2, 3, 1, 5, 7, 8, 8, 6, 4, 12, 3, 10, 4, 13, 9, 6, 4, 8, 3, 6, 2, 9, 3, 3, 7, 12, 3, 9, 9, 7, 6, 6, 3, 5, 3, 4, 1, 7, 8, 1, 4, 7, 8, 11, 4, 13, 0, 4, 0, 6, 5, 12, 5, 2, 2, 8, 5, 8, 4, 6, 6, 3, 1, 5, 5, 2, 8, 6, 8, 8, 2, 3, 1, 8, 7, 7, 1, 6, 7, 8, 2, 2, 5, 7, 8, 8, 9, 11, 9, 9, 2, 6, 5, 9, 4, 11, 7, 7, 8, 5, 3, 2, 2, 6, 1, 1, 5, 7, 9, 13, 8, 5, 5, 1, 4, 8, 1, 4, 7, 4, 5, 9, 6, 8, 2, 5, 6, 7, 8, 4, 1, 11, 2, 2, 4, 8, 6, 7, 1, 5, 5, 9, 7, 6, 4, 9, 4, 9, 1, 2, 5, 3, 5, 8, 4, 11, 8, 9, 6, 5, 6, 7, 1, 6, 6, 9, 7, 9, 3, 5, 7, 5, 3, 8, 7, 13, 3, 11, 8, 8, 9, 7, 4, 9, 7, 8, 2, 5, 1, 3, 1, 9, 3, 7, 3, 8, 6, 8, 5, 3, 3, 8, 5, 3, 6, 6, 6, 5, 8, 6, 1, 11, 4, 6, 7], dimension=260, value=49.38214743978561, stages=0, time=199.15886383121534}} 
