50.45272133225461,49.72033303935802,49.593877283648254,50.082103625960954,49.904422502078496,49.99253523331482,50.670386291566125,50.804514407964135,50.15172193459013,50.561560889048835,51.16427497004858,49.98171518722025,49.80629328815723,50.11627617913804,49.36755869368893,49.73583072836747,50.862852260252936,50.04478955243507,50.346186177882515,50.15720518995515,49.96390583568699,49.84379159297211,49.83733103162345,50.47049460845979,49.67070480661742,51.01130556824965,50.33616017394568,50.18358127771436,50.0101049624853,50.57203959074336,
FADE统计信息：
sum = 1505.4165782154284
min = 49.36755869368893
max = 51.16427497004858
mean = 50.18055260718095
std = 0.4381620013796961
totaltime = 499.934
avgtime = 16.664466666666666
最优解：
FireSpark{pi=0.46000000000000024} Solution{id=26, content=[12, 4, 7, 5, 5, 3, 5, 3, 9, 4, 4, 8, 5, 1, 5, 3, 1, 4, 7, 3, 10, 7, 8, 1, 13, 3, 5, 3, 13, 4, 9, 9, 2, 7, 3, 7, 5, 4, 5, 7, 6, 7, 5, 9, 8, 7, 8, 0, 12, 1, 7, 1, 10, 4, 6, 2, 11, 4, 11, 5, 9, 8, 13, 5, 8, 4, 11, 2, 7, 8, 11, 9, 8, 2, 3, 5, 8, 5, 2, 6, 5, 6, 10, 1, 1, 9, 5, 4, 5, 3, 7, 2, 2, 5, 11, 1, 7, 7, 10, 5, 11, 7, 2, 9, 9, 6, 6, 2, 11, 6, 5, 4, 4, 5, 10, 7, 7, 8, 10, 3, 6, 4, 4, 7, 8, 5, 11, 5, 11, 7, 9, 4, 7, 1, 4, 4, 3, 6, 5, 2, 9, 8, 7, 0, 4, 9, 5, 4, 9, 9, 13, 7, 5, 5, 5, 3, 8, 3, 1, 5, 7, 1, 2, 7, 9, 8, 1, 4, 6, 1, 8, 2, 8, 0, 8, 6, 12, 7, 8, 7, 2, 9, 7, 6, 2, 1, 10, 7, 5, 1, 8, 3, 12, 1, 9, 5, 6, 1, 8, 5, 2, 3, 12, 7, 8, 3, 7, 1, 7, 8, 9, 6, 10, 7, 8, 7, 13, 6, 10, 4, 5, 5, 8, 5, 12, 2, 11, 7, 3, 1, 4, 1, 10, 7, 1, 4, 9, 4, 9, 9, 11, 8, 9, 8, 8, 7, 13, 6, 2, 3, 5, 9, 5, 3, 9, 6, 5, 9, 9, 5], dimension=260, value=51.16427497004858, stages=0, time=198.85806339191072}
最差解：
FireSpark{pi=0.09000000000000008} Solution{id=6, content=[5, 8, 1, 4, 8, 3, 3, 5, 8, 7, 6, 9, 3, 7, 7, 8, 4, 7, 8, 1, 8, 3, 8, 7, 3, 7, 8, 4, 10, 4, 8, 5, 2, 2, 5, 6, 10, 5, 8, 3, 2, 7, 13, 5, 5, 6, 4, 6, 7, 6, 3, 3, 2, 1, 11, 2, 5, 3, 11, 2, 10, 9, 2, 9, 4, 7, 7, 5, 7, 5, 6, 6, 5, 4, 5, 2, 2, 7, 13, 9, 6, 6, 3, 0, 5, 5, 1, 4, 13, 9, 7, 5, 8, 6, 13, 1, 13, 7, 13, 0, 11, 6, 7, 5, 6, 1, 11, 4, 8, 4, 3, 4, 8, 5, 9, 7, 9, 5, 11, 1, 3, 5, 13, 8, 10, 1, 1, 2, 2, 6, 9, 3, 10, 7, 10, 4, 4, 1, 2, 2, 10, 7, 2, 3, 7, 7, 10, 6, 10, 1, 12, 7, 6, 4, 5, 8, 5, 6, 9, 7, 6, 7, 7, 7, 2, 8, 11, 8, 3, 3, 8, 6, 10, 5, 12, 1, 5, 5, 3, 5, 5, 2, 1, 8, 8, 6, 10, 4, 3, 7, 2, 3, 1, 0, 10, 1, 6, 1, 1, 1, 8, 7, 4, 1, 2, 6, 5, 2, 10, 3, 2, 7, 2, 1, 6, 8, 2, 5, 9, 4, 11, 4, 6, 6, 5, 1, 1, 5, 11, 4, 4, 8, 5, 7, 9, 1, 9, 2, 6, 1, 12, 8, 9, 2, 11, 4, 11, 3, 3, 0, 6, 0, 8, 6, 2, 5, 1, 2, 5, 6], dimension=260, value=49.36755869368893, stages=0, time=198.98434629114462}
