52.26438472840157,52.47188017199547,52.57842597992534,52.19812272791203,52.02395315819847,51.67076485558628,51.661268950813685,51.91147531231354,52.32676789918356,51.87804418238855,51.48283356914998,52.44299198158416,52.72283147708264,50.560387367869744,52.526136307983855,52.65609942244517,51.33825499540239,52.617997834445724,52.44192228226558,52.31060702078884,52.18959392862074,51.977849997079474,51.93387962547296,51.38501523400005,51.90140803650405,52.680690741765474,50.889618573342695,52.3810640302234,52.662166352743576,52.117837208405355,
PSO统计信息：
size = 50
iters = 3000
nfes = 150000
sum = 1562.204273953894
min = 50.560387367869744
max = 52.72283147708264
mean = 52.073475798463136
std = 0.5400438691520334
totaltime = 420.663s
avgtime = 14.0221s
最优解：
Particle{, pBest=Solution{id=0, content=[10, 7, 8, 2, 5, 3, 4, 6, 6, 4, 8, 3, 10, 7, 5, 5, 9, 6, 8, 9, 9, 8, 8, 7, 3, 8, 8, 7, 13, 1, 8, 6, 4, 1, 8, 4, 8, 6, 5, 5, 10, 7, 5, 5, 9, 4, 5, 7, 1, 8, 5, 5, 6, 1, 9, 5, 8, 6, 11, 9, 7, 5, 8, 6, 13, 1, 10, 7, 5, 6, 12, 1, 11, 8, 11, 6, 5, 1, 5, 6, 3, 1, 4, 5, 8, 3, 5, 5, 8, 9, 7, 1, 10, 1, 5, 8, 5, 1, 5, 5, 3, 4, 7, 4, 9, 2, 1, 4, 6, 1, 5, 7, 7, 3, 8, 1, 9, 6, 5, 1, 7, 1, 3, 7, 11, 8, 7, 7, 5, 3, 10, 7, 10, 5, 5, 5, 7, 8, 6, 4, 12, 4, 12, 4, 6, 4, 10, 7, 5, 6, 5, 6, 6, 1, 8, 3, 5, 5, 8, 4, 5, 3, 5, 3, 6, 4, 7, 7, 11, 1, 5, 9, 5, 3, 7, 6, 8, 4, 9, 8, 8, 5, 5, 2, 8, 7, 12, 4, 8, 7, 5, 6, 1, 8, 7, 5, 5, 9, 5, 8, 9, 8, 7, 8, 9, 6, 7, 9, 6, 1, 8, 4, 5, 2, 7, 5, 5, 1, 11, 1, 5, 3, 6, 6, 5, 9, 3, 5, 8, 7, 5, 5, 8, 7, 1, 4, 5, 7, 7, 4, 5, 5, 6, 7, 12, 1, 5, 8, 8, 2, 9, 6, 10, 7, 7, 8, 6, 3, 9, 8], dimension=0, value=52.72283147708264, stages=0, time=0.0}Solution{id=38, content=[10, 7, 8, 2, 5, 3, 4, 6, 6, 4, 8, 3, 10, 7, 5, 5, 9, 6, 8, 9, 9, 8, 8, 7, 3, 8, 8, 7, 13, 1, 8, 6, 4, 1, 8, 4, 8, 6, 5, 5, 10, 7, 5, 5, 9, 4, 5, 7, 1, 8, 5, 5, 6, 1, 9, 5, 8, 6, 11, 9, 7, 5, 8, 6, 13, 1, 10, 7, 5, 6, 12, 1, 11, 8, 11, 6, 5, 1, 5, 6, 3, 1, 4, 5, 8, 3, 5, 5, 8, 9, 7, 1, 10, 1, 5, 8, 5, 1, 5, 5, 3, 4, 7, 4, 9, 2, 1, 4, 6, 1, 5, 7, 7, 3, 8, 1, 9, 6, 5, 1, 7, 1, 3, 7, 11, 8, 7, 7, 5, 3, 10, 7, 10, 5, 5, 5, 7, 8, 6, 4, 12, 4, 12, 4, 6, 4, 10, 7, 5, 6, 5, 6, 6, 1, 8, 3, 5, 5, 8, 4, 5, 3, 5, 3, 6, 4, 7, 7, 11, 1, 5, 9, 5, 3, 7, 6, 8, 4, 9, 8, 8, 5, 5, 2, 8, 7, 12, 4, 8, 7, 5, 6, 1, 8, 7, 5, 5, 9, 5, 8, 9, 8, 7, 8, 9, 6, 7, 9, 6, 1, 8, 4, 5, 2, 7, 5, 5, 1, 11, 1, 5, 3, 6, 6, 5, 9, 3, 5, 8, 7, 5, 5, 8, 7, 1, 4, 5, 7, 7, 4, 5, 5, 6, 7, 12, 1, 5, 8, 8, 2, 9, 6, 10, 7, 7, 8, 6, 3, 9, 8], dimension=260, value=52.72283147708264, stages=0, time=199.4984843049706}} 
最差解：
Particle{, pBest=Solution{id=0, content=[4, 4, 8, 4, 8, 3, 7, 6, 7, 4, 3, 5, 1, 7, 8, 5, 5, 6, 9, 9, 8, 1, 5, 5, 6, 4, 5, 6, 12, 7, 4, 2, 4, 8, 8, 8, 5, 9, 5, 9, 12, 4, 7, 7, 9, 9, 6, 6, 7, 4, 8, 3, 5, 6, 6, 7, 6, 3, 5, 9, 7, 4, 2, 4, 7, 8, 9, 1, 6, 5, 9, 9, 4, 5, 8, 2, 9, 1, 5, 3, 7, 7, 10, 5, 7, 6, 6, 7, 11, 1, 9, 4, 11, 6, 2, 6, 6, 5, 5, 2, 2, 2, 10, 7, 5, 7, 6, 3, 3, 7, 12, 4, 10, 2, 3, 6, 2, 2, 6, 6, 10, 4, 5, 7, 4, 9, 5, 7, 9, 5, 7, 1, 5, 5, 8, 8, 5, 3, 8, 1, 11, 5, 5, 2, 8, 4, 5, 7, 8, 9, 4, 7, 6, 1, 6, 6, 4, 6, 5, 7, 1, 4, 8, 3, 6, 6, 7, 7, 11, 9, 6, 5, 9, 5, 5, 1, 9, 6, 10, 7, 10, 2, 5, 3, 6, 6, 11, 8, 8, 8, 6, 8, 10, 3, 8, 7, 5, 1, 5, 2, 9, 1, 5, 7, 6, 1, 4, 1, 11, 5, 6, 1, 7, 3, 10, 7, 8, 6, 6, 8, 10, 9, 10, 7, 11, 1, 7, 3, 6, 4, 7, 3, 11, 5, 5, 8, 7, 5, 9, 3, 9, 5, 9, 4, 5, 4, 5, 7, 9, 5, 5, 6, 5, 1, 5, 7, 4, 8, 12, 1], dimension=0, value=50.560387367869744, stages=0, time=0.0}Solution{id=36, content=[4, 4, 8, 4, 8, 3, 7, 6, 7, 4, 3, 5, 1, 7, 8, 5, 5, 6, 9, 9, 8, 1, 5, 5, 6, 4, 5, 6, 12, 7, 4, 2, 4, 8, 8, 8, 5, 9, 5, 9, 12, 4, 7, 7, 9, 9, 6, 6, 7, 4, 8, 3, 5, 6, 6, 7, 6, 3, 5, 9, 7, 4, 2, 4, 7, 8, 9, 1, 6, 5, 9, 9, 4, 5, 8, 2, 9, 1, 5, 3, 7, 7, 10, 5, 7, 6, 6, 7, 11, 1, 9, 4, 11, 6, 2, 6, 6, 5, 5, 2, 2, 2, 10, 7, 5, 7, 6, 3, 3, 7, 12, 4, 10, 2, 3, 6, 2, 2, 6, 6, 10, 4, 5, 7, 4, 9, 5, 7, 9, 5, 7, 1, 5, 5, 8, 8, 5, 3, 8, 1, 11, 5, 5, 2, 8, 4, 5, 7, 8, 9, 4, 7, 6, 1, 6, 6, 4, 6, 5, 7, 1, 4, 8, 3, 6, 6, 7, 7, 11, 9, 6, 5, 9, 5, 5, 1, 9, 6, 10, 7, 10, 2, 5, 3, 6, 6, 11, 8, 8, 8, 6, 8, 10, 3, 8, 7, 5, 1, 5, 2, 9, 1, 5, 7, 6, 1, 4, 1, 11, 5, 6, 1, 7, 3, 10, 7, 8, 6, 6, 8, 10, 9, 10, 7, 11, 1, 7, 3, 6, 4, 7, 3, 11, 5, 5, 8, 7, 5, 9, 3, 9, 5, 9, 4, 5, 4, 5, 7, 9, 5, 5, 6, 5, 1, 5, 7, 4, 8, 12, 1], dimension=260, value=50.560387367869744, stages=0, time=199.75989497268236}} 
