48.20970364655244,48.288241146049,48.633642709351236,49.282223012605094,48.09940758861364,48.320181470781826,49.15543379405854,49.34245820087936,48.476858540798304,48.56741025708357,49.160403560274176,48.23402288709711,48.33076558403235,48.25209060129847,48.43790310320386,48.39969156448025,49.49741145305975,49.396991370902605,48.65301171562626,49.981247790501364,48.56915547198852,48.46119717981873,48.22977255422226,48.27752765753205,49.55364819638648,48.50365450208725,49.444246514266055,49.910700357051155,49.30275975462748,48.407950828423566,
WWO统计信息：
sum = 1463.379713013653
min = 48.09940758861364
max = 49.981247790501364
mean = 48.77932376712177
std = 0.5619179774190943
totaltime = 538.877
avgtime = 17.962566666666664
最优解：
Wave{amplitude=12.0, length=0.04486059139935474} Solution{id=18, content=[10, 4, 7, 6, 1, 4, 9, 4, 11, 9, 8, 6, 2, 5, 1, 5, 9, 7, 13, 6, 13, 6, 1, 3, 7, 2, 5, 7, 11, 1, 5, 3, 9, 6, 7, 8, 4, 6, 9, 9, 8, 5, 2, 7, 7, 1, 10, 4, 8, 2, 7, 3, 6, 4, 7, 7, 7, 6, 1, 5, 5, 4, 7, 5, 7, 6, 5, 0, 13, 3, 7, 1, 12, 7, 5, 5, 6, 6, 8, 3, 5, 9, 11, 8, 5, 7, 4, 2, 8, 8, 11, 1, 10, 0, 6, 5, 1, 1, 3, 8, 5, 7, 12, 4, 3, 9, 5, 5, 6, 5, 7, 7, 9, 1, 8, 4, 8, 0, 1, 8, 5, 7, 12, 4, 2, 0, 3, 7, 8, 9, 11, 1, 11, 2, 6, 1, 7, 6, 8, 5, 9, 5, 9, 1, 6, 7, 10, 3, 10, 7, 8, 1, 11, 2, 6, 8, 9, 9, 5, 8, 11, 9, 5, 2, 4, 6, 10, 5, 8, 6, 5, 3, 5, 7, 4, 5, 12, 6, 8, 6, 11, 3, 5, 5, 9, 3, 7, 1, 6, 4, 5, 7, 6, 6, 5, 3, 10, 7, 6, 1, 3, 7, 1, 6, 3, 5, 9, 7, 6, 5, 7, 5, 5, 6, 8, 4, 2, 8, 13, 1, 4, 4, 10, 4, 7, 1, 13, 3, 9, 3, 9, 8, 11, 5, 7, 6, 3, 1, 2, 2, 11, 4, 7, 2, 8, 5, 2, 2, 3, 4, 5, 4, 12, 3, 9, 5, 2, 7, 6, 0], dimension=260, value=49.981247790501364, stages=0, time=195.78741222402616}
最差解：
Wave{amplitude=12.0, length=-62.24404835991612} Solution{id=35, content=[9, 6, 8, 2, 5, 8, 10, 6, 5, 3, 10, 7, 13, 2, 10, 8, 2, 5, 10, 1, 2, 4, 3, 9, 13, 3, 2, 5, 8, 5, 5, 7, 10, 1, 1, 6, 6, 7, 5, 7, 1, 7, 9, 6, 7, 7, 3, 5, 7, 6, 10, 5, 11, 6, 13, 2, 13, 3, 6, 9, 12, 1, 10, 2, 6, 7, 9, 5, 4, 6, 9, 2, 11, 9, 6, 4, 6, 1, 8, 9, 13, 7, 1, 1, 12, 7, 6, 5, 11, 7, 7, 1, 2, 8, 8, 7, 11, 1, 7, 8, 6, 7, 9, 9, 11, 7, 9, 3, 9, 4, 7, 1, 12, 1, 5, 2, 12, 1, 11, 7, 2, 2, 11, 2, 9, 6, 8, 7, 6, 1, 1, 4, 4, 1, 10, 2, 6, 0, 13, 4, 2, 5, 5, 4, 5, 6, 7, 1, 11, 3, 12, 5, 4, 0, 4, 5, 9, 8, 4, 9, 10, 5, 11, 2, 3, 3, 5, 4, 8, 7, 3, 4, 2, 3, 7, 1, 7, 1, 12, 7, 10, 3, 4, 1, 11, 9, 7, 6, 13, 2, 10, 6, 10, 2, 8, 5, 10, 3, 2, 1, 9, 4, 8, 7, 6, 3, 7, 8, 12, 6, 13, 4, 11, 9, 6, 8, 2, 4, 8, 7, 10, 6, 11, 7, 3, 8, 6, 7, 6, 3, 12, 9, 9, 1, 11, 2, 12, 5, 8, 0, 11, 7, 2, 7, 6, 6, 9, 1, 7, 8, 3, 2, 12, 3, 2, 5, 11, 8, 3, 9], dimension=260, value=48.09940758861364, stages=0, time=193.97418480746722}
