0.00095540 0.65260568 0.10045465 0.10024858 0.98638977 0.06539874 0.83245803 0.56061857 0.17484883 0.49072990 0.20870539 0.49503300 0.30737031 0.35183490 0.69024777 0.79019730 0.42418291 0.96879550
0.86986808 0.29487029 0.56897488 0.62155281 0.09014564 0.14907926 0.83394557 0.79993335 0.45029253 0.19074337 0.69928403 0.10141153 0.03089421 0.07669972 0.25450721 0.28518429 0.69010018 0.31860111
0.55413006 0.32023459 0.84047531 0.77888290 0.05642811 0.87541258 0.20263562 0.29797146 0.82159305 0.59116426 0.64995740 0.03113413 0.90436992 0.64538984 0.90806138 0.76184687 0.16630439 0.58001424
0.05343917 0.92828234 0.55401740 0.09020557 0.46750186 0.35049779 0.74246325 0.49477701 0.14549561 0.67812870 0.92591663 0.90416069 0.03414302 0.39187061 0.45447307 0.68144260 0.37753264 0.78675804
0.96013605 0.65230008 0.88769373 0.74122641 0.59410371 0.66128410 0.92445682 0.23316884 0.00565636 0.49474071 0.76861523 0.50267663 0.73308581 0.89476728 0.50306618 0.48087872 0.74839589 0.37395121
0.97852490 0.60527197 0.00004348 0.80723948 0.83356849 0.42416082 0.93177723 0.32513970 0.56318073 0.45630081 0.12067164 0.86155492 0.18563329 0.61656818 0.37374180 0.81990531 0.14445227 0.14445317
0.85006432 0.71279214 0.70038372 0.37940174 0.03411833 0.30331057 0.21768511 0.91550704 0.67609987 0.73021983 0.42973477 0.63777846 0.13625166 0.33453008 0.98086427 0.89319240 0.92278986 0.42166781
0.28448370 0.58195585 0.59679797 0.99123241 0.01198334 0.26789018 0.63249732 0.54545867 0.33255937 0.50156911 0.26759276 0.44785093 0.36102549 0.42582163 0.85593099 0.94505694 0.13883633 0.39043695
0.74349803 0.88790014 0.87296235 0.74138490 0.22882180 0.39159166 0.08792033 0.16959275 0.74013432 0.16049369 0.80817747 0.00529462 0.96418743 0.96940884 0.88131106 0.62619702 0.29540472 0.84122023
0.07672006 0.71118110 0.63909187 0.78980983 0.65034862 0.41598714 0.29871623 0.60753342 0.65279582 0.67330525 0.40480558 0.06813213 0.37635009 0.72692143 0.10180542 0.08881255 0.98590058 0.69804538
0.49927284 0.84932855 0.55934205 0.45167296 0.21507417 0.60124951 0.47500352 0.28181231 0.19079265 0.91720141 0.32679573 0.96662991 0.34334192 0.42771888 0.32218566 0.55804885 0.53181897 0.67244744
0.42377084 0.86505836 0.26492084 0.55278714 0.33214050 0.96597023 0.55178707 0.01467027 0.77587411 0.24208417 0.30791977 0.01301722 0.47394239 0.36370115 0.76787194 0.51351631 0.56643943 0.37914957
0.42768362 0.27272487 0.27148949 0.55846638 0.14258500 0.40409041 0.01933499 0.92560157 0.13927405 0.28534265 0.33902715 0.47649070 0.86711562 0.19180761 0.32880444 0.92506757 0.80889822 0.15054845
0.62815810 0.44526446 0.59932329 0.90183710 0.42774788 0.28427510 0.05819121 0.52731416 0.20274581 0.31083131 0.03528711 0.25829486 0.53584897 0.53197139 0.28525888 0.21303108 0.60811709 0.36275405
0.94331852 0.32834088 0.67895457 0.96559957 0.55638725 0.54886820 0.15097026 0.28941491 0.03934383 0.41633759 0.62111309 0.53338731 0.37232454 0.56151971 0.65639510 0.63630668 0.33256240 0.24322546
0.90067766 0.04950419 0.06304223 0.00149787 0.51841099 0.48997061 0.82028717 0.69627228 0.91188064 0.58994453 0.81488147 0.68812759 0.11042926 0.36023782 0.66087338 0.68435200 0.22328545 0.16679116
0.58399084 0.82139887 0.87204611 0.48342993 0.20364209 0.88390982 0.57452220 0.02851703 0.39996204 0.17083335 0.63857244 0.01917548 0.50470447 0.41076943 0.24271315 0.18398065 0.81356937 0.30152143