0 0.02970661 0.86349840 0.20759321 0.70293891 0.71999443 0.99777156 0.49251974 0.24748589 0.96375657 0.05083465
0 0.91760742 0.14957124 0.89354021 0.95456213 0.21911890 0.29252858 0.61381767 0.96763329 0.44877700 0.25123600
0 0.16949553 0.94012210 0.79376059 0.76871599 0.37231212 0.85019839 0.57235303 0.34665835 0.23222404 0.63665176
0 0.59814467 0.03266061 0.64029656 0.28942771 0.14573022 0.19108134 0.38027701 0.88009043 0.82213052 0.02975369
0 0.50794402 0.71510488 0.75070777 0.92140834 0.63048977 0.07705609 0.60813184 0.10650592 0.64260638 0.08240080
0 0.21999478 0.19328122 0.03161173 0.02907288 0.61695932 0.98115240 0.95086369 0.23324090 0.68086666 0.52525091
0 0.87887652 0.76174210 0.76901732 0.03267793 0.83096649 0.65519436 0.99487859 0.13519657 0.77091818 0.20651360
0 0.16476061 0.31841889 0.08207744 0.61054144 0.72254237 0.80414947 0.70043979 0.83271337 0.43831797 0.98039831
0 0.78671870 0.85817554 0.99187289 0.55267785 0.62004095 0.57748376 0.04818816 0.95054970 0.73283093 0.44099562
0 0.89971055 0.16498919 0.17460996 0.67129257 0.25891511 0.11498661 0.19185028 0.26144596 0.32472570 0.84590598
0 0.54168752 0.20666721 0.81764840 0.34747375 0.11921009 0.41785886 0.28101150 0.54587118 0.57120739 0.54781018
0 0.57949504 0.07225592 0.09367266 0.52425695 0.19117153 0.73913981 0.66602128 0.92875226 0.58556926 0.26640126
0 0.56189822 0.48627125 0.70780802 0.69031281 0.09461334 0.83769944 0.34764610 0.06181484 0.20465676 0.45583106
0 0.96231746 0.49436946 0.67741084 0.03522991 0.34332531 0.35707886 0.49108925 0.93728226 0.36989945 0.42535455
0 0.03809756 0.30399761 0.97561180 0.09927582 0.73742441 0.26758989 0.36968526 0.37887646 0.86133550 0.27759807
0 0.50081885 0.14595090 0.23655735 0.94328162 0.72889213 0.44357281 0.84830183 0.94625341 0.67870018 0.86736963
0 0.27489609 0.51678811 0.28990993 0.88669944 0.31144694 0.68697218 0.14871757 0.89922725 0.10288274 0.03483652