0 0.28922596 0.08899921 0.59987985 0.91584073 0.78634959
0 0.70596605 0.17559485 0.24155372 0.62709448 0.21400679
0 0.79678743 0.71010211 0.54334844 0.86485691 0.22983385
0 0.01893491 0.71685723 0.64694590 0.38029345 0.99767868
0 0.52585054 0.23100099 0.01410647 0.78733459 0.79282085
0 0.48837495 0.78916394 0.16179518 0.31424758 0.39340842
0 0.73790553 0.83863529 0.80559783 0.63773740 0.08476488
0 0.15835770 0.77872388 0.08230961 0.55669608 0.82475127
0 0.28381714 0.25197340 0.15067871 0.49374559 0.89436669
0 0.43785603 0.65901372 0.87412252 0.79111050 0.61434842
0 0.12138557 0.66067206 0.30975530 0.30036597 0.77208066
0 0.05885602 0.85728115 0.69865567 0.98141600 0.87976994
0 0.67293555 0.93227244 0.15234625 0.18517004 0.51256055
0 0.96394810 0.52638090 0.24455869 0.96868585 0.83192861
0 0.37735812 0.12979807 0.80386011 0.16495661 0.12728518
0 0.61744911 0.37098084 0.54942763 0.50536993 0.19500826
0 0.92192359 0.21335042 0.98953145 0.87444195 0.36455907