10.141520377435503,10.161633328985806,10.235808178997877,10.097040524330124,10.154785932983312,10.168972681669946,10.144596471978927,10.1453673601584,10.087661490574616,10.16037702564974,
统计信息：
sum = 101.49776337276425
min = 10.087661490574616
max = 10.235808178997877
mean = 10.149776337276425
std = 0.0405541988894825
totaltime = 0.65
avgtime = 0.065
最优解：
Solution{id=245672235, content=[1, 3, 2, 2, 1, 3, 3, 3, 2, 3, 2, 4, 1, 4, 3, 2, 1, 2, 1, 2, 2, 3, 2, 2, 2, 3, 3, 2, 2, 2, 2, 3, 3, 3, 2, 3, 1, 3, 2, 1, 1, 2, 3, 2, 2, 3, 2, 3], dimension=48, value=10.235808178997877, stages=0, time=118.13015114001341}
最差解：
Solution{id=650023597, content=[2, 2, 1, 2, 2, 2, 1, 4, 3, 3, 2, 3, 2, 2, 2, 2, 2, 4, 2, 1, 1, 3, 2, 3, 1, 2, 2, 1, 2, 2, 2, 2, 1, 2, 2, 3, 2, 3, 2, 3, 1, 4, 2, 0, 2, 3, 3, 3], dimension=48, value=10.087661490574616, stages=0, time=98.54548703734683}
