10.332925545131316,10.344203907925639,10.37481357257618,10.263352080954323,10.361162161674104,10.257364444519512,10.324318549003864,10.276230251960577,10.290790904907107,10.231375854854287,10.389897274419534,10.240727328036664,10.275765108210079,10.284074160235914,10.330041955001121,10.23238813615401,10.337758391556017,10.3075421781501,10.23720876890112,10.316921294745871,10.346606357532877,10.264073273924073,10.23387537564,10.197081274763455,10.348557109333449,10.35657753990085,10.31872304101015,10.267067954940863,10.298221685302371,10.281774322413568,
DE统计信息：
sum = 308.92141980367904
min = 10.197081274763455
max = 10.389897274419534
mean = 10.297380660122634
std = 0.04936128621464705
totaltime = 12.482
avgtime = 0.41606666666666664
最优解：
Solution{id=21, content=[1, 3, 1, 2, 2, 2, 2, 3, 3, 3, 1, 1, 1, 2, 2, 1, 1, 3, 2, 2, 1, 2, 2, 2, 1, 2, 3, 2, 2, 3, 2, 1, 1, 1, 1, 2, 1, 3, 2, 4, 2, 3, 1, 3, 1, 4, 2, 2], dimension=48, value=10.389897274419534, stages=0, time=107.56900366624961}
最差解：
Solution{id=21, content=[2, 3, 2, 2, 2, 2, 2, 3, 2, 3, 2, 3, 2, 4, 2, 4, 1, 3, 3, 2, 3, 3, 3, 2, 1, 2, 3, 2, 2, 1, 2, 2, 1, 3, 1, 2, 1, 4, 3, 2, 1, 3, 2, 2, 2, 3, 2, 3], dimension=48, value=10.197081274763455, stages=0, time=105.85568261626966}
