10.311114045620434,10.256372159206958,10.282767885843763,10.255191434924111,10.29771292994134,10.239390354315036,10.302694966168342,10.26255524929698,10.260774897540786,10.269022617983072,
统计信息：
sum = 102.73759654084081
min = 10.239390354315036
max = 10.311114045620434
mean = 10.273759654084081
std = 0.023646576270450467
totaltime = 2.048
avgtime = 0.2048
最优解：
Solution{id=8, content=[2, 3, 2, 3, 2, 1, 2, 2, 3, 2, 2, 3, 2, 3, 2, 1, 3, 2, 1, 2, 1, 3, 2, 3, 2, 2, 3, 2, 2, 3, 1, 1, 1, 1, 2, 4, 1, 3, 3, 2, 1, 3, 1, 2, 2, 3, 2, 2], dimension=48, value=10.311114045620434, stages=0, time=110.64039487088301}
最差解：
Solution{id=21, content=[2, 3, 2, 2, 1, 4, 3, 2, 3, 3, 2, 3, 2, 3, 2, 2, 2, 3, 2, 3, 2, 3, 2, 2, 1, 2, 3, 2, 1, 1, 1, 2, 2, 4, 2, 4, 3, 2, 2, 2, 1, 3, 1, 3, 2, 2, 2, 3], dimension=48, value=10.239390354315036, stages=0, time=114.55329148399397}
