10.408799009626527,10.443677695148256,10.365613835521364,10.46239955948115,10.41313161374093,10.440078837156376,10.409991251848695,10.474589725399133,10.387884628748989,10.398515300737493,10.342473944690614,10.44428763285074,10.453887798441617,10.424788363510103,10.448131632794272,10.376909321211551,10.417651516019697,10.372294504803685,10.330860632606674,10.49190319728451,10.439257125276011,10.41050858357597,10.379445552994383,10.427991088253561,10.50870051703004,10.41588415811096,10.479202321658164,10.473195233307383,10.31059574209628,10.447998801125394,
DEDNSPSO统计信息：
sum = 312.6006491250504
min = 10.31059574209628
max = 10.50870051703004
mean = 10.42002163750168
std = 0.0474974212760134
totaltime = 11.344
avgtime = 0.3781333333333333
最优解：
Particle{Solution{id=17, content=[1, 2, 1, 3, 1, 1, 2, 2, 3, 2, 2, 2, 1, 2, 2, 1, 1, 2, 2, 1, 1, 2, 2, 1, 1, 2, 2, 1, 1, 1, 2, 2, 1, 1, 1, 1, 1, 3, 2, 1, 1, 1, 1, 3, 1, 1, 1, 2], dimension=48, value=10.50870051703004, stages=0, time=114.81117372783879}} 
最差解：
Particle{Solution{id=13, content=[1, 2, 1, 2, 2, 2, 2, 1, 1, 1, 2, 1, 1, 2, 1, 2, 2, 2, 1, 1, 1, 2, 1, 1, 1, 2, 2, 1, 1, 2, 2, 1, 1, 1, 1, 1, 1, 1, 2, 1, 2, 3, 1, 3, 2, 1, 1, 2], dimension=48, value=10.31059574209628, stages=0, time=118.87623152639767}} 
