10.363849805326211,10.407309289467305,10.409510470474178,10.311433416798401,10.273171905251097,10.3367529198978,10.341758081452026,10.299532694786777,10.366719535940708,10.337538606150474,
统计信息：
sum = 103.44757672554498
min = 10.273171905251097
max = 10.409510470474178
mean = 10.344757672554497
std = 0.043916559572075305
totaltime = 1.458
avgtime = 0.14579999999999999
最优解：
Particle{Solution{id=0, content=[2, 2, 1, 1, 1, 1, 1, 2, 3, 3, 1, 2, 1, 2, 2, 1, 1, 2, 1, 2, 1, 3, 1, 2, 1, 3, 2, 1, 1, 2, 2, 1, 1, 3, 1, 1, 1, 3, 2, 1, 2, 3, 1, 3, 1, 1, 1, 2], dimension=0, value=10.409510470474178, stages=0, time=88.07299282421218}} 
最差解：
Particle{Solution{id=0, content=[1, 2, 1, 2, 1, 3, 1, 2, 2, 1, 2, 3, 2, 3, 2, 1, 2, 3, 1, 2, 2, 2, 2, 2, 1, 1, 2, 3, 1, 2, 2, 3, 1, 3, 1, 2, 2, 2, 1, 2, 2, 1, 1, 1, 1, 2, 1, 1], dimension=48, value=10.273171905251097, stages=0, time=98.977647953349}} 
