10.402250734940223,10.278356332245515,10.402762249326901,10.406899248693161,10.39087876874321,9.430608070186427,10.32848949442316,10.339251091790862,10.328419798222864,10.30804603573351,10.365226190192015,10.413415631316203,10.394210351199114,10.41805495446859,10.339321602275637,10.352523860777971,10.387787643511995,10.505383698467265,10.33290030666948,
统计信息：
sum = 103.81687027461177
min = 10.30804603573351
max = 10.505383698467265
mean = 10.381687027461178
std = 0.05631623654075248
totaltime = 2.391
avgtime = 0.2391
最优解：
FireSpark{pi=0.7500000000000002} Solution{id=9, content=[1, 2, 1, 3, 2, 3, 2, 3, 2, 1, 2, 3, 1, 3, 2, 1, 1, 2, 1, 2, 2, 3, 2, 3, 2, 2, 3, 2, 1, 1, 1, 2, 1, 1, 1, 1, 1, 2, 2, 1, 1, 1, 1, 2, 1, 1, 1, 1], dimension=48, value=10.505383698467265, stages=0, time=101.7902368853225}
最差解：
FireSpark{pi=0.05000000000000002} Solution{id=5, content=[1, 3, 1, 2, 2, 1, 2, 2, 3, 2, 2, 2, 2, 2, 2, 1, 2, 3, 3, 2, 2, 4, 2, 2, 2, 1, 2, 1, 1, 1, 3, 2, 3, 3, 1, 1, 1, 2, 3, 2, 1, 2, 2, 4, 2, 3, 2, 1], dimension=48, value=10.30804603573351, stages=0, time=109.50936215392859}
10.401546198426843,10.411666402051882,10.39848813298318,10.380821038433876,10.314311427785578,10.385959674993455,10.322852083707414,10.422233860287985,10.419157605233092,10.41163360354448,
统计信息：
sum = 103.86867002744779
min = 10.314311427785578
max = 10.422233860287985
mean = 10.38686700274478
std = 0.03840141785824608
totaltime = 1.756
avgtime = 0.1756
最优解：
FireSpark{pi=0.15000000000000002} Solution{id=2, content=[1, 2, 2, 3, 2, 2, 2, 1, 1, 3, 2, 2, 1, 2, 2, 1, 1, 2, 1, 2, 1, 2, 2, 1, 1, 2, 2, 1, 1, 1, 1, 2, 1, 1, 1, 3, 1, 3, 3, 2, 2, 3, 1, 1, 2, 3, 1, 1], dimension=48, value=10.422233860287985, stages=0, time=97.8305605779087}
最差解：
FireSpark{pi=0.6499999999999999} Solution{id=5, content=[2, 3, 2, 4, 2, 3, 2, 1, 3, 2, 1, 2, 2, 2, 2, 2, 1, 2, 1, 2, 2, 3, 2, 3, 1, 2, 3, 2, 2, 3, 2, 4, 1, 3, 1, 3, 2, 3, 3, 2, 2, 2, 2, 3, 1, 3, 2, 3], dimension=48, value=10.314311427785578, stages=0, time=119.73956921867402}
