10.322368051378952,10.350525789865175,10.373508795833159,10.425074916730477,10.358145461291835,10.37278428911732,10.348951368206775,10.308532527005774,10.343677422133075,10.346180569725046,10.406126182752384,10.351224619597087,10.335999174299811,10.318294955009394,10.368628347845151,10.401613370885794,10.400203187142239,10.339936982909887,10.356047882923756,10.279959880037632,10.40756860054091,10.3319973496921,10.334478882402662,10.374132535046114,10.333285489151564,10.333960823862737,10.369929855459457,10.444836156566213,10.343440673567235,10.46318385205515,
FADE统计信息：
sum = 310.8445979930349
min = 10.279959880037632
max = 10.46318385205515
mean = 10.36148659976783
std = 0.040482286157594465
totaltime = 9.582
avgtime = 0.3194
最优解：
FireSpark{pi=0.33999999999999975} Solution{id=46, content=[1, 2, 1, 2, 2, 2, 2, 3, 3, 3, 2, 3, 2, 3, 2, 1, 1, 2, 2, 1, 2, 3, 2, 3, 2, 3, 3, 2, 2, 2, 2, 3, 1, 1, 1, 2, 2, 3, 3, 2, 1, 2, 2, 3, 1, 1, 2, 2], dimension=48, value=10.46318385205515, stages=0, time=119.59203526715376}
最差解：
FireSpark{pi=0.34999999999999903} Solution{id=26, content=[1, 3, 1, 2, 2, 4, 2, 2, 2, 1, 2, 3, 1, 2, 2, 2, 3, 2, 1, 2, 2, 1, 2, 3, 2, 3, 1, 2, 2, 3, 2, 2, 1, 3, 3, 2, 1, 3, 2, 2, 1, 2, 2, 3, 2, 1, 2, 3], dimension=48, value=10.279959880037632, stages=0, time=117.20523458922953}
