9.460993878893488,9.743956089385186,9.456730356440454,9.506218675637756,10.280244456470264,10.23794148858573,10.366244643890123,10.256682997214824,10.359110057539484,10.246182270566862,10.34956966819729,10.45312772016061,10.281077302378868,10.420121586493465,10.248085427326842,10.291123806233411,10.373104133080577,10.177987711316078,10.416316821169351,10.277926867691635,
统计信息：
sum = 103.28844104404811
min = 10.177987711316078
max = 10.45312772016061
mean = 10.328844104404812
std = 0.08780954119026374
totaltime = 4.092
avgtime = 0.40919999999999995
最优解：
Particle{Solution{id=0, content=[1, 2, 1, 3, 1, 4, 1, 2, 1, 2, 2, 3, 1, 4, 1, 2, 1, 3, 1, 1, 1, 2, 1, 2, 1, 2, 3, 2, 1, 1, 1, 2, 1, 1, 1, 1, 1, 3, 1, 1, 1, 1, 1, 3, 1, 1, 1, 3], dimension=48, value=10.45312772016061, stages=0, time=86.64351570541585}} 
最差解：
Particle{Solution{id=5, content=[1, 2, 3, 2, 1, 2, 2, 3, 1, 2, 1, 2, 1, 0, 2, 1, 1, 2, 1, 2, 1, 2, 1, 2, 1, 2, 2, 1, 1, 4, 1, 4, 1, 1, 3, 4, 1, 4, 2, 4, 1, 4, 1, 2, 3, 4, 1, 3], dimension=48, value=10.177987711316078, stages=0, time=117.46381670638905}} 
10.196064428751246,10.208937110323674,10.500930058800721,10.335931925939837,10.335350069266775,10.348526228748815,10.38703198752109,10.353437687315834,10.198381213096734,10.297975284411208,
统计信息：
sum = 103.16256599417594
min = 10.196064428751246
max = 10.500930058800721
mean = 10.316256599417594
std = 0.0957318751678437
totaltime = 2.205
avgtime = 0.2205
最优解：
Particle{Solution{id=1, content=[1, 2, 1, 2, 1, 3, 1, 2, 3, 2, 1, 3, 1, 1, 2, 1, 1, 2, 2, 3, 1, 2, 1, 2, 2, 3, 3, 2, 1, 1, 1, 2, 1, 3, 1, 1, 1, 3, 2, 1, 1, 3, 2, 1, 1, 3, 1, 1], dimension=48, value=10.500930058800721, stages=0, time=95.61292848785403}} 
最差解：
Particle{Solution{id=1, content=[1, 2, 1, 2, 1, 4, 1, 2, 1, 2, 2, 4, 1, 4, 1, 1, 1, 2, 1, 2, 1, 2, 1, 2, 1, 2, 1, 2, 1, 1, 1, 2, 1, 3, 1, 1, 1, 0, 2, 4, 3, 2, 2, 0, 1, 0, 1, 0], dimension=48, value=10.196064428751246, stages=0, time=116.74570382912165}} 
10.382268952887566,10.313706576313557,10.36376025401618,10.104092640477065,10.33179536366897,10.173713950625707,10.40342795401151,