10.333681979831606,10.416564381703825,10.415962880672792,10.355814612318278,10.403444823524332,10.41220349344569,10.403796146407787,10.340889494862388,10.332288354223925,10.365804913339275,10.349233359684472,10.349744811213519,10.40463894765782,10.454300796462224,10.31077466560029,10.418343048142855,10.442314874572006,10.347152697111685,10.387931355987002,10.407216137349625,10.370155242716677,10.353952157190818,10.459699642577151,10.24803682602435,10.382881847104855,10.393468664398718,10.371315533663264,10.358147168843226,10.390505186193858,10.307774483041047,
WWO统计信息：
sum = 311.2880385258654
min = 10.24803682602435
max = 10.459699642577151
mean = 10.376267950862179
std = 0.04613780859278943
totaltime = 11.6
avgtime = 0.38666666666666666
最优解：
Wave{amplitude=12.0, length=-34665.68314059847} Solution{id=19, content=[1, 2, 1, 2, 1, 2, 1, 2, 2, 1, 1, 1, 1, 2, 2, 1, 1, 2, 2, 1, 1, 2, 1, 2, 1, 2, 1, 1, 1, 2, 1, 4, 1, 1, 1, 1, 1, 2, 2, 1, 1, 3, 1, 3, 1, 1, 2, 1], dimension=48, value=10.459699642577151, stages=0, time=118.12049080182122}
最差解：
Wave{amplitude=12.0, length=0.3873308531001419} Solution{id=33, content=[1, 3, 1, 2, 1, 2, 1, 3, 1, 2, 1, 1, 1, 3, 2, 1, 1, 1, 2, 1, 2, 2, 1, 2, 2, 1, 1, 2, 1, 2, 1, 1, 1, 1, 1, 1, 1, 0, 1, 2, 1, 2, 2, 2, 1, 1, 1, 1], dimension=48, value=10.24803682602435, stages=0, time=118.44124231465264}
