10.371028516809627,10.400973087124033,10.428745536217615,10.38279268969563,10.413685164031312,10.284049078889154,10.277246650983384,10.3474803653241,10.438318124298608,10.39772164495274,
统计信息：
sum = 103.7420408583262
min = 10.277246650983384
max = 10.438318124298608
mean = 10.37420408583262
std = 0.05601633227474269
totaltime = 2.406
avgtime = 0.2406
最优解：
Wave{amplitude=12.0, length=0.32757601900458866} Solution{id=10, content=[1, 2, 1, 2, 1, 2, 1, 2, 2, 2, 1, 2, 2, 2, 2, 1, 1, 3, 1, 3, 1, 2, 1, 2, 1, 2, 1, 1, 1, 1, 2, 1, 1, 3, 1, 1, 1, 1, 2, 1, 1, 1, 1, 1, 1, 1, 1, 2], dimension=48, value=10.438318124298608, stages=0, time=119.0954387768418}
最差解：
Wave{amplitude=12.0, length=-99.62887938560266} Solution{id=23, content=[2, 3, 1, 2, 1, 2, 2, 2, 2, 1, 1, 2, 1, 2, 1, 1, 1, 1, 2, 1, 1, 1, 2, 2, 2, 2, 3, 2, 2, 1, 1, 1, 3, 3, 2, 1, 2, 2, 1, 1, 2, 3, 1, 2, 1, 3, 1, 3], dimension=48, value=10.277246650983384, stages=0, time=119.45691956130315}
