2567.211079788305,2569.6731305530343,2565.3766181301153,2567.1161547464494,2566.2381278538433,2571.7549295983663,2567.2704412871144,2566.296948562346,2568.5272314962554,2574.368733120896,2573.478496526703,
DE统计信息：
size = 50
iters = 5000
nfes = 250000
sum = 77068.6356051719
min = 2558.9187162238727
max = 2576.6808001587756
mean = 2568.9545201723968
std = 4.089484432388323
totaltime = 8199.2s
avgtime = 273.3066666666667s
最优解：
Solution{id=34, content=[22, 3, 4, 16, 10, 1, 19, 4, 6, 10, 6, 8, 2, 10, 5, 2, 9, 6, 16, 8, 8, 16, 9, 4, 22, 1, 0, 9, 10, 5, 7, 4, 8, 21, 7, 7, 13, 11, 2, 20, 11, 5, 11, 10, 5, 15, 12, 3, 23, 9, 4, 11, 0, 8, 15, 9, 5, 18, 7, 5, 23, 10, 6, 18, 12, 2, 24, 8, 8, 15, 10, 4, 14, 10, 8, 6, 11, 2, 10, 6, 5, 16, 9, 4, 20, 9, 4, 23, 10, 2, 2, 8, 6, 17, 7, 5, 13, 8, 6, 9, 9, 1, 10, 3, 1, 9, 10, 7, 13, 6, 3, 8, 6, 3, 6, 7, 7, 18, 10, 4, 12, 8, 1, 17, 6, 6, 16, 8, 4, 9, 9, 3, 21, 6, 6, 16, 7, 7, 13, 7, 4, 14, 11, 4, 18, 11, 4, 15, 9, 4, 14, 1, 6, 11, 4, 8, 22, 8, 6, 13, 6, 4, 6, 6, 8, 17, 6, 2, 16, 11, 3, 16, 9, 8, 24, 8, 4, 19, 10, 6, 15, 6, 4, 17, 8, 7, 14, 7, 3, 12, 7, 1, 16, 6, 4, 20, 3, 6, 4, 5, 8, 12, 7, 5, 13, 8, 7, 13, 10, 5, 6, 9, 5, 12, 1, 5, 16, 7, 7, 7, 9, 8, 18, 6, 3, 2, 8, 7, 22, 9, 8, 16, 8, 2, 7, 8, 3, 12, 4, 2, 5, 9, 8, 23, 10, 8, 21, 8, 1, 15, 12, 4, 16, 6, 8, 23, 8, 6, 12, 9, 6, 17, 8, 8, 6, 8, 7, 3, 11, 6, 20, 7, 3, 14, 6, 6, 5, 7, 7, 15, 10, 4, 10, 7, 7, 10, 10, 3, 12, 9, 8, 14, 9, 3, 14, 5, 6, 13, 9, 6, 14, 12, 4, 15, 5, 2, 9, 8, 5, 15, 9, 3, 9, 9, 4, 15, 6, 4, 21, 8, 3, 14, 11, 8, 19, 6, 5, 16, 8, 6, 11, 12, 8, 8, 0, 4, 14, 4, 8, 15, 1, 3, 10, 7, 6, 13, 9, 3, 18, 9, 8, 17, 1, 7, 13, 8, 5, 11, 4, 4, 16, 11, 5, 17, 8, 5, 14, 6, 5, 19, 8, 3, 8, 6, 2, 18, 11, 3, 22, 8, 4, 18, 8, 7, 7, 9, 6, 11, 3, 3, 21, 9, 2, 11, 2, 8, 13, 9, 5, 19, 1, 3, 23, 7, 5, 7, 6, 1, 14, 11, 4, 7, 8, 4, 22, 3, 8, 3, 7, 5, 12, 1, 6, 15, 5, 8, 11, 10, 8, 13, 6, 8, 16, 5, 8, 15, 12, 7, 24, 12, 4, 14, 7, 6, 3, 8, 6, 3, 5, 6, 15, 10, 6, 21, 5, 6, 9, 9, 1, 9, 9, 8, 14, 12, 3, 9, 7, 4, 4, 5, 6, 15, 11, 4, 14, 10, 2, 9, 10, 3, 17, 4, 6, 14, 8, 8, 21, 3, 3, 23, 9, 4, 10, 5, 5, 3, 7, 8, 9, 6, 5, 20, 5, 3, 10, 11, 4, 24, 9, 7, 3, 6, 3, 21, 6, 2, 6, 3, 8, 11, 11, 4, 13, 6, 6, 22, 4, 1, 16, 12, 5, 17, 11, 7, 21, 6, 4, 12, 6, 1, 17, 6, 3, 19, 5, 5, 15, 11, 8, 11, 7, 1, 19, 6, 2, 3, 10, 7, 11, 8, 1, 20, 11, 6, 17, 2, 6, 17, 6, 5, 14, 7, 3, 9, 8, 6, 17, 8, 3, 12, 11, 6, 17, 9, 3, 9, 9, 7, 24, 9, 6, 15, 8, 5, 11, 5, 1, 18, 8, 7, 15, 2, 3, 10, 7, 1, 6, 5, 5, 9, 8, 2, 12, 1, 7, 3, 9, 2, 22, 6, 5, 12, 8, 4, 20, 6, 5, 8, 5, 7, 19, 3, 6, 19, 9, 5, 20, 5, 5, 6, 6, 8, 10, 10, 5, 5, 10, 8, 19, 1, 5, 3, 8, 2, 5, 5, 3, 14, 1, 8, 24, 6, 4, 15, 7, 1, 2, 5, 7, 22, 6, 4, 14, 8, 7, 17, 12, 8, 16, 6, 5, 8, 3, 7, 13, 9, 8, 21, 12, 5, 13, 4, 3, 11, 9, 3, 21, 7, 4, 16, 11, 4, 14, 6, 7, 16, 6, 8, 19, 1, 2, 4, 6, 4, 11, 5, 7, 1, 10, 7, 10, 9, 6, 11, 7, 2, 11, 5, 1, 7, 7, 8, 17, 7, 8, 16, 6, 7, 15, 4, 5, 2, 2, 5, 22, 11, 4, 13, 7, 5, 13, 10, 2, 13, 9, 8, 4, 6, 3, 21, 1, 8, 16, 7, 8, 13, 9, 6, 21, 10, 7, 10, 0, 5, 21, 7, 4, 22, 7, 6, 16, 8, 1, 15, 5, 2, 15, 6, 5, 19, 11, 6, 7, 5, 0, 18, 5, 3, 16, 1, 7, 21, 4, 8, 13, 6, 6, 10, 8, 2, 7, 8, 8, 13, 5, 2, 4, 10, 6, 3, 3, 7, 15, 11, 8, 11, 9, 1, 17, 7, 6, 13, 9, 8, 11, 6, 3, 5, 10, 2, 18, 5, 5, 7, 11, 5, 14, 11, 3, 19, 9, 5, 3, 5, 4, 13, 5, 5, 13, 6, 5, 21, 5, 7, 22, 10, 1, 20, 5, 8, 12, 3, 4, 9, 11, 6, 10, 5, 1, 5, 6, 5, 12, 8, 4, 12, 9, 7, 18, 12, 5, 15, 5, 7, 14, 7, 6, 15, 7, 1, 24, 8, 4, 2, 4, 5, 19, 8, 3, 15, 9, 2, 20, 6, 5, 15, 6, 4, 9, 6, 6, 20, 6, 5, 20, 4, 8, 20, 2, 1, 10, 9, 4, 20, 8, 4, 5, 6, 8, 8, 5, 7, 17, 5, 7, 14, 4, 5, 24, 9, 7, 16, 10, 2, 22, 7, 6, 9, 11, 5, 10, 9, 1, 20, 3, 3, 22, 8, 4, 4, 4, 2, 18, 11, 5, 15, 8, 3, 18, 6, 3, 12, 4, 3, 16, 4, 4, 20, 5, 7, 8, 7, 4, 22, 11, 6, 20, 10, 1, 7, 12, 2, 16, 4, 7, 7, 7, 2, 14, 12, 2, 21, 4, 7, 17, 6, 8, 13, 7, 2, 11, 6, 6, 10, 10, 2, 18, 7, 5, 10, 6, 4, 23, 5, 2, 2, 9, 7, 6, 10, 4, 19, 8, 4, 15, 9, 4, 15, 9, 8, 13, 12, 7, 22, 7, 6, 12, 5, 4, 5, 9, 3, 21, 8, 7, 10, 10, 4, 4, 12, 7, 8, 12, 6, 19, 6, 7, 14, 12, 7, 20, 6, 5, 8, 6, 2, 23, 1, 2, 4, 10, 7, 22, 7, 3, 19, 2, 4, 11, 10, 3, 14, 4, 5, 18, 9, 3, 17, 7, 2, 16, 9, 8, 12, 10, 6, 12, 3, 4, 7, 8, 7, 19, 8, 6, 11, 6, 2, 9, 1, 4, 16, 12, 3, 9, 11, 2, 13, 9, 3, 15, 8, 3, 9, 7, 5, 11, 6, 5, 8, 11, 3, 18, 10, 7, 21, 8, 8, 11, 3, 6, 13, 7, 8, 11, 6, 5, 15, 9, 1, 15, 4, 6, 16, 7, 7, 9, 11, 1, 18, 9, 4, 14, 7, 6, 11, 9, 1, 21, 4, 7, 13, 10, 6, 21, 7, 8, 23, 4, 5, 3, 9, 1, 10, 12, 7, 24, 6, 7, 21, 8, 7, 14, 7, 6, 17, 5, 4, 22, 6, 0, 17, 6, 8, 19, 0, 5, 11, 7, 5, 4, 7, 5, 4, 8, 6, 13, 5, 5, 9, 8, 6, 11, 9, 7, 17, 9, 4, 12, 3, 1, 22, 6, 6, 20, 7, 5, 16, 3, 1, 8, 11, 8, 15, 1, 5, 17, 11, 1, 6, 4, 3, 20, 4, 7, 14, 1, 5, 16, 7, 7, 24, 6, 5, 14, 12, 1, 21, 4, 7, 13, 2, 5, 8, 7, 2, 10, 3, 8, 9, 11, 7, 1, 8, 6, 8, 7, 8, 10, 6, 4, 11, 4, 4, 12, 3, 8, 21, 8, 7, 16, 8, 4, 8, 9, 7, 24, 8, 7, 18, 5, 3, 20, 11, 5, 13, 11, 2, 24, 7, 2, 11, 9, 2, 19, 9, 8, 6, 2, 2, 18, 11, 3, 21, 6, 5, 20, 9, 7, 22, 8, 2, 7, 9, 8, 12, 11, 6, 12, 7, 2, 16, 7, 3, 17, 8, 7, 23, 5, 7, 18, 11, 5, 24, 8, 8, 18, 11, 3, 16, 5, 3, 22, 6, 6, 15, 5, 3, 19, 7, 4, 4, 2, 1, 6, 9, 4, 2, 5, 7, 14, 9, 6, 21, 7, 4, 12, 7, 3, 15, 12, 7, 16, 8, 6, 4, 7, 6, 21, 8, 6, 17, 6, 5, 14, 8, 4, 17, 6, 3, 15, 7, 1, 23, 11, 3, 14, 3, 8, 8, 5, 2, 15, 5, 5, 9, 11, 5, 19, 4, 6, 4, 6, 6, 7, 11, 5, 15, 8, 1, 23, 11, 5, 11, 5, 5, 12, 8, 2, 14, 11, 2, 8, 8, 7, 17, 7, 7, 15, 10, 8], dimension=1491, value=2576.6808001587756, stages=0, time=782.0066802092731}
最差解：
Solution{id=25, content=[8, 8, 6, 21, 9, 1, 21, 1, 3, 23, 7, 6, 9, 8, 4, 2, 11, 2, 20, 5, 6, 19, 3, 1, 15, 7, 0, 19, 2, 3, 4, 8, 5, 22, 6, 5, 15, 6, 0, 14, 1, 8, 10, 9, 3, 11, 8, 5, 17, 3, 3, 19, 9, 6, 13, 9, 1, 4, 10, 2, 7, 12, 6, 22, 11, 3, 8, 9, 6, 10, 9, 2, 10, 3, 4, 23, 1, 7, 3, 5, 5, 16, 5, 6, 11, 12, 6, 10, 1, 0, 19, 8, 5, 17, 6, 8, 18, 12, 7, 2, 11, 5, 14, 9, 7, 5, 6, 3, 4, 11, 6, 17, 8, 5, 5, 4, 2, 23, 8, 1, 15, 11, 5, 9, 1, 4, 14, 3, 8, 19, 7, 2, 11, 10, 4, 9, 9, 8, 10, 5, 1, 8, 9, 4, 23, 8, 8, 15, 6, 1, 18, 11, 1, 22, 8, 5, 6, 6, 6, 16, 5, 3, 8, 10, 7, 10, 12, 6, 17, 6, 5, 13, 4, 2, 13, 10, 8, 12, 10, 0, 17, 2, 1, 6, 11, 3, 2, 6, 8, 21, 7, 5, 14, 10, 1, 23, 10, 5, 17, 2, 1, 4, 6, 1, 12, 10, 8, 13, 3, 1, 12, 4, 3, 18, 8, 7, 15, 6, 3, 14, 2, 3, 17, 11, 2, 22, 9, 6, 7, 7, 8, 10, 4, 3, 6, 6, 2, 7, 5, 5, 17, 12, 2, 8, 5, 3, 12, 7, 1, 11, 8, 4, 24, 8, 7, 12, 6, 0, 16, 4, 4, 13, 10, 8, 16, 10, 3, 6, 3, 7, 11, 4, 3, 20, 9, 1, 3, 9, 3, 14, 6, 8, 13, 11, 2, 20, 5, 5, 20, 7, 5, 16, 5, 7, 10, 6, 1, 22, 4, 7, 12, 11, 7, 20, 4, 2, 12, 6, 8, 8, 9, 3, 20, 12, 3, 21, 12, 5, 8, 12, 2, 13, 11, 3, 21, 3, 6, 8, 5, 3, 12, 6, 5, 11, 6, 5, 5, 10, 2, 18, 7, 4, 23, 8, 7, 16, 6, 8, 13, 6, 8, 12, 11, 1, 13, 4, 6, 18, 5, 7, 17, 8, 2, 20, 9, 4, 13, 10, 6, 8, 6, 8, 11, 4, 5, 19, 12, 4, 16, 12, 6, 15, 11, 7, 16, 6, 4, 15, 0, 3, 13, 11, 0, 4, 7, 4, 6, 11, 5, 16, 7, 2, 18, 12, 6, 17, 10, 7, 18, 1, 2, 16, 4, 7, 15, 7, 4, 10, 8, 6, 2, 11, 5, 9, 11, 6, 23, 1, 5, 4, 11, 3, 12, 7, 3, 11, 7, 3, 5, 11, 6, 9, 2, 1, 21, 4, 8, 11, 6, 4, 9, 9, 5, 12, 9, 7, 22, 10, 7, 22, 5, 4, 11, 12, 6, 11, 6, 4, 9, 12, 6, 15, 7, 2, 3, 9, 6, 7, 11, 7, 16, 0, 0, 19, 8, 4, 16, 3, 3, 7, 7, 4, 9, 4, 7, 12, 9, 8, 13, 5, 8, 3, 5, 4, 12, 8, 8, 15, 10, 7, 20, 11, 3, 18, 7, 8, 24, 6, 5, 18, 3, 8, 12, 8, 7, 6, 9, 1, 4, 2, 8, 12, 9, 5, 5, 5, 8, 16, 4, 7, 14, 3, 6, 21, 5, 6, 14, 6, 1, 11, 5, 1, 11, 4, 2, 19, 7, 2, 5, 3, 6, 20, 10, 4, 19, 5, 8, 22, 3, 5, 9, 7, 2, 12, 3, 4, 12, 4, 8, 17, 12, 0, 22, 4, 8, 11, 7, 4, 18, 5, 3, 14, 1, 6, 17, 6, 3, 22, 6, 8, 22, 6, 0, 15, 8, 1, 19, 3, 6, 22, 11, 8, 23, 7, 4, 20, 3, 5, 14, 4, 8, 7, 8, 7, 10, 6, 0, 15, 2, 5, 18, 3, 7, 14, 9, 5, 8, 2, 3, 21, 6, 6, 3, 7, 7, 19, 3, 5, 10, 6, 7, 11, 10, 1, 11, 3, 5, 11, 10, 8, 13, 5, 1, 13, 9, 3, 14, 8, 0, 6, 2, 7, 17, 7, 6, 8, 6, 8, 5, 7, 1, 12, 8, 4, 12, 10, 5, 16, 6, 6, 15, 9, 5, 5, 1, 2, 7, 10, 5, 21, 4, 1, 17, 5, 6, 11, 5, 6, 11, 12, 5, 21, 8, 4, 15, 10, 1, 19, 7, 6, 3, 6, 8, 22, 7, 8, 23, 4, 0, 12, 9, 3, 13, 11, 7, 17, 12, 4, 22, 5, 7, 18, 8, 4, 20, 1, 1, 10, 1, 5, 2, 10, 5, 16, 6, 7, 20, 4, 1, 22, 3, 8, 15, 11, 4, 12, 6, 1, 20, 9, 3, 2, 8, 6, 9, 8, 6, 11, 10, 2, 15, 11, 6, 23, 8, 4, 10, 10, 5, 18, 7, 7, 5, 6, 6, 22, 10, 6, 13, 2, 2, 18, 8, 6, 6, 12, 0, 13, 0, 7, 8, 7, 7, 23, 6, 6, 5, 5, 5, 17, 8, 4, 20, 1, 2, 21, 6, 3, 14, 2, 1, 17, 10, 6, 5, 4, 7, 7, 4, 7, 8, 4, 1, 21, 9, 0, 10, 12, 5, 8, 9, 8, 13, 7, 4, 21, 10, 7, 23, 7, 4, 5, 11, 7, 17, 4, 4, 20, 10, 6, 21, 12, 8, 19, 10, 7, 23, 2, 1, 14, 9, 6, 9, 7, 2, 21, 10, 0, 9, 9, 7, 9, 7, 2, 15, 7, 5, 12, 4, 5, 21, 7, 4, 19, 7, 6, 22, 9, 2, 24, 9, 4, 10, 11, 2, 20, 10, 5, 4, 1, 3, 15, 8, 7, 22, 8, 3, 11, 3, 6, 20, 11, 6, 3, 3, 4, 10, 7, 6, 22, 9, 5, 21, 5, 3, 19, 8, 1, 7, 3, 8, 9, 6, 5, 11, 1, 2, 18, 6, 1, 20, 1, 3, 23, 10, 6, 19, 1, 5, 14, 2, 1, 16, 0, 8, 9, 12, 7, 16, 8, 7, 22, 8, 5, 21, 8, 8, 24, 4, 6, 18, 2, 5, 20, 2, 4, 21, 5, 4, 11, 4, 7, 13, 12, 4, 12, 9, 4, 13, 11, 7, 8, 4, 6, 23, 9, 6, 13, 6, 8, 7, 7, 4, 17, 11, 3, 11, 4, 4, 15, 12, 7, 11, 1, 8, 17, 9, 7, 17, 8, 2, 14, 7, 0, 9, 10, 6, 21, 5, 5, 17, 8, 3, 9, 4, 2, 14, 6, 4, 16, 1, 7, 15, 12, 5, 16, 10, 3, 21, 10, 8, 11, 3, 3, 12, 6, 6, 23, 7, 5, 6, 8, 8, 23, 9, 1, 15, 11, 2, 14, 6, 3, 9, 11, 2, 21, 6, 7, 7, 6, 2, 2, 5, 6, 16, 6, 4, 6, 5, 4, 9, 7, 3, 9, 8, 3, 12, 9, 4, 16, 5, 4, 16, 1, 8, 19, 11, 8, 13, 6, 4, 12, 7, 1, 3, 4, 7, 12, 9, 7, 14, 2, 6, 20, 7, 6, 19, 6, 2, 14, 9, 2, 6, 8, 3, 6, 8, 4, 15, 12, 8, 16, 10, 8, 10, 7, 3, 18, 5, 5, 15, 7, 1, 16, 10, 5, 21, 11, 2, 4, 5, 6, 13, 5, 8, 16, 12, 8, 6, 8, 7, 17, 10, 4, 13, 7, 5, 10, 8, 5, 20, 10, 6, 21, 10, 5, 20, 6, 6, 16, 11, 7, 23, 11, 5, 11, 11, 5, 21, 1, 3, 16, 7, 2, 8, 7, 4, 19, 10, 6, 12, 5, 3, 9, 10, 3, 16, 12, 7, 16, 5, 5, 10, 8, 2, 23, 9, 3, 24, 7, 6, 21, 12, 0, 10, 4, 6, 11, 8, 3, 24, 10, 6, 10, 6, 7, 15, 7, 6, 15, 9, 4, 4, 6, 7, 15, 9, 3, 14, 2, 6, 13, 10, 7, 13, 8, 4, 13, 7, 4, 19, 2, 7, 12, 10, 4, 15, 11, 5, 3, 4, 5, 20, 8, 1, 5, 9, 8, 12, 9, 5, 16, 6, 6, 13, 11, 6, 10, 6, 3, 13, 4, 6, 22, 7, 6, 16, 9, 4, 15, 8, 1, 19, 3, 6, 2, 11, 3, 22, 10, 4, 17, 8, 3, 9, 10, 1, 12, 5, 3, 14, 0, 7, 20, 11, 6, 23, 11, 2, 14, 8, 4, 23, 11, 2, 5, 8, 6, 4, 8, 6, 17, 3, 4, 3, 6, 7, 10, 4, 3, 9, 11, 6, 9, 6, 3, 11, 3, 2, 21, 11, 5, 21, 5, 5, 8, 9, 3, 13, 4, 3, 11, 3, 1, 17, 3, 5, 20, 1, 4, 12, 7, 0, 12, 6, 5, 7, 12, 2, 13, 7, 7, 13, 9, 5, 6, 7, 2, 20, 7, 3, 7, 5, 1, 14, 8, 7, 20, 9, 5, 15, 3, 1, 24, 7, 5, 10, 6, 8, 10, 4, 1, 21, 5, 2, 11, 8, 5, 3, 6, 2, 10, 3, 1, 19, 10, 7, 15, 11, 2, 21, 8, 2, 21, 9, 8, 22, 6, 7, 11, 4, 4, 1, 4, 3, 9, 6, 7, 10, 3, 4], dimension=1491, value=2558.9187162238727, stages=0, time=774.7198477062976}
