2615.042195358665,2605.3197372232366,2595.630140342618,2602.6651800012237,2585.5004254263295,2608.3817747345984,2599.6205800531825,2607.6188036060403,2609.3567007472348,2591.4556990121478,2608.6874049899793,2590.609359252516,
DEDNSPSO统计信息：
size = 50
iters = 5000
nfes = 250000
sum = 77988.52008314677
min = 2571.1323483831197
max = 2615.042195358665
mean = 2599.6173361048923
std = 10.881644074562669
totaltime = 8727.981s
avgtime = 290.9327s
最优解：
Particle{, pBest=Solution{id=0, content=[11, 5, 7, 16, 9, 3, 17, 6, 1, 10, 7, 5, 11, 4, 3, 10, 10, 1, 6, 5, 2, 10, 8, 7, 19, 6, 1, 21, 6, 8, 15, 6, 1, 21, 11, 5, 12, 6, 5, 10, 8, 8, 10, 5, 7, 5, 6, 4, 8, 2, 2, 8, 4, 2, 10, 5, 3, 14, 5, 4, 11, 3, 7, 20, 9, 2, 17, 2, 1, 20, 4, 6, 11, 10, 4, 7, 6, 4, 20, 3, 5, 16, 5, 4, 12, 5, 5, 4, 5, 7, 13, 5, 4, 9, 9, 2, 5, 4, 7, 11, 8, 2, 7, 4, 7, 15, 4, 4, 13, 9, 6, 10, 9, 7, 14, 7, 3, 21, 11, 1, 10, 4, 5, 16, 9, 4, 11, 4, 5, 6, 4, 3, 21, 7, 6, 11, 10, 5, 12, 6, 4, 4, 8, 4, 20, 9, 7, 21, 1, 1, 15, 6, 3, 17, 6, 4, 14, 9, 4, 4, 6, 2, 10, 11, 5, 12, 4, 8, 15, 8, 1, 8, 11, 3, 14, 9, 1, 9, 6, 2, 22, 3, 6, 13, 4, 5, 10, 9, 1, 21, 6, 4, 18, 6, 5, 10, 9, 4, 20, 6, 4, 11, 8, 3, 5, 9, 1, 14, 6, 7, 12, 4, 7, 11, 5, 5, 17, 2, 5, 13, 9, 2, 10, 2, 6, 10, 7, 5, 10, 3, 4, 8, 6, 6, 9, 1, 7, 10, 8, 5, 10, 5, 7, 7, 3, 1, 16, 9, 7, 15, 6, 4, 2, 2, 8, 12, 8, 4, 11, 1, 6, 10, 4, 5, 10, 8, 5, 23, 3, 7, 10, 9, 1, 11, 2, 4, 21, 7, 3, 15, 5, 1, 15, 8, 5, 8, 8, 2, 12, 9, 1, 13, 9, 7, 11, 10, 7, 7, 6, 5, 21, 7, 2, 20, 9, 7, 8, 6, 6, 14, 9, 8, 12, 7, 3, 16, 4, 1, 19, 6, 6, 5, 11, 7, 11, 5, 6, 18, 9, 7, 16, 4, 7, 15, 2, 5, 13, 8, 1, 21, 3, 8, 4, 1, 3, 5, 3, 1, 14, 6, 2, 5, 10, 5, 9, 3, 1, 5, 4, 3, 11, 4, 5, 15, 4, 3, 16, 6, 5, 13, 2, 5, 11, 7, 2, 14, 9, 7, 8, 11, 7, 8, 5, 2, 9, 6, 5, 10, 10, 3, 16, 9, 4, 14, 3, 2, 6, 6, 5, 7, 6, 4, 11, 2, 4, 14, 2, 7, 19, 11, 6, 21, 9, 3, 16, 6, 1, 12, 6, 4, 16, 1, 4, 11, 8, 6, 14, 10, 1, 17, 1, 1, 15, 7, 7, 2, 2, 6, 8, 5, 6, 12, 1, 4, 4, 8, 2, 11, 2, 6, 10, 8, 8, 16, 7, 4, 17, 7, 6, 11, 6, 3, 19, 8, 2, 16, 3, 5, 14, 4, 2, 11, 7, 4, 20, 9, 3, 11, 6, 4, 19, 8, 1, 9, 9, 3, 6, 2, 1, 13, 5, 6, 8, 4, 3, 16, 7, 3, 11, 8, 2, 16, 6, 3, 17, 7, 6, 7, 4, 5, 12, 9, 5, 3, 6, 0, 9, 6, 2, 10, 9, 7, 14, 8, 4, 9, 5, 1, 22, 8, 6, 21, 6, 3, 11, 7, 6, 3, 6, 0, 15, 7, 4, 17, 6, 5, 10, 9, 6, 21, 6, 1, 19, 9, 4, 7, 10, 7, 4, 11, 4, 12, 6, 5, 3, 6, 5, 8, 5, 2, 14, 9, 8, 17, 1, 2, 9, 8, 1, 14, 4, 4, 11, 10, 6, 11, 8, 4, 3, 8, 5, 21, 7, 6, 16, 7, 5, 13, 6, 8, 21, 4, 2, 21, 7, 5, 13, 8, 2, 5, 7, 5, 21, 4, 3, 13, 6, 3, 11, 5, 1, 9, 6, 1, 15, 7, 5, 12, 9, 1, 15, 5, 4, 9, 7, 2, 13, 6, 2, 15, 3, 1, 15, 10, 5, 19, 3, 5, 9, 8, 7, 14, 11, 6, 5, 6, 2, 5, 9, 6, 16, 4, 4, 16, 5, 4, 14, 8, 1, 14, 10, 6, 19, 8, 3, 8, 7, 3, 14, 10, 2, 7, 11, 2, 11, 5, 6, 15, 10, 7, 11, 6, 3, 19, 2, 1, 7, 3, 4, 16, 6, 7, 6, 4, 6, 16, 4, 4, 10, 9, 3, 9, 6, 8, 13, 8, 3, 11, 6, 4, 8, 12, 2, 19, 8, 4, 20, 6, 7, 9, 4, 5, 19, 7, 5, 5, 9, 2, 11, 10, 5, 9, 6, 3, 11, 8, 2, 9, 6, 3, 13, 7, 5, 13, 9, 4, 15, 11, 1, 15, 5, 2, 15, 6, 5, 14, 5, 7, 19, 2, 2, 10, 5, 3, 17, 7, 6, 14, 8, 2, 15, 8, 3, 11, 6, 0, 5, 5, 7, 8, 5, 7, 4, 3, 3, 15, 9, 2, 20, 7, 3, 10, 4, 4, 8, 6, 2, 11, 10, 5, 15, 7, 2, 20, 3, 6, 13, 6, 3, 20, 6, 6, 17, 2, 5, 19, 8, 7, 4, 7, 6, 21, 9, 8, 17, 3, 2, 11, 8, 6, 12, 7, 3, 8, 2, 4, 14, 11, 1, 16, 5, 7, 11, 4, 0, 6, 4, 4, 14, 3, 6, 6, 9, 7, 10, 6, 6, 19, 6, 4, 16, 6, 5, 11, 11, 5, 8, 3, 2, 13, 6, 3, 20, 7, 2, 13, 8, 5, 11, 6, 3, 11, 7, 8, 15, 2, 4, 7, 1, 4, 10, 9, 6, 15, 11, 5, 14, 8, 1, 13, 3, 2, 10, 7, 2, 5, 5, 3, 6, 2, 2, 18, 10, 1, 10, 7, 2, 16, 6, 5, 19, 6, 6, 12, 7, 1, 21, 8, 4, 13, 5, 2, 17, 5, 4, 9, 10, 5, 9, 11, 4, 12, 6, 4, 8, 6, 4, 17, 7, 5, 7, 2, 4, 5, 7, 7, 11, 12, 1, 6, 8, 1, 6, 5, 5, 11, 7, 1, 20, 4, 1, 16, 6, 4, 10, 4, 2, 16, 5, 6, 10, 8, 4, 8, 8, 4, 14, 9, 2, 8, 6, 6, 14, 7, 3, 17, 9, 8, 17, 2, 3, 19, 4, 2, 14, 6, 3, 10, 9, 2, 16, 8, 3, 16, 6, 1, 20, 7, 5, 9, 9, 3, 14, 1, 4, 12, 12, 7, 13, 8, 5, 11, 5, 6, 7, 5, 5, 15, 10, 6, 13, 1, 1, 19, 1, 2, 15, 6, 2, 16, 0, 4, 17, 7, 3, 15, 2, 5, 12, 9, 1, 16, 7, 1, 17, 6, 3, 14, 6, 5, 10, 4, 3, 8, 3, 6, 14, 7, 2, 12, 7, 1, 3, 11, 2, 14, 6, 4, 20, 1, 2, 11, 5, 4, 19, 12, 3, 11, 7, 1, 13, 6, 4, 17, 4, 3, 19, 5, 5, 11, 8, 5, 20, 2, 7, 8, 10, 5, 10, 6, 4, 15, 4, 4, 8, 6, 6, 3, 6, 1, 4, 8, 2, 4, 7, 7, 14, 2, 1, 6, 9, 2, 12, 4, 3, 17, 2, 2, 10, 7, 3, 15, 11, 3, 19, 10, 3, 16, 7, 4, 14, 3, 5, 15, 6, 6, 9, 7, 4, 11, 4, 3, 14, 6, 4, 15, 7, 4, 16, 10, 4, 10, 3, 4, 15, 12, 3, 9, 8, 8, 4, 6, 2, 18, 7, 6, 20, 10, 5, 8, 8, 1, 16, 6, 1, 23, 4, 2, 15, 7, 6, 9, 7, 3, 15, 4, 3, 11, 6, 4, 8, 8, 7, 3, 7, 2, 8, 8, 1, 5, 9, 6, 10, 5, 2, 21, 7, 6, 9, 3, 6, 18, 9, 5, 18, 6, 3, 10, 4, 5, 10, 7, 4, 11, 7, 7, 9, 1, 1, 6, 2, 5, 10, 3, 6, 10, 8, 6, 10, 8, 1, 16, 5, 7, 17, 6, 4, 6, 2, 1, 11, 12, 5, 14, 5, 3, 21, 5, 7, 16, 6, 2, 16, 5, 7, 7, 2, 1, 15, 6, 4, 14, 6, 6, 4, 9, 5, 16, 3, 5, 15, 7, 8, 14, 6, 8, 10, 6, 1, 21, 11, 3, 21, 2, 3, 16, 3, 6, 22, 9, 3, 21, 4, 3, 15, 7, 3, 11, 6, 7, 17, 5, 7, 5, 9, 8, 8, 4, 6, 11, 7, 6, 12, 5, 5, 18, 7, 7, 10, 6, 4, 4, 8, 5, 14, 6, 6, 19, 8, 6, 19, 1, 5, 2, 8, 6, 5, 4, 4, 18, 8, 1, 4, 6, 2, 20, 6, 7, 16, 9, 6, 15, 4, 3, 8, 4, 3, 11, 5, 5, 19, 7, 4, 15, 9, 5, 10, 5, 5, 8, 8, 7, 11, 6, 7, 19, 9, 1, 10, 6, 3, 15, 2, 5, 5, 6, 7, 3, 9, 4, 15, 1, 5, 9, 6, 5, 3, 4, 6, 14, 8, 0, 14, 7, 6, 4, 10, 6, 3, 5, 1, 10, 7, 2, 11, 2, 2, 17, 5, 4, 10, 5, 2, 16, 7, 5, 19, 6, 4, 15, 6, 3, 9, 5, 7, 17, 7, 6, 14, 10, 6], dimension=0, value=2615.042195358665, stages=0, time=0.0}Solution{id=16, content=[11, 5, 7, 16, 9, 3, 17, 6, 1, 10, 7, 5, 11, 4, 3, 10, 10, 1, 6, 5, 2, 10, 8, 7, 19, 6, 1, 21, 6, 8, 15, 6, 1, 21, 11, 5, 12, 6, 5, 10, 8, 8, 10, 5, 7, 5, 6, 4, 8, 2, 2, 8, 4, 2, 10, 5, 3, 14, 5, 4, 11, 3, 7, 20, 9, 2, 17, 2, 1, 20, 4, 6, 11, 10, 4, 7, 6, 4, 20, 3, 5, 16, 5, 4, 12, 5, 5, 4, 5, 7, 13, 5, 4, 9, 9, 2, 5, 4, 7, 11, 8, 2, 7, 4, 7, 15, 4, 4, 13, 9, 6, 10, 9, 7, 14, 7, 3, 21, 11, 1, 10, 4, 5, 16, 9, 4, 11, 4, 5, 6, 4, 3, 21, 7, 6, 11, 10, 5, 12, 6, 4, 4, 8, 4, 20, 9, 7, 21, 1, 1, 15, 6, 3, 17, 6, 4, 14, 9, 4, 4, 6, 2, 10, 11, 5, 12, 4, 8, 15, 8, 1, 8, 11, 3, 14, 9, 1, 9, 6, 2, 22, 3, 6, 13, 4, 5, 10, 9, 1, 21, 6, 4, 18, 6, 5, 10, 9, 4, 20, 6, 4, 11, 8, 3, 5, 9, 1, 14, 6, 7, 12, 4, 7, 11, 5, 5, 17, 2, 5, 13, 9, 2, 10, 2, 6, 10, 7, 5, 10, 3, 4, 8, 6, 6, 9, 1, 7, 10, 8, 5, 10, 5, 7, 7, 3, 1, 16, 9, 7, 15, 6, 4, 2, 2, 8, 12, 8, 4, 11, 1, 6, 10, 4, 5, 10, 8, 5, 23, 3, 7, 10, 9, 1, 11, 2, 4, 21, 7, 3, 15, 5, 1, 15, 8, 5, 8, 8, 2, 12, 9, 1, 13, 9, 7, 11, 10, 7, 7, 6, 5, 21, 7, 2, 20, 9, 7, 8, 6, 6, 14, 9, 8, 12, 7, 3, 16, 4, 1, 19, 6, 6, 5, 11, 7, 11, 5, 6, 18, 9, 7, 16, 4, 7, 15, 2, 5, 13, 8, 1, 21, 3, 8, 4, 1, 3, 5, 3, 1, 14, 6, 2, 5, 10, 5, 9, 3, 1, 5, 4, 3, 11, 4, 5, 15, 4, 3, 16, 6, 5, 13, 2, 5, 11, 7, 2, 14, 9, 7, 8, 11, 7, 8, 5, 2, 9, 6, 5, 10, 10, 3, 16, 9, 4, 14, 3, 2, 6, 6, 5, 7, 6, 4, 11, 2, 4, 14, 2, 7, 19, 11, 6, 21, 9, 3, 16, 6, 1, 12, 6, 4, 16, 1, 4, 11, 8, 6, 14, 10, 1, 17, 1, 1, 15, 7, 7, 2, 2, 6, 8, 5, 6, 12, 1, 4, 4, 8, 2, 11, 2, 6, 10, 8, 8, 16, 7, 4, 17, 7, 6, 11, 6, 3, 19, 8, 2, 16, 3, 5, 14, 4, 2, 11, 7, 4, 20, 9, 3, 11, 6, 4, 19, 8, 1, 9, 9, 3, 6, 2, 1, 13, 5, 6, 8, 4, 3, 16, 7, 3, 11, 8, 2, 16, 6, 3, 17, 7, 6, 7, 4, 5, 12, 9, 5, 3, 6, 0, 9, 6, 2, 10, 9, 7, 14, 8, 4, 9, 5, 1, 22, 8, 6, 21, 6, 3, 11, 7, 6, 3, 6, 0, 15, 7, 4, 17, 6, 5, 10, 9, 6, 21, 6, 1, 19, 9, 4, 7, 10, 7, 4, 11, 4, 12, 6, 5, 3, 6, 5, 8, 5, 2, 14, 9, 8, 17, 1, 2, 9, 8, 1, 14, 4, 4, 11, 10, 6, 11, 8, 4, 3, 8, 5, 21, 7, 6, 16, 7, 5, 13, 6, 8, 21, 4, 2, 21, 7, 5, 13, 8, 2, 5, 7, 5, 21, 4, 3, 13, 6, 3, 11, 5, 1, 9, 6, 1, 15, 7, 5, 12, 9, 1, 15, 5, 4, 9, 7, 2, 13, 6, 2, 15, 3, 1, 15, 10, 5, 19, 3, 5, 9, 8, 7, 14, 11, 6, 5, 6, 2, 5, 9, 6, 16, 4, 4, 16, 5, 4, 14, 8, 1, 14, 10, 6, 19, 8, 3, 8, 7, 3, 14, 10, 2, 7, 11, 2, 11, 5, 6, 15, 10, 7, 11, 6, 3, 19, 2, 1, 7, 3, 4, 16, 6, 7, 6, 4, 6, 16, 4, 4, 10, 9, 3, 9, 6, 8, 13, 8, 3, 11, 6, 4, 8, 12, 2, 19, 8, 4, 20, 6, 7, 9, 4, 5, 19, 7, 5, 5, 9, 2, 11, 10, 5, 9, 6, 3, 11, 8, 2, 9, 6, 3, 13, 7, 5, 13, 9, 4, 15, 11, 1, 15, 5, 2, 15, 6, 5, 14, 5, 7, 19, 2, 2, 10, 5, 3, 17, 7, 6, 14, 8, 2, 15, 8, 3, 11, 6, 0, 5, 5, 7, 8, 5, 7, 4, 3, 3, 15, 9, 2, 20, 7, 3, 10, 4, 4, 8, 6, 2, 11, 10, 5, 15, 7, 2, 20, 3, 6, 13, 6, 3, 20, 6, 6, 17, 2, 5, 19, 8, 7, 4, 7, 6, 21, 9, 8, 17, 3, 2, 11, 8, 6, 12, 7, 3, 8, 2, 4, 14, 11, 1, 16, 5, 7, 11, 4, 0, 6, 4, 4, 14, 3, 6, 6, 9, 7, 10, 6, 6, 19, 6, 4, 16, 6, 5, 11, 11, 5, 8, 3, 2, 13, 6, 3, 20, 7, 2, 13, 8, 5, 11, 6, 3, 11, 7, 8, 15, 2, 4, 7, 1, 4, 10, 9, 6, 15, 11, 5, 14, 8, 1, 13, 3, 2, 10, 7, 2, 5, 5, 3, 6, 2, 2, 18, 10, 1, 10, 7, 2, 16, 6, 5, 19, 6, 6, 12, 7, 1, 21, 8, 4, 13, 5, 2, 17, 5, 4, 9, 10, 5, 9, 11, 4, 12, 6, 4, 8, 6, 4, 17, 7, 5, 7, 2, 4, 5, 7, 7, 11, 12, 1, 6, 8, 1, 6, 5, 5, 11, 7, 1, 20, 4, 1, 16, 6, 4, 10, 4, 2, 16, 5, 6, 10, 8, 4, 8, 8, 4, 14, 9, 2, 8, 6, 6, 14, 7, 3, 17, 9, 8, 17, 2, 3, 19, 4, 2, 14, 6, 3, 10, 9, 2, 16, 8, 3, 16, 6, 1, 20, 7, 5, 9, 9, 3, 14, 1, 4, 12, 12, 7, 13, 8, 5, 11, 5, 6, 7, 5, 5, 15, 10, 6, 13, 1, 1, 19, 1, 2, 15, 6, 2, 16, 0, 4, 17, 7, 3, 15, 2, 5, 12, 9, 1, 16, 7, 1, 17, 6, 3, 14, 6, 5, 10, 4, 3, 8, 3, 6, 14, 7, 2, 12, 7, 1, 3, 11, 2, 14, 6, 4, 20, 1, 2, 11, 5, 4, 19, 12, 3, 11, 7, 1, 13, 6, 4, 17, 4, 3, 19, 5, 5, 11, 8, 5, 20, 2, 7, 8, 10, 5, 10, 6, 4, 15, 4, 4, 8, 6, 6, 3, 6, 1, 4, 8, 2, 4, 7, 7, 14, 2, 1, 6, 9, 2, 12, 4, 3, 17, 2, 2, 10, 7, 3, 15, 11, 3, 19, 10, 3, 16, 7, 4, 14, 3, 5, 15, 6, 6, 9, 7, 4, 11, 4, 3, 14, 6, 4, 15, 7, 4, 16, 10, 4, 10, 3, 4, 15, 12, 3, 9, 8, 8, 4, 6, 2, 18, 7, 6, 20, 10, 5, 8, 8, 1, 16, 6, 1, 23, 4, 2, 15, 7, 6, 9, 7, 3, 15, 4, 3, 11, 6, 4, 8, 8, 7, 3, 7, 2, 8, 8, 1, 5, 9, 6, 10, 5, 2, 21, 7, 6, 9, 3, 6, 18, 9, 5, 18, 6, 3, 10, 4, 5, 10, 7, 4, 11, 7, 7, 9, 1, 1, 6, 2, 5, 10, 3, 6, 10, 8, 6, 10, 8, 1, 16, 5, 7, 17, 6, 4, 6, 2, 1, 11, 12, 5, 14, 5, 3, 21, 5, 7, 16, 6, 2, 16, 5, 7, 7, 2, 1, 15, 6, 4, 14, 6, 6, 4, 9, 5, 16, 3, 5, 15, 7, 8, 14, 6, 8, 10, 6, 1, 21, 11, 3, 21, 2, 3, 16, 3, 6, 22, 9, 3, 21, 4, 3, 15, 7, 3, 11, 6, 7, 17, 5, 7, 5, 9, 8, 8, 4, 6, 11, 7, 6, 12, 5, 5, 18, 7, 7, 10, 6, 4, 4, 8, 5, 14, 6, 6, 19, 8, 6, 19, 1, 5, 2, 8, 6, 5, 4, 4, 18, 8, 1, 4, 6, 2, 20, 6, 7, 16, 9, 6, 15, 4, 3, 8, 4, 3, 11, 5, 5, 19, 7, 4, 15, 9, 5, 10, 5, 5, 8, 8, 7, 11, 6, 7, 19, 9, 1, 10, 6, 3, 15, 2, 5, 5, 6, 7, 3, 9, 4, 15, 1, 5, 9, 6, 5, 3, 4, 6, 14, 8, 0, 14, 7, 6, 4, 10, 6, 3, 5, 1, 10, 7, 2, 11, 2, 2, 17, 5, 4, 10, 5, 2, 16, 7, 5, 19, 6, 4, 15, 6, 3, 9, 5, 7, 17, 7, 6, 14, 10, 6], dimension=1491, value=2615.042195358665, stages=0, time=799.8961783324706}} 
最差解：
Particle{, pBest=Solution{id=0, content=[23, 2, 5, 19, 10, 2, 21, 7, 5, 14, 7, 6, 14, 6, 4, 17, 2, 5, 15, 10, 5, 7, 3, 7, 17, 4, 5, 4, 2, 5, 14, 4, 1, 15, 5, 5, 8, 9, 6, 5, 4, 6, 19, 1, 7, 14, 6, 3, 8, 3, 2, 16, 7, 5, 11, 8, 3, 8, 10, 8, 15, 8, 2, 15, 7, 6, 10, 11, 5, 21, 2, 6, 15, 6, 3, 4, 4, 4, 5, 3, 4, 21, 10, 1, 16, 7, 1, 8, 5, 6, 15, 0, 4, 23, 7, 6, 10, 9, 1, 13, 4, 5, 18, 4, 7, 13, 7, 3, 9, 5, 3, 15, 8, 7, 21, 11, 2, 3, 6, 3, 9, 8, 8, 12, 6, 8, 6, 4, 7, 17, 2, 3, 5, 3, 4, 11, 2, 7, 14, 0, 5, 2, 7, 2, 13, 4, 2, 21, 6, 6, 11, 9, 3, 13, 4, 5, 13, 4, 2, 3, 8, 6, 11, 10, 4, 8, 8, 1, 13, 8, 7, 14, 6, 2, 8, 10, 1, 15, 8, 5, 13, 5, 6, 12, 3, 5, 13, 10, 5, 15, 10, 2, 18, 6, 5, 11, 9, 4, 19, 2, 5, 11, 11, 2, 14, 3, 6, 12, 5, 7, 10, 9, 6, 14, 9, 2, 21, 12, 5, 21, 3, 4, 8, 11, 3, 20, 10, 1, 11, 2, 8, 10, 9, 3, 9, 1, 4, 19, 8, 0, 16, 2, 5, 14, 9, 1, 2, 6, 6, 5, 4, 2, 8, 4, 3, 23, 8, 3, 13, 8, 2, 19, 9, 7, 16, 0, 2, 16, 10, 1, 9, 4, 7, 18, 8, 4, 15, 2, 7, 15, 4, 3, 12, 6, 5, 16, 9, 7, 9, 1, 6, 5, 4, 4, 16, 8, 1, 10, 8, 4, 15, 11, 8, 4, 9, 1, 8, 8, 5, 11, 7, 3, 7, 4, 3, 1, 2, 2, 21, 5, 6, 15, 5, 4, 17, 6, 3, 7, 11, 5, 13, 10, 8, 13, 1, 2, 9, 1, 4, 17, 8, 4, 12, 10, 5, 9, 4, 0, 17, 9, 5, 21, 1, 2, 7, 6, 1, 17, 12, 5, 10, 12, 5, 19, 11, 5, 17, 2, 8, 20, 10, 4, 20, 6, 6, 15, 9, 1, 17, 4, 4, 10, 3, 8, 19, 4, 5, 16, 11, 3, 12, 7, 7, 2, 4, 7, 10, 1, 1, 6, 4, 3, 2, 11, 1, 14, 8, 7, 4, 7, 1, 14, 10, 2, 12, 9, 3, 20, 5, 3, 10, 6, 5, 9, 3, 3, 3, 6, 3, 6, 8, 7, 23, 11, 3, 14, 12, 6, 19, 5, 4, 10, 1, 2, 9, 8, 5, 14, 2, 7, 18, 11, 3, 10, 2, 5, 21, 4, 2, 13, 4, 1, 15, 3, 1, 19, 2, 3, 15, 7, 0, 20, 1, 7, 10, 8, 5, 4, 10, 8, 15, 6, 3, 11, 3, 3, 6, 5, 8, 15, 6, 7, 7, 4, 3, 6, 9, 7, 14, 8, 2, 14, 6, 2, 10, 1, 1, 11, 8, 6, 14, 2, 1, 23, 10, 6, 20, 6, 2, 13, 8, 6, 19, 7, 5, 19, 8, 3, 16, 7, 6, 6, 9, 3, 15, 8, 4, 5, 6, 5, 11, 10, 5, 9, 5, 6, 16, 8, 6, 4, 2, 5, 9, 4, 5, 7, 9, 6, 17, 12, 5, 12, 7, 5, 12, 5, 4, 8, 12, 2, 14, 4, 5, 15, 8, 4, 15, 9, 7, 16, 9, 4, 5, 2, 1, 13, 1, 6, 20, 2, 8, 14, 7, 4, 10, 3, 5, 6, 5, 3, 10, 10, 7, 16, 7, 4, 10, 7, 2, 17, 11, 7, 4, 2, 2, 15, 3, 1, 10, 8, 4, 11, 7, 5, 16, 9, 6, 12, 6, 4, 13, 7, 6, 8, 5, 6, 11, 3, 7, 6, 3, 7, 14, 8, 7, 10, 5, 4, 13, 10, 4, 5, 2, 7, 16, 8, 2, 11, 5, 7, 19, 8, 3, 8, 4, 3, 15, 6, 5, 6, 5, 5, 17, 4, 3, 12, 8, 1, 11, 3, 7, 21, 7, 7, 17, 7, 5, 6, 5, 5, 21, 5, 8, 4, 10, 3, 16, 10, 1, 13, 10, 7, 7, 9, 3, 4, 3, 5, 17, 9, 6, 15, 11, 8, 17, 5, 2, 10, 5, 7, 11, 9, 1, 11, 9, 3, 15, 5, 5, 9, 11, 5, 9, 8, 5, 12, 8, 8, 15, 3, 7, 13, 6, 3, 6, 3, 7, 14, 11, 6, 17, 4, 5, 19, 7, 6, 22, 4, 7, 19, 9, 7, 6, 4, 8, 11, 9, 6, 12, 4, 7, 10, 5, 6, 12, 8, 0, 7, 8, 4, 7, 5, 2, 10, 6, 2, 13, 11, 6, 16, 1, 4, 16, 9, 1, 16, 9, 5, 6, 6, 3, 3, 7, 2, 3, 11, 4, 12, 9, 4, 5, 6, 4, 10, 9, 3, 8, 2, 4, 2, 8, 2, 3, 9, 0, 10, 4, 5, 14, 4, 3, 24, 9, 1, 11, 4, 5, 1, 7, 4, 11, 4, 7, 3, 4, 4, 10, 9, 3, 8, 3, 7, 17, 6, 4, 23, 0, 4, 13, 9, 8, 9, 6, 0, 17, 8, 2, 12, 5, 1, 13, 10, 5, 12, 2, 6, 18, 1, 6, 4, 6, 4, 16, 9, 4, 7, 6, 6, 15, 4, 4, 16, 7, 5, 16, 5, 2, 16, 11, 7, 7, 4, 6, 7, 2, 7, 23, 5, 4, 15, 11, 1, 11, 8, 4, 10, 4, 4, 8, 10, 6, 20, 2, 2, 24, 8, 0, 15, 3, 6, 6, 3, 4, 21, 8, 1, 10, 2, 8, 13, 0, 1, 1, 4, 5, 8, 1, 3, 15, 1, 6, 16, 4, 6, 11, 7, 2, 15, 7, 7, 21, 4, 4, 13, 9, 4, 21, 8, 2, 12, 6, 6, 21, 8, 4, 20, 8, 6, 15, 4, 4, 14, 7, 4, 11, 7, 4, 24, 5, 2, 19, 5, 5, 7, 2, 5, 17, 9, 1, 7, 12, 3, 10, 7, 5, 11, 10, 7, 18, 6, 4, 12, 11, 7, 17, 11, 2, 12, 5, 2, 18, 7, 3, 12, 8, 4, 11, 3, 6, 10, 8, 4, 16, 9, 8, 15, 5, 2, 4, 6, 6, 14, 6, 1, 20, 8, 2, 4, 9, 1, 13, 9, 6, 3, 3, 5, 4, 3, 0, 1, 12, 3, 8, 1, 6, 11, 9, 3, 8, 4, 5, 12, 5, 3, 9, 8, 1, 8, 5, 6, 10, 6, 2, 13, 11, 5, 14, 0, 7, 17, 8, 1, 23, 6, 0, 10, 5, 1, 18, 8, 3, 11, 6, 0, 8, 6, 3, 11, 4, 3, 18, 9, 3, 10, 1, 3, 11, 3, 4, 13, 10, 3, 14, 7, 1, 13, 6, 0, 5, 1, 8, 15, 10, 5, 6, 5, 1, 7, 8, 3, 7, 3, 7, 10, 6, 7, 15, 7, 7, 9, 10, 3, 9, 7, 4, 19, 6, 8, 14, 9, 1, 6, 10, 6, 11, 10, 5, 23, 8, 4, 11, 11, 2, 11, 10, 6, 17, 10, 4, 4, 1, 4, 23, 6, 0, 3, 7, 6, 17, 8, 3, 4, 7, 3, 19, 4, 1, 16, 4, 4, 13, 10, 8, 17, 3, 6, 18, 7, 7, 8, 7, 4, 12, 1, 1, 11, 3, 5, 18, 1, 5, 21, 8, 7, 21, 10, 5, 10, 3, 7, 15, 0, 7, 10, 5, 1, 22, 12, 6, 15, 1, 5, 17, 7, 1, 21, 10, 0, 12, 7, 6, 9, 1, 5, 11, 8, 3, 3, 6, 3, 17, 7, 3, 14, 4, 6, 4, 8, 6, 15, 7, 7, 4, 6, 2, 18, 5, 3, 10, 6, 3, 9, 5, 4, 19, 10, 7, 9, 4, 3, 7, 4, 4, 10, 8, 5, 5, 8, 5, 9, 7, 5, 12, 4, 3, 21, 8, 6, 22, 4, 8, 10, 4, 3, 11, 11, 4, 10, 5, 6, 13, 6, 2, 10, 4, 4, 3, 6, 4, 16, 7, 4, 12, 8, 2, 21, 10, 7, 21, 3, 7, 7, 6, 6, 4, 9, 5, 22, 9, 4, 8, 9, 3, 19, 10, 6, 16, 7, 0, 2, 2, 4, 22, 12, 1, 10, 8, 0, 14, 4, 3, 6, 8, 4, 11, 1, 1, 13, 11, 3, 18, 4, 5, 10, 6, 6, 15, 1, 5, 9, 8, 3, 6, 5, 2, 14, 5, 7, 21, 2, 3, 18, 7, 5, 9, 4, 6, 9, 6, 7, 23, 6, 3, 12, 11, 4, 10, 8, 5, 10, 6, 8, 11, 7, 8, 15, 11, 7, 8, 2, 3, 20, 6, 6, 5, 9, 7, 16, 3, 4, 20, 4, 1, 13, 8, 6, 21, 8, 6, 21, 4, 3, 10, 4, 4, 6, 7, 1, 16, 2, 6, 14, 6, 6, 23, 11, 5, 13, 8, 5, 3, 7, 2, 11, 7, 2, 15, 7, 3, 15, 6, 6, 9, 10, 1, 20, 6, 3, 16, 7, 5], dimension=0, value=2571.1323483831197, stages=0, time=0.0}Solution{id=9, content=[23, 2, 5, 19, 10, 2, 21, 7, 5, 14, 7, 6, 14, 6, 4, 17, 2, 5, 15, 10, 5, 7, 3, 7, 17, 4, 5, 4, 2, 5, 14, 4, 1, 15, 5, 5, 8, 9, 6, 5, 4, 6, 19, 1, 7, 14, 6, 3, 8, 3, 2, 16, 7, 5, 11, 8, 3, 8, 10, 8, 15, 8, 2, 15, 7, 6, 10, 11, 5, 21, 2, 6, 15, 6, 3, 4, 4, 4, 5, 3, 4, 21, 10, 1, 16, 7, 1, 8, 5, 6, 15, 0, 4, 23, 7, 6, 10, 9, 1, 13, 4, 5, 18, 4, 7, 13, 7, 3, 9, 5, 3, 15, 8, 7, 21, 11, 2, 3, 6, 3, 9, 8, 8, 12, 6, 8, 6, 4, 7, 17, 2, 3, 5, 3, 4, 11, 2, 7, 14, 0, 5, 2, 7, 2, 13, 4, 2, 21, 6, 6, 11, 9, 3, 13, 4, 5, 13, 4, 2, 3, 8, 6, 11, 10, 4, 8, 8, 1, 13, 8, 7, 14, 6, 2, 8, 10, 1, 15, 8, 5, 13, 5, 6, 12, 3, 5, 13, 10, 5, 15, 10, 2, 18, 6, 5, 11, 9, 4, 19, 2, 5, 11, 11, 2, 14, 3, 6, 12, 5, 7, 10, 9, 6, 14, 9, 2, 21, 12, 5, 21, 3, 4, 8, 11, 3, 20, 10, 1, 11, 2, 8, 10, 9, 3, 9, 1, 4, 19, 8, 0, 16, 2, 5, 14, 9, 1, 2, 6, 6, 5, 4, 2, 8, 4, 3, 23, 8, 3, 13, 8, 2, 19, 9, 7, 16, 0, 2, 16, 10, 1, 9, 4, 7, 18, 8, 4, 15, 2, 7, 15, 4, 3, 12, 6, 5, 16, 9, 7, 9, 1, 6, 5, 4, 4, 16, 8, 1, 10, 8, 4, 15, 11, 8, 4, 9, 1, 8, 8, 5, 11, 7, 3, 7, 4, 3, 1, 2, 2, 21, 5, 6, 15, 5, 4, 17, 6, 3, 7, 11, 5, 13, 10, 8, 13, 1, 2, 9, 1, 4, 17, 8, 4, 12, 10, 5, 9, 4, 0, 17, 9, 5, 21, 1, 2, 7, 6, 1, 17, 12, 5, 10, 12, 5, 19, 11, 5, 17, 2, 8, 20, 10, 4, 20, 6, 6, 15, 9, 1, 17, 4, 4, 10, 3, 8, 19, 4, 5, 16, 11, 3, 12, 7, 7, 2, 4, 7, 10, 1, 1, 6, 4, 3, 2, 11, 1, 14, 8, 7, 4, 7, 1, 14, 10, 2, 12, 9, 3, 20, 5, 3, 10, 6, 5, 9, 3, 3, 3, 6, 3, 6, 8, 7, 23, 11, 3, 14, 12, 6, 19, 5, 4, 10, 1, 2, 9, 8, 5, 14, 2, 7, 18, 11, 3, 10, 2, 5, 21, 4, 2, 13, 4, 1, 15, 3, 1, 19, 2, 3, 15, 7, 0, 20, 1, 7, 10, 8, 5, 4, 10, 8, 15, 6, 3, 11, 3, 3, 6, 5, 8, 15, 6, 7, 7, 4, 3, 6, 9, 7, 14, 8, 2, 14, 6, 2, 10, 1, 1, 11, 8, 6, 14, 2, 1, 23, 10, 6, 20, 6, 2, 13, 8, 6, 19, 7, 5, 19, 8, 3, 16, 7, 6, 6, 9, 3, 15, 8, 4, 5, 6, 5, 11, 10, 5, 9, 5, 6, 16, 8, 6, 4, 2, 5, 9, 4, 5, 7, 9, 6, 17, 12, 5, 12, 7, 5, 12, 5, 4, 8, 12, 2, 14, 4, 5, 15, 8, 4, 15, 9, 7, 16, 9, 4, 5, 2, 1, 13, 1, 6, 20, 2, 8, 14, 7, 4, 10, 3, 5, 6, 5, 3, 10, 10, 7, 16, 7, 4, 10, 7, 2, 17, 11, 7, 4, 2, 2, 15, 3, 1, 10, 8, 4, 11, 7, 5, 16, 9, 6, 12, 6, 4, 13, 7, 6, 8, 5, 6, 11, 3, 7, 6, 3, 7, 14, 8, 7, 10, 5, 4, 13, 10, 4, 5, 2, 7, 16, 8, 2, 11, 5, 7, 19, 8, 3, 8, 4, 3, 15, 6, 5, 6, 5, 5, 17, 4, 3, 12, 8, 1, 11, 3, 7, 21, 7, 7, 17, 7, 5, 6, 5, 5, 21, 5, 8, 4, 10, 3, 16, 10, 1, 13, 10, 7, 7, 9, 3, 4, 3, 5, 17, 9, 6, 15, 11, 8, 17, 5, 2, 10, 5, 7, 11, 9, 1, 11, 9, 3, 15, 5, 5, 9, 11, 5, 9, 8, 5, 12, 8, 8, 15, 3, 7, 13, 6, 3, 6, 3, 7, 14, 11, 6, 17, 4, 5, 19, 7, 6, 22, 4, 7, 19, 9, 7, 6, 4, 8, 11, 9, 6, 12, 4, 7, 10, 5, 6, 12, 8, 0, 7, 8, 4, 7, 5, 2, 10, 6, 2, 13, 11, 6, 16, 1, 4, 16, 9, 1, 16, 9, 5, 6, 6, 3, 3, 7, 2, 3, 11, 4, 12, 9, 4, 5, 6, 4, 10, 9, 3, 8, 2, 4, 2, 8, 2, 3, 9, 0, 10, 4, 5, 14, 4, 3, 24, 9, 1, 11, 4, 5, 1, 7, 4, 11, 4, 7, 3, 4, 4, 10, 9, 3, 8, 3, 7, 17, 6, 4, 23, 0, 4, 13, 9, 8, 9, 6, 0, 17, 8, 2, 12, 5, 1, 13, 10, 5, 12, 2, 6, 18, 1, 6, 4, 6, 4, 16, 9, 4, 7, 6, 6, 15, 4, 4, 16, 7, 5, 16, 5, 2, 16, 11, 7, 7, 4, 6, 7, 2, 7, 23, 5, 4, 15, 11, 1, 11, 8, 4, 10, 4, 4, 8, 10, 6, 20, 2, 2, 24, 8, 0, 15, 3, 6, 6, 3, 4, 21, 8, 1, 10, 2, 8, 13, 0, 1, 1, 4, 5, 8, 1, 3, 15, 1, 6, 16, 4, 6, 11, 7, 2, 15, 7, 7, 21, 4, 4, 13, 9, 4, 21, 8, 2, 12, 6, 6, 21, 8, 4, 20, 8, 6, 15, 4, 4, 14, 7, 4, 11, 7, 4, 24, 5, 2, 19, 5, 5, 7, 2, 5, 17, 9, 1, 7, 12, 3, 10, 7, 5, 11, 10, 7, 18, 6, 4, 12, 11, 7, 17, 11, 2, 12, 5, 2, 18, 7, 3, 12, 8, 4, 11, 3, 6, 10, 8, 4, 16, 9, 8, 15, 5, 2, 4, 6, 6, 14, 6, 1, 20, 8, 2, 4, 9, 1, 13, 9, 6, 3, 3, 5, 4, 3, 0, 1, 12, 3, 8, 1, 6, 11, 9, 3, 8, 4, 5, 12, 5, 3, 9, 8, 1, 8, 5, 6, 10, 6, 2, 13, 11, 5, 14, 0, 7, 17, 8, 1, 23, 6, 0, 10, 5, 1, 18, 8, 3, 11, 6, 0, 8, 6, 3, 11, 4, 3, 18, 9, 3, 10, 1, 3, 11, 3, 4, 13, 10, 3, 14, 7, 1, 13, 6, 0, 5, 1, 8, 15, 10, 5, 6, 5, 1, 7, 8, 3, 7, 3, 7, 10, 6, 7, 15, 7, 7, 9, 10, 3, 9, 7, 4, 19, 6, 8, 14, 9, 1, 6, 10, 6, 11, 10, 5, 23, 8, 4, 11, 11, 2, 11, 10, 6, 17, 10, 4, 4, 1, 4, 23, 6, 0, 3, 7, 6, 17, 8, 3, 4, 7, 3, 19, 4, 1, 16, 4, 4, 13, 10, 8, 17, 3, 6, 18, 7, 7, 8, 7, 4, 12, 1, 1, 11, 3, 5, 18, 1, 5, 21, 8, 7, 21, 10, 5, 10, 3, 7, 15, 0, 7, 10, 5, 1, 22, 12, 6, 15, 1, 5, 17, 7, 1, 21, 10, 0, 12, 7, 6, 9, 1, 5, 11, 8, 3, 3, 6, 3, 17, 7, 3, 14, 4, 6, 4, 8, 6, 15, 7, 7, 4, 6, 2, 18, 5, 3, 10, 6, 3, 9, 5, 4, 19, 10, 7, 9, 4, 3, 7, 4, 4, 10, 8, 5, 5, 8, 5, 9, 7, 5, 12, 4, 3, 21, 8, 6, 22, 4, 8, 10, 4, 3, 11, 11, 4, 10, 5, 6, 13, 6, 2, 10, 4, 4, 3, 6, 4, 16, 7, 4, 12, 8, 2, 21, 10, 7, 21, 3, 7, 7, 6, 6, 4, 9, 5, 22, 9, 4, 8, 9, 3, 19, 10, 6, 16, 7, 0, 2, 2, 4, 22, 12, 1, 10, 8, 0, 14, 4, 3, 6, 8, 4, 11, 1, 1, 13, 11, 3, 18, 4, 5, 10, 6, 6, 15, 1, 5, 9, 8, 3, 6, 5, 2, 14, 5, 7, 21, 2, 3, 18, 7, 5, 9, 4, 6, 9, 6, 7, 23, 6, 3, 12, 11, 4, 10, 8, 5, 10, 6, 8, 11, 7, 8, 15, 11, 7, 8, 2, 3, 20, 6, 6, 5, 9, 7, 16, 3, 4, 20, 4, 1, 13, 8, 6, 21, 8, 6, 21, 4, 3, 10, 4, 4, 6, 7, 1, 16, 2, 6, 14, 6, 6, 23, 11, 5, 13, 8, 5, 3, 7, 2, 11, 7, 2, 15, 7, 3, 15, 6, 6, 9, 10, 1, 20, 6, 3, 16, 7, 5], dimension=1491, value=2571.1323483831197, stages=0, time=797.9675013256617}} 
