20.082333737483392,19.868884210862046,20.199165534078208,20.00186567484546,20.060587439524106,20.08864650606794,19.79966098679068,20.042326087564277,20.14780669817113,20.005609739550923,20.257435664145714,20.082955574026766,20.148142023070466,20.01561032978577,20.079212482820516,19.91147779475849,20.03969956334089,20.311586995971975,20.196745982924917,20.067821877943928,20.286903967370655,20.07887644550453,20.10072131095482,19.904721592681025,20.044309055011382,20.131876974413426,20.08964043962199,20.112114603263255,20.12461771643595,20.04651924378408,
DE统计信息：
sum = 602.327876252769
min = 19.79966098679068
max = 20.311586995971975
mean = 20.0775958750923
std = 0.11374196460685204
totaltime = 52.744
avgtime = 1.7581333333333333
最优解：
Solution{id=3, content=[2, 3, 4, 5, 4, 7, 4, 8, 2, 5, 2, 3, 5, 1, 3, 3, 4, 4, 6, 4, 3, 4, 4, 7, 4, 4, 1, 5, 1, 3, 5, 6, 2, 6, 4, 4, 5, 4, 1, 8, 1, 5, 4, 1, 4, 4, 6, 3, 3, 6, 4, 3, 5, 3, 6, 5, 2, 6, 5, 3, 2, 7, 4, 4, 2, 7, 4, 1, 1, 5, 5, 4, 5, 5, 6, 8, 4, 5, 4, 3, 5, 1, 6, 4, 4, 3, 5, 7, 6, 3, 6, 3, 2, 5, 5, 1, 2, 3, 2, 4], dimension=100, value=20.311586995971975, stages=0, time=150.51101275755104}
最差解：
Solution{id=28, content=[4, 3, 5, 0, 4, 2, 5, 3, 5, 3, 4, 2, 1, 5, 4, 5, 4, 4, 5, 5, 4, 7, 4, 4, 5, 3, 5, 6, 4, 4, 5, 3, 1, 4, 6, 6, 5, 4, 5, 5, 1, 7, 4, 5, 1, 7, 6, 3, 1, 4, 1, 1, 3, 4, 5, 3, 5, 4, 4, 3, 4, 1, 4, 6, 6, 4, 4, 1, 1, 6, 2, 7, 6, 1, 2, 8, 2, 3, 4, 1, 5, 4, 5, 6, 6, 4, 4, 5, 6, 4, 4, 5, 2, 5, 3, 4, 4, 3, 3, 3], dimension=100, value=19.79966098679068, stages=0, time=144.61267480245303}
