20.577278304186148,20.132997133717616,20.327394499551097,20.462269218713956,19.99912003365126,20.427468139823997,20.631142152313583,20.79267306344509,20.63121750095196,20.468862616439246,20.51326668486558,20.408534129762472,20.593634634014595,20.512743714055762,20.415287511968042,19.911361882924517,20.260551653679556,20.519870580257827,20.03233757142512,20.144846804435698,20.722853483586526,20.896776071244098,20.4648439710783,20.257827136925137,20.412404729643615,20.401413454518938,19.89562182275832,20.626806515897144,20.49673420520486,20.410941174310935,
DEDNSPSO统计信息：
sum = 612.3490803953509
min = 19.89562182275832
max = 20.896776071244098
mean = 20.411636013178363
std = 0.246506589263108
totaltime = 61.489
avgtime = 2.0496333333333334
最优解：
Particle{Solution{id=46, content=[3, 3, 2, 4, 2, 2, 2, 2, 2, 3, 1, 3, 2, 4, 3, 2, 4, 3, 2, 1, 4, 3, 2, 3, 1, 4, 1, 2, 4, 1, 4, 4, 4, 3, 4, 4, 4, 2, 4, 4, 1, 1, 4, 3, 2, 3, 2, 3, 4, 1, 2, 3, 2, 2, 4, 4, 4, 3, 2, 4, 5, 3, 2, 1, 2, 5, 1, 4, 2, 4, 4, 1, 4, 1, 1, 2, 2, 3, 1, 1, 2, 2, 2, 5, 4, 5, 2, 3, 4, 4, 1, 1, 2, 2, 2, 1, 3, 3, 2, 4], dimension=100, value=20.896776071244098, stages=0, time=159.5933217841128}} 
最差解：
Particle{Solution{id=39, content=[4, 1, 4, 1, 3, 2, 1, 4, 3, 1, 3, 1, 4, 4, 4, 3, 1, 3, 4, 3, 1, 4, 3, 5, 2, 4, 1, 4, 3, 3, 3, 3, 1, 2, 2, 4, 4, 2, 2, 4, 2, 4, 1, 3, 4, 4, 1, 4, 4, 4, 1, 0, 4, 1, 2, 5, 1, 3, 4, 1, 2, 2, 1, 4, 3, 4, 2, 1, 5, 3, 2, 6, 4, 1, 3, 3, 1, 3, 3, 3, 4, 3, 3, 1, 4, 2, 2, 1, 2, 3, 1, 3, 4, 5, 1, 1, 3, 1, 3, 4], dimension=100, value=19.89562182275832, stages=0, time=159.2557666032749}} 
