20.160794435257284,20.009069355669762,20.204610639697865,20.046955264510277,20.28154466035384,19.87033642568497,19.93027093229133,20.28194101360056,20.154502247199474,20.07770223551615,20.145291577421627,19.944147250858553,20.096685480722506,20.108562376123132,20.154418306554188,20.240710856459387,20.191222297282582,20.17227377387899,19.873516547900863,20.139686585158604,20.21098462817164,20.104314729673902,19.96888909546993,20.28333948865707,20.022917681562834,20.07361023201829,20.24394595920243,20.1079774079856,20.17703195444359,20.225371375236225,
DNSPSO统计信息：
sum = 603.5026248145633
min = 19.87033642568497
max = 20.28333948865707
mean = 20.116754160485446
std = 0.11688448914164229
totaltime = 58.624
avgtime = 1.9541333333333335
最优解：
Particle{Solution{id=0, content=[4, 4, 1, 4, 4, 2, 1, 3, 1, 3, 4, 5, 1, 1, 4, 5, 2, 4, 4, 4, 1, 3, 2, 1, 4, 3, 2, 2, 1, 1, 2, 2, 2, 3, 4, 4, 1, 4, 3, 4, 4, 5, 3, 4, 4, 1, 2, 1, 3, 3, 1, 2, 1, 1, 4, 3, 1, 5, 4, 4, 3, 5, 4, 4, 4, 4, 4, 3, 3, 1, 3, 3, 4, 4, 1, 5, 4, 3, 2, 4, 1, 5, 4, 5, 3, 2, 4, 4, 1, 1, 2, 1, 4, 5, 2, 3, 4, 3, 2, 3], dimension=0, value=20.28333948865707, stages=0, time=154.5709381266761}} 
最差解：
Particle{Solution{id=0, content=[1, 0, 1, 3, 2, 2, 2, 1, 2, 3, 1, 4, 1, 1, 1, 2, 2, 3, 2, 4, 1, 1, 1, 1, 3, 3, 3, 2, 1, 4, 2, 2, 3, 1, 3, 2, 1, 4, 1, 2, 3, 1, 1, 4, 2, 3, 3, 1, 3, 3, 1, 3, 2, 2, 3, 1, 3, 2, 3, 3, 2, 4, 1, 3, 2, 2, 2, 2, 2, 1, 2, 3, 1, 2, 1, 4, 2, 1, 2, 1, 3, 3, 1, 4, 2, 2, 1, 4, 4, 3, 3, 3, 1, 1, 1, 3, 1, 3, 2, 3], dimension=0, value=19.87033642568497, stages=0, time=156.07632408333478}} 
