20.843351936234857,20.502350242004205,20.628724910179706,20.858168571668482,20.943396619372468,20.594051564635475,20.709428145487898,20.58552279312316,20.78757961929279,20.361831458289032,20.914362630850423,20.682478540704796,20.972473950401483,20.165832337551564,20.682172888128072,20.483640956162517,20.914924902753746,20.562230235077198,20.661432566324926,20.591174076516406,21.054501143983938,20.749242455545268,20.56374340190504,20.67371542386436,20.84303314123765,21.06722690551065,20.84590461573853,20.81651637504115,20.762293634165715,21.04115589313071,
FADE统计信息：
sum = 621.8624619348823
min = 20.165832337551564
max = 21.06722690551065
mean = 20.728748731162742
std = 0.20843208197246335
totaltime = 43.836
avgtime = 1.4612
最优解：
FireSpark{pi=0.9400000000000011} Solution{id=8, content=[5, 6, 5, 3, 5, 2, 2, 4, 4, 1, 1, 4, 4, 3, 4, 6, 4, 3, 6, 3, 4, 7, 4, 8, 4, 2, 4, 6, 6, 5, 6, 4, 4, 3, 1, 7, 5, 4, 6, 4, 6, 3, 2, 4, 2, 3, 3, 4, 1, 2, 1, 3, 5, 5, 2, 4, 4, 1, 6, 3, 4, 4, 4, 1, 4, 3, 5, 1, 6, 1, 5, 4, 4, 1, 5, 3, 4, 3, 2, 1, 5, 3, 3, 7, 1, 5, 4, 4, 5, 3, 5, 1, 6, 4, 6, 1, 1, 3, 2, 3], dimension=100, value=21.06722690551065, stages=0, time=156.78909041430327}
最差解：
FireSpark{pi=0.9300000000000002} Solution{id=7, content=[3, 6, 3, 3, 6, 4, 6, 5, 1, 5, 6, 3, 6, 4, 6, 4, 5, 8, 3, 5, 5, 3, 1, 4, 4, 7, 5, 2, 4, 1, 3, 1, 2, 4, 4, 3, 1, 3, 4, 3, 6, 4, 5, 7, 4, 1, 1, 7, 1, 6, 5, 5, 5, 7, 1, 5, 4, 4, 6, 3, 6, 7, 6, 3, 4, 3, 6, 7, 4, 7, 2, 1, 5, 5, 1, 7, 6, 7, 4, 3, 6, 5, 3, 4, 4, 6, 1, 1, 1, 3, 3, 3, 6, 3, 4, 1, 6, 5, 2, 3], dimension=100, value=20.165832337551564, stages=0, time=157.5410097574559}
