20.091317777506816,20.519381656067797,20.429312116876385,20.430107759489598,20.893124276793774,20.057012908367486,20.195536206788105,20.166118093085334,20.13803727534685,20.112563515526748,20.495403615968627,20.473016177848837,20.050789241979132,20.166941562862558,20.372229917168156,20.22634662450903,20.47189893432337,20.00764868588652,20.971258991163868,20.7435077238959,20.03338622839614,20.44956690112902,20.966692814008233,20.49837491483874,20.373853504061096,20.187402012705007,20.377378181238786,19.941515378684976,20.33841638282076,20.178743622165303,
WWO统计信息：
sum = 610.356883001503
min = 19.941515378684976
max = 20.971258991163868
mean = 20.345229433383434
std = 0.27742454426654745
totaltime = 55.615
avgtime = 1.8538333333333334
最优解：
Wave{amplitude=12.0, length=0.05559837601758349} Solution{id=23, content=[2, 1, 4, 1, 3, 0, 4, 1, 2, 4, 3, 3, 3, 3, 4, 2, 5, 3, 5, 5, 1, 4, 4, 6, 4, 1, 5, 4, 4, 6, 3, 3, 6, 2, 1, 1, 2, 3, 3, 3, 4, 1, 4, 7, 2, 3, 4, 3, 4, 4, 1, 1, 2, 1, 2, 3, 4, 4, 4, 1, 4, 5, 2, 6, 4, 1, 5, 5, 4, 1, 4, 1, 1, 4, 4, 1, 5, 3, 4, 3, 2, 4, 3, 4, 2, 3, 2, 4, 2, 3, 5, 2, 2, 2, 5, 5, 4, 1, 1, 3], dimension=100, value=20.971258991163868, stages=0, time=156.81970722933505}
最差解：
Wave{amplitude=12.0, length=-20.598063196445267} Solution{id=5, content=[4, 3, 4, 3, 6, 4, 3, 5, 2, 1, 3, 1, 5, 1, 4, 1, 2, 3, 2, 1, 5, 3, 5, 0, 2, 3, 3, 3, 5, 2, 4, 1, 4, 1, 5, 6, 3, 3, 2, 4, 3, 4, 3, 5, 1, 3, 4, 4, 4, 4, 4, 1, 1, 3, 4, 4, 1, 1, 5, 3, 1, 5, 6, 3, 4, 3, 3, 1, 2, 3, 3, 4, 3, 1, 1, 3, 2, 6, 2, 4, 3, 2, 3, 1, 4, 2, 4, 6, 4, 4, 6, 3, 6, 5, 4, 1, 4, 2, 2, 3], dimension=100, value=19.941515378684976, stages=0, time=158.45376468533837}
