13684.549154678385,13629.579460047209,13658.366516667438,13608.60687626341,13653.57685879367,13608.796418829446,13686.273245206008,13656.088396441808,13667.71539966993,13648.049679404061,13638.817301327193,13628.561108492473,
DE统计信息：
size = 50
iters = 12000
nfes = 600000
sum = 409922.64046732953
min = 13608.60687626341
max = 13715.412954859445
mean = 13664.08801557765
std = 29.469502890437404
totaltime = 155788.681s
avgtime = 5192.956033333334s
最优解：
Solution{id=30, content=[7, 10, 9, 24, 3, 11, 21, 11, 8, 14, 8, 4, 21, 9, 3, 23, 12, 7, 26, 12, 9, 26, 12, 8, 19, 15, 12, 4, 8, 12, 26, 11, 12, 22, 14, 12, 26, 3, 7, 20, 12, 10, 14, 13, 8, 18, 14, 10, 13, 3, 4, 5, 15, 2, 23, 7, 7, 29, 8, 2, 21, 1, 10, 21, 7, 5, 12, 11, 6, 3, 13, 5, 10, 11, 6, 19, 8, 7, 18, 14, 6, 5, 15, 4, 27, 9, 5, 19, 12, 5, 24, 5, 5, 21, 7, 5, 22, 16, 6, 21, 11, 2, 21, 12, 8, 20, 12, 7, 24, 8, 2, 17, 5, 7, 22, 13, 8, 8, 5, 10, 13, 9, 5, 24, 14, 4, 8, 10, 9, 27, 7, 8, 8, 13, 6, 15, 8, 4, 8, 8, 1, 22, 11, 4, 24, 11, 8, 17, 2, 10, 12, 3, 11, 16, 2, 3, 10, 4, 9, 23, 15, 4, 14, 6, 4, 19, 16, 10, 25, 9, 8, 12, 2, 11, 26, 15, 11, 20, 9, 8, 23, 5, 10, 25, 4, 9, 10, 10, 12, 7, 10, 9, 8, 13, 7, 22, 13, 4, 17, 11, 9, 4, 11, 4, 5, 15, 2, 19, 11, 4, 20, 4, 1, 25, 11, 10, 23, 3, 7, 14, 5, 12, 7, 5, 6, 18, 5, 6, 23, 5, 3, 11, 10, 8, 24, 15, 7, 21, 12, 3, 16, 12, 9, 20, 12, 3, 14, 6, 5, 17, 14, 10, 22, 13, 10, 25, 14, 3, 7, 13, 3, 11, 12, 9, 26, 14, 7, 14, 15, 8, 26, 10, 12, 24, 12, 5, 20, 7, 6, 25, 10, 10, 25, 15, 11, 14, 6, 9, 7, 10, 7, 19, 7, 6, 26, 8, 7, 5, 16, 7, 18, 16, 11, 27, 3, 10, 5, 11, 5, 22, 14, 12, 15, 3, 2, 23, 5, 10, 19, 13, 2, 14, 10, 4, 8, 6, 10, 19, 8, 9, 20, 5, 5, 20, 4, 7, 16, 11, 10, 23, 10, 12, 12, 8, 4, 12, 7, 2, 20, 7, 7, 13, 10, 7, 12, 10, 8, 15, 8, 10, 25, 14, 8, 23, 13, 8, 9, 2, 11, 15, 9, 10, 26, 10, 9, 25, 16, 11, 21, 9, 10, 18, 9, 2, 19, 8, 6, 19, 11, 8, 19, 16, 5, 19, 2, 6, 17, 10, 11, 20, 11, 7, 10, 12, 2, 15, 12, 8, 20, 15, 5, 6, 13, 12, 19, 6, 11, 9, 9, 5, 17, 7, 7, 14, 5, 10, 10, 11, 6, 22, 13, 6, 25, 14, 6, 11, 14, 9, 12, 9, 10, 14, 8, 12, 18, 6, 5, 7, 16, 12, 25, 7, 6, 23, 3, 4, 6, 14, 9, 23, 14, 8, 19, 12, 12, 6, 12, 3, 20, 14, 4, 10, 13, 0, 24, 16, 6, 14, 11, 6, 9, 14, 8, 12, 8, 2, 14, 7, 6, 13, 10, 1, 23, 7, 6, 22, 4, 10, 5, 10, 9, 21, 6, 4, 14, 2, 5, 28, 12, 3, 10, 12, 12, 12, 11, 6, 19, 10, 8, 26, 12, 10, 27, 3, 10, 24, 10, 12, 11, 8, 8, 18, 14, 7, 21, 11, 6, 24, 8, 2, 28, 15, 8, 12, 13, 7, 16, 9, 11, 17, 10, 6, 22, 7, 7, 10, 11, 6, 21, 11, 4, 12, 16, 10, 13, 9, 2, 4, 5, 9, 27, 4, 6, 15, 6, 2, 26, 10, 4, 28, 7, 10, 23, 11, 4, 13, 13, 11, 18, 8, 10, 28, 13, 7, 22, 13, 11, 11, 6, 4, 3, 9, 9, 20, 11, 6, 23, 3, 9, 27, 8, 10, 19, 3, 6, 22, 10, 5, 12, 14, 6, 14, 8, 6, 15, 11, 7, 8, 3, 5, 12, 8, 11, 13, 13, 5, 22, 15, 6, 21, 14, 8, 27, 12, 9, 5, 9, 12, 25, 11, 6, 21, 14, 10, 15, 8, 11, 20, 2, 7, 13, 10, 1, 8, 6, 12, 27, 12, 10, 21, 15, 10, 10, 8, 11, 15, 8, 11, 6, 5, 11, 24, 5, 1, 15, 10, 10, 7, 9, 2, 19, 5, 9, 7, 4, 6, 14, 16, 2, 23, 8, 2, 7, 8, 8, 26, 16, 9, 19, 10, 5, 26, 15, 2, 9, 15, 6, 24, 11, 6, 19, 10, 6, 21, 14, 1, 22, 7, 8, 22, 12, 5, 3, 10, 8, 10, 11, 1, 3, 13, 6, 21, 8, 12, 23, 10, 1, 19, 8, 7, 21, 16, 4, 13, 11, 10, 28, 4, 10, 19, 10, 7, 12, 8, 5, 12, 15, 7, 18, 10, 3, 13, 10, 7, 10, 14, 2, 22, 13, 9, 10, 4, 4, 18, 15, 12, 12, 12, 4, 21, 14, 2, 14, 10, 12, 18, 16, 2, 9, 12, 4, 4, 10, 11, 24, 14, 6, 15, 9, 9, 23, 11, 9, 22, 14, 9, 9, 12, 5, 10, 7, 9, 3, 15, 6, 13, 10, 6, 13, 11, 6, 16, 8, 6, 10, 10, 6, 18, 6, 8, 14, 13, 8, 19, 16, 5, 13, 4, 11, 18, 15, 4, 14, 8, 11, 18, 12, 9, 16, 7, 2, 26, 5, 7, 26, 13, 6, 24, 12, 10, 27, 13, 8, 7, 7, 5, 6, 7, 10, 28, 8, 2, 21, 14, 4, 19, 5, 11, 25, 15, 10, 17, 10, 10, 14, 8, 5, 11, 3, 5, 19, 8, 9, 12, 14, 10, 13, 5, 9, 2, 11, 11, 15, 9, 10, 26, 12, 12, 24, 8, 7, 29, 8, 3, 17, 9, 8, 19, 4, 2, 18, 4, 4, 16, 6, 10, 29, 1, 12, 26, 8, 4, 14, 12, 4, 10, 5, 7, 9, 11, 10, 18, 5, 5, 7, 11, 10, 24, 7, 7, 13, 15, 11, 15, 5, 6, 22, 10, 3, 17, 11, 4, 15, 8, 5, 7, 7, 10, 21, 4, 5, 26, 12, 3, 17, 8, 5, 6, 8, 5, 8, 11, 5, 11, 8, 8, 13, 3, 11, 13, 9, 7, 23, 7, 9, 13, 10, 11, 22, 7, 9, 12, 4, 4, 27, 11, 5, 21, 14, 8, 14, 12, 7, 10, 6, 7, 16, 10, 7, 13, 2, 8, 19, 11, 12, 10, 3, 8, 11, 7, 11, 18, 9, 11, 25, 13, 7, 22, 11, 8, 13, 8, 9, 17, 15, 10, 25, 7, 9, 12, 8, 2, 13, 4, 9, 27, 5, 7, 12, 12, 7, 25, 11, 10, 22, 12, 7, 22, 10, 5, 23, 5, 6, 15, 4, 7, 20, 12, 1, 11, 13, 9, 19, 12, 12, 7, 7, 10, 14, 10, 5, 14, 13, 4, 5, 11, 9, 19, 9, 10, 19, 10, 7, 7, 12, 8, 26, 7, 9, 20, 8, 11, 14, 15, 1, 11, 9, 2, 15, 1, 4, 12, 5, 4, 17, 7, 2, 10, 3, 9, 10, 13, 4, 10, 11, 5, 15, 12, 11, 11, 13, 6, 19, 14, 4, 23, 9, 6, 13, 10, 10, 7, 4, 7, 12, 9, 7, 17, 13, 5, 23, 11, 12, 22, 13, 11, 24, 10, 9, 9, 15, 6, 28, 8, 9, 14, 9, 6, 26, 7, 12, 17, 7, 12, 26, 12, 3, 24, 8, 5, 8, 6, 9, 10, 15, 7, 20, 10, 12, 15, 9, 7, 19, 5, 8, 23, 9, 8, 13, 3, 12, 23, 13, 7, 26, 8, 4, 23, 10, 12, 12, 11, 2, 10, 13, 5, 26, 14, 12, 19, 3, 9, 22, 6, 11, 13, 13, 4, 18, 8, 6, 5, 8, 7, 20, 10, 12, 20, 13, 8, 23, 13, 4, 15, 12, 11, 8, 5, 11, 21, 8, 5, 7, 8, 5, 23, 12, 9, 6, 16, 6, 15, 15, 12, 5, 10, 5, 14, 11, 4, 21, 4, 10, 26, 15, 8, 14, 11, 4, 4, 8, 12, 10, 13, 6, 6, 7, 11, 13, 12, 10, 19, 10, 8, 17, 8, 10, 10, 9, 4, 14, 6, 10, 21, 9, 12, 11, 13, 12, 14, 12, 5, 15, 8, 3, 28, 14, 4, 21, 11, 4, 14, 10, 10, 14, 4, 4, 25, 11, 9, 22, 13, 6, 16, 15, 8, 17, 11, 8, 15, 12, 6, 11, 10, 8, 14, 14, 8, 7, 8, 10, 21, 9, 12, 17, 12, 12, 26, 7, 5, 13, 5, 9, 25, 12, 8, 22, 16, 9, 11, 2, 12, 28, 13, 11, 22, 9, 3, 21, 9, 4, 12, 14, 9, 24, 12, 12, 19, 9, 6, 22, 14, 4, 10, 15, 6, 24, 6, 10, 22, 14, 7, 9, 9, 11, 12, 7, 6, 21, 3, 4, 10, 9, 10, 11, 8, 2, 24, 3, 7, 14, 9, 2, 15, 11, 6, 25, 13, 9, 15, 11, 8, 14, 12, 4, 19, 12, 7, 22, 6, 7, 29, 14, 10, 23, 10, 6, 23, 15, 10, 25, 14, 12, 15, 11, 10, 16, 14, 3, 5, 8, 10, 24, 11, 9, 23, 8, 11, 17, 12, 4, 21, 3, 8, 28, 12, 12, 10, 10, 6, 17, 12, 10, 22, 6, 5, 23, 14, 7, 23, 9, 7, 22, 16, 6, 13, 8, 11, 15, 13, 12, 22, 9, 9, 25, 15, 6, 6, 16, 8, 5, 6, 11, 24, 8, 5, 12, 10, 12, 9, 7, 9, 24, 10, 5, 15, 14, 7, 25, 7, 8, 28, 15, 12, 4, 9, 10, 28, 9, 7, 24, 10, 12, 12, 7, 3, 27, 8, 10, 9, 12, 12, 23, 16, 11, 6, 3, 6, 27, 9, 10, 24, 13, 2, 18, 3, 2, 16, 8, 3, 11, 8, 6, 14, 5, 8, 21, 12, 8, 12, 7, 9, 20, 8, 8, 27, 10, 12, 21, 10, 10, 21, 13, 8, 19, 9, 9, 21, 10, 6, 14, 10, 8, 12, 11, 2, 19, 10, 6, 21, 12, 5, 25, 10, 10, 20, 14, 4, 11, 11, 6, 27, 12, 8, 11, 12, 6, 24, 9, 8, 13, 7, 12, 22, 7, 3, 25, 2, 9, 23, 3, 8, 15, 6, 8, 7, 10, 8, 15, 11, 11, 22, 5, 12, 14, 9, 5, 16, 10, 6, 9, 10, 9, 14, 11, 7, 4, 3, 10, 18, 6, 5, 17, 14, 7, 5, 7, 9, 15, 8, 8, 21, 12, 4, 13, 8, 9, 7, 9, 9, 11, 10, 5, 15, 6, 6, 23, 8, 5, 24, 14, 6, 18, 7, 3, 12, 9, 12, 13, 3, 7, 22, 14, 3, 26, 10, 8, 12, 14, 3, 14, 10, 12, 27, 11, 10, 14, 2, 6, 15, 8, 8, 2, 11, 4, 24, 15, 9, 14, 12, 9, 11, 12, 10, 21, 16, 1, 12, 12, 8, 12, 9, 5, 16, 8, 5, 15, 7, 11, 5, 5, 3, 16, 12, 7, 16, 3, 4, 11, 11, 6, 22, 14, 12, 16, 13, 11, 25, 15, 11, 23, 11, 4, 25, 10, 1, 23, 4, 11, 7, 15, 3, 29, 8, 8, 14, 6, 11, 18, 4, 10, 19, 14, 9, 19, 13, 5, 24, 9, 6, 21, 9, 9, 15, 2, 11, 24, 5, 4, 23, 15, 9, 16, 3, 10, 14, 9, 10, 13, 3, 10, 28, 14, 5, 18, 7, 2, 17, 10, 7, 14, 9, 10, 14, 8, 4, 14, 9, 8, 17, 15, 8, 12, 4, 4, 13, 9, 8, 22, 4, 4, 28, 13, 4, 22, 12, 5, 11, 7, 6, 25, 5, 5, 26, 9, 6, 25, 12, 11, 17, 8, 5, 17, 3, 8, 23, 6, 10, 5, 9, 9, 22, 12, 5, 11, 7, 12, 13, 8, 10, 11, 7, 10, 16, 6, 5, 13, 10, 3, 26, 9, 4, 20, 13, 12, 20, 5, 12, 25, 11, 11, 16, 14, 10, 19, 13, 3, 26, 10, 8, 20, 8, 5, 14, 13, 2, 20, 6, 3, 6, 8, 4, 22, 14, 12, 12, 11, 3, 20, 7, 5, 14, 14, 1, 7, 15, 1, 19, 9, 3, 19, 13, 8, 11, 9, 12, 20, 5, 7, 26, 7, 7, 6, 11, 12, 25, 14, 10, 13, 12, 8, 17, 15, 8, 22, 11, 5, 9, 13, 11, 23, 8, 4, 13, 13, 10, 15, 11, 1, 25, 12, 2, 22, 9, 11, 15, 6, 9, 16, 2, 11, 25, 5, 9, 17, 14, 8, 21, 10, 8, 27, 6, 12, 21, 11, 3, 17, 10, 10, 23, 13, 4, 15, 15, 4, 14, 14, 5, 17, 3, 4, 22, 12, 4, 25, 1, 9, 27, 8, 10, 22, 11, 10, 14, 5, 10, 11, 3, 11, 12, 2, 6, 20, 14, 5, 18, 3, 8, 22, 6, 1, 26, 14, 8, 20, 10, 9, 16, 7, 10, 22, 14, 1, 17, 13, 7, 13, 8, 9, 23, 11, 11, 18, 14, 10, 14, 6, 8, 2, 14, 10, 16, 14, 8, 24, 8, 8, 22, 10, 3, 23, 9, 11, 20, 14, 9, 12, 8, 6, 6, 5, 7, 23, 6, 8, 16, 3, 5, 10, 7, 9, 25, 11, 5, 8, 10, 9, 15, 14, 11, 21, 5, 6, 23, 16, 7, 28, 13, 4, 22, 14, 8, 10, 13, 10, 16, 9, 4, 15, 15, 7, 5, 12, 7, 23, 10, 6, 21, 4, 5, 3, 12, 7, 20, 2, 5, 18, 2, 9, 22, 9, 6, 12, 15, 12, 24, 7, 9, 21, 9, 6, 11, 8, 4, 25, 15, 3, 19, 14, 5, 17, 15, 4, 23, 8, 1, 13, 13, 4, 24, 8, 9, 19, 9, 8, 21, 7, 4, 19, 4, 4, 22, 8, 4, 11, 5, 8, 14, 16, 4, 22, 14, 11, 14, 3, 11, 17, 12, 10, 21, 5, 8, 7, 5, 11, 8, 1, 11, 19, 14, 6, 5, 8, 6, 23, 2, 10, 20, 10, 7, 14, 14, 3, 24, 13, 4, 26, 2, 10, 2, 15, 7, 22, 11, 6, 23, 6, 8, 18, 9, 7, 19, 15, 6, 19, 4, 6, 24, 14, 8, 26, 5, 6, 22, 1, 8, 22, 7, 11, 26, 3, 6, 11, 3, 6, 26, 15, 4, 13, 14, 4, 19, 12, 4, 12, 9, 5, 27, 8, 9, 14, 9, 5, 27, 12, 11, 20, 8, 5, 14, 10, 4, 17, 5, 10, 15, 16, 9, 23, 10, 7, 6, 9, 12, 18, 14, 8, 12, 16, 10, 10, 8, 6, 27, 14, 6, 21, 10, 11, 27, 9, 10, 11, 15, 2, 22, 8, 6, 26, 7, 6, 15, 9, 8, 14, 11, 4, 15, 12, 1, 20, 7, 9, 20, 10, 2, 22, 4, 12, 13, 5, 8, 27, 11, 1, 14, 8, 8, 3, 8, 11, 24, 13, 7, 17, 6, 10, 10, 14, 7, 17, 12, 10, 24, 11, 12, 21, 13, 6, 20, 10, 6, 15, 5, 10, 8, 5, 9, 22, 6, 12, 19, 9, 6, 17, 12, 8, 22, 16, 2, 22, 15, 11, 14, 11, 10, 7, 10, 5, 18, 15, 11, 18, 2, 1, 24, 13, 10, 18, 7, 1, 14, 5, 6, 15, 5, 7, 26, 5, 4, 18, 10, 7, 14, 8, 9, 23, 12, 12, 26, 14, 4, 15, 12, 8, 18, 9, 11, 13, 9, 2, 10, 11, 9, 4, 3, 5, 6, 12, 11, 18, 16, 11, 13, 13, 10, 13, 9, 11, 25, 4, 4, 26, 11, 4, 9, 5, 2, 25, 15, 11, 23, 2, 5, 14, 6, 5, 4, 6, 9, 24, 7, 11, 26, 9, 8, 15, 14, 10, 12, 9, 7, 25, 11, 4, 21, 8, 3, 21, 7, 11, 14, 15, 2, 26, 14, 2, 27, 12, 5, 24, 10, 7, 6, 5, 11, 23, 8, 12, 13, 12, 8, 14, 7, 4, 19, 13, 4, 16, 5, 10, 26, 5, 11, 22, 14, 3, 19, 13, 7, 22, 12, 11, 17, 6, 10, 14, 9, 3, 26, 6, 8, 5, 13, 6, 21, 7, 4, 25, 9, 10, 14, 14, 8, 2, 10, 6, 15, 9, 9, 19, 9, 10, 23, 14, 5, 4, 6, 3, 25, 12, 8, 19, 9, 1, 23, 16, 7, 13, 11, 7, 15, 14, 10, 14, 4, 12, 21, 10, 4, 21, 14, 5, 11, 13, 6, 11, 2, 8, 6, 16, 8, 25, 15, 5, 25, 5, 9, 21, 8, 10, 12, 4, 12, 20, 6, 5, 16, 15, 8, 14, 3, 9, 22, 14, 11, 14, 12, 12, 20, 15, 2, 10, 15, 7, 27, 6, 3, 15, 10, 11, 14, 3, 11, 22, 1, 7, 27, 4, 7, 24, 8, 7, 14, 13, 2, 18, 10, 8, 14, 1, 8, 22, 9, 11, 17, 4, 3, 8, 14, 3, 17, 2, 10, 6, 13, 8, 15, 7, 11, 24, 6, 1, 13, 10, 10, 12, 10, 5, 18, 11, 6, 13, 12, 5, 11, 12, 6, 14, 7, 5, 15, 10, 6, 15, 13, 7, 12, 9, 5, 14, 13, 5, 27, 10, 11, 3, 14, 12, 21, 7, 3, 19, 8, 9, 15, 10, 5, 23, 12, 7, 12, 1, 4, 13, 5, 4, 3, 10, 12, 13, 16, 4, 22, 13, 5, 14, 16, 2, 23, 14, 10, 15, 5, 4, 8, 1, 11, 25, 4, 2, 22, 14, 3, 17, 12, 8, 18, 9, 12, 29, 5, 3, 19, 10, 12, 24, 11, 8, 13, 5, 11, 24, 14, 9, 12, 15, 11, 14, 11, 9, 25, 16, 7, 27, 14, 5, 13, 7, 8, 12, 3, 6, 16, 6, 3, 9, 10, 8, 26, 2, 3, 24, 6, 8, 26, 14, 8, 20, 2, 8, 26, 14, 9, 21, 16, 7, 17, 13, 10, 26, 11, 12, 26, 12, 6, 28, 8, 4, 25, 6, 2, 23, 10, 2, 25, 9, 5, 29, 5, 2, 15, 7, 11, 12, 9, 6, 23, 4, 7, 25, 10, 9, 2, 12, 5, 26, 14, 10, 13, 12, 4, 14, 8, 2, 26, 11, 7, 11, 16, 9, 10, 3, 5, 26, 16, 7, 7, 9, 6, 20, 12, 7, 12, 5, 10, 19, 8, 5, 23, 3, 6, 12, 8, 5, 21, 8, 9, 19, 10, 8, 8, 15, 9, 26, 1, 7, 25, 8, 4, 24, 6, 5, 12, 10, 8, 20, 8, 3, 23, 10, 12, 18, 10, 12, 26, 8, 11, 26, 6, 1, 10, 8, 6, 23, 7, 5, 16, 12, 4, 11, 10, 12, 9, 13, 1, 23, 12, 3, 23, 9, 2, 27, 15, 7, 14, 8, 6, 14, 5, 4, 5, 6, 4, 4, 12, 4, 7, 11, 5, 23, 6, 2, 17, 11, 12, 22, 15, 10, 13, 13, 2, 13, 1, 1, 17, 7, 10, 28, 5, 10, 13, 6, 7, 21, 13, 4, 20, 16, 9, 9, 10, 8, 15, 9, 10, 21, 3, 3, 22, 11, 10, 24, 12, 3, 17, 12, 12, 17, 13, 5, 11, 10, 1, 7, 6, 3, 9, 11, 4, 26, 12, 12, 28, 11, 9, 8, 6, 8, 22, 6, 9, 18, 11, 6, 19, 13, 5, 7, 6, 5, 15, 15, 2, 26, 15, 6, 12, 14, 8, 15, 10, 12, 19, 2, 12, 16, 10, 8, 29, 14, 5, 15, 11, 3, 21, 14, 4, 5, 12, 6, 7, 9, 10, 1, 8, 6, 6, 13, 6, 20, 14, 4, 14, 10, 5, 17, 10, 12, 28, 7, 10, 9, 15, 8, 22, 10, 8, 21, 3, 9, 12, 15, 10, 3, 16, 3, 21, 11, 0, 17, 16, 4, 22, 6, 10, 14, 15, 5, 26, 16, 12, 18, 8, 8, 21, 6, 9, 21, 8, 4, 21, 8, 8, 20, 12, 8, 5, 10, 5, 24, 11, 9, 18, 14, 10, 7, 16, 12, 22, 15, 6, 26, 15, 10, 22, 10, 11, 23, 8, 10, 18, 11, 10, 5, 13, 10, 23, 8, 9, 14, 10, 7, 14, 10, 7, 21, 12, 8, 26, 3, 11, 17, 9, 10, 8, 3, 6, 13, 6, 12, 10, 13, 1, 20, 14, 1, 22, 11, 12, 11, 11, 6, 6, 1, 9, 12, 10, 2, 20, 7, 10, 15, 8, 12, 8, 12, 6, 9, 13, 10, 10, 4, 8, 20, 9, 7, 14, 11, 9, 7, 16, 6, 19, 11, 5, 22, 7, 7, 20, 13, 8, 12, 12, 3, 15, 11, 4, 13, 8, 4, 27, 10, 0, 14, 9, 5, 22, 10, 6, 25, 8, 5, 21, 14, 9, 19, 11, 8, 20, 7, 3, 5, 12, 7, 12, 11, 2, 17, 11, 6, 13, 15, 7, 21, 9, 8, 21, 10, 7, 10, 9, 3, 18, 9, 12, 19, 10, 6, 8, 6, 8, 25, 13, 9, 26, 15, 5, 13, 11, 6, 18, 12, 12, 13, 8, 10, 16, 15, 4, 22, 5, 2, 12, 11, 11, 19, 1, 5, 14, 8, 11, 26, 8, 12, 3, 13, 12, 24, 5, 6, 13, 10, 0, 19, 16, 5, 7, 7, 10, 15, 6, 11, 17, 10, 5, 23, 8, 4, 13, 10, 9, 4, 10, 1, 24, 13, 6, 9, 12, 4, 13, 8, 4, 16, 15, 9, 19, 15, 2, 15, 12, 4, 4, 11, 5, 20, 12, 3, 15, 10, 2, 19, 12, 7, 25, 6, 10, 22, 5, 7, 14, 12, 3, 12, 8, 4, 17, 10, 8, 24, 6, 11, 28, 8, 2, 17, 6, 7, 18, 8, 6, 12, 16, 5, 23, 5, 8, 25, 3, 7, 23, 10, 12, 15, 15, 0, 14, 4, 7, 22, 11, 5, 17, 14, 9, 23, 10, 7, 21, 4, 10, 3, 16, 12, 27, 5, 10, 8, 2, 7, 12, 8, 10, 13, 10, 12, 23, 11, 2, 15, 6, 7, 1, 15, 10, 26, 6, 5, 21, 15, 11, 4, 10, 11, 21, 14, 9, 7, 15, 12, 10, 7, 8, 14, 16, 6, 20, 7, 12, 14, 11, 10, 6, 10, 9, 15, 12, 4, 19, 16, 4, 27, 10, 8, 19, 11, 12, 20, 10, 10, 25, 13, 10, 17, 6, 10, 27, 12, 2, 20, 14, 11, 9, 15, 6, 4, 5, 10, 19, 8, 8, 16, 9, 4, 15, 6, 11, 20, 12, 4, 23, 10, 10, 18, 6, 7, 10, 12, 11, 16, 11, 6, 25, 7, 3, 27, 5, 12, 20, 11, 12, 22, 6, 8, 6, 11, 8, 14, 13, 6, 22, 13, 10, 26, 11, 7, 15, 9, 7, 15, 15, 7, 29, 16, 9, 21, 12, 5, 21, 11, 11, 18, 12, 3, 13, 5, 1, 15, 7, 9, 19, 12, 10, 9, 16, 7, 27, 4, 9, 10, 14, 9, 18, 6, 4, 21, 2, 10, 13, 11, 7, 14, 12, 7, 25, 1, 4, 18, 9, 3, 19, 4, 6, 24, 5, 10, 12, 12, 10, 20, 7, 4, 18, 2, 8, 25, 13, 7, 17, 15, 9, 20, 14, 9, 16, 15, 10, 12, 8, 8, 13, 8, 7, 24, 14, 7, 15, 10, 11, 23, 12, 9, 20, 8, 4, 16, 9, 2, 16, 1, 4, 11, 10, 12, 28, 12, 2, 15, 5, 9, 15, 14, 6, 13, 14, 6, 21, 3, 11, 3, 10, 7, 17, 6, 8, 13, 7, 11, 21, 10, 9, 25, 14, 8, 26, 12, 6, 23, 4, 4, 12, 10, 8, 28, 5, 3, 22, 5, 8, 13, 8, 8, 26, 6, 8, 13, 9, 3, 21, 14, 10, 25, 8, 10, 20, 1, 7, 23, 10, 6, 14, 13, 3, 14, 12, 4, 13, 12, 2, 19, 14, 5, 15, 9, 10, 24, 3, 9, 25, 12, 6, 17, 10, 2, 18, 9, 12, 19, 15, 11, 12, 10, 9, 17, 15, 12, 7, 12, 11, 23, 11, 5, 23, 15, 4, 23, 5, 6, 14, 14, 10, 28, 9, 5, 19, 4, 4, 18, 13, 9, 10, 4, 8, 13, 14, 2, 27, 9, 4, 16, 10, 7, 14, 16, 4, 15, 10, 10, 10, 1, 5, 29, 13, 4, 12, 3, 3, 14, 6, 10, 4, 7, 1, 21, 14, 11, 11, 8, 6, 10, 14, 10, 21, 10, 2, 19, 11, 3, 10, 9, 4, 20, 5, 11, 25, 15, 8, 25, 15, 4, 24, 8, 11, 21, 4, 3, 24, 12, 9, 15, 7, 1, 24, 4, 4, 15, 3, 11, 21, 9, 7, 22, 16, 8, 12, 8, 4, 22, 5, 6, 7, 13, 10, 7, 14, 9, 11, 12, 1, 17, 11, 7, 15, 10, 6, 3, 9, 12, 14, 15, 6, 14, 8, 6, 13, 4, 7, 6, 1, 8, 22, 11, 5, 17, 6, 5, 22, 14, 10, 18, 10, 7, 28, 10, 5, 23, 6, 10, 15, 11, 4, 23, 13, 7, 13, 8, 3, 25, 13, 12, 8, 11, 7, 18, 11, 9, 22, 9, 11, 27, 8, 9, 20, 11, 11, 21, 10, 11, 5, 10, 12, 25, 13, 8, 23, 13, 9, 15, 4, 10, 27, 11, 6, 12, 6, 10, 5, 2, 4, 7, 2, 10, 16, 6, 10, 12, 10, 11, 23, 5, 8, 14, 5, 11, 19, 15, 12, 23, 10, 6, 13, 16, 5, 16, 9, 6, 17, 14, 4, 19, 16, 7, 24, 7, 5, 8, 14, 12, 16, 8, 4, 5, 11, 6, 22, 11, 11, 22, 8, 3, 19, 12, 6, 23, 13, 4, 23, 6, 3, 22, 5, 5, 29, 10, 6, 20, 1, 7, 7, 7, 9, 11, 12, 7, 11, 13, 9, 27, 14, 7, 20, 12, 11, 21, 13, 11, 14, 8, 2, 19, 13, 5, 19, 13, 7, 19, 6, 3, 21, 14, 9, 24, 1, 4, 22, 16, 4, 13, 13, 2, 12, 12, 8, 13, 2, 5, 23, 12, 7, 27, 8, 8, 25, 11, 7, 27, 12, 4, 21, 14, 7, 3, 13, 9, 28, 5, 6, 10, 8, 11, 25, 11, 4, 7, 12, 3, 11, 9, 3, 21, 16, 10, 22, 13, 2, 11, 11, 4, 20, 9, 5, 20, 10, 8, 19, 10, 9, 20, 6, 9, 8, 15, 2, 16, 11, 11, 22, 8, 9, 14, 8, 9, 27, 12, 9, 15, 9, 6, 12, 14, 5, 26, 10, 1, 28, 10, 3, 18, 14, 9, 14, 14, 4, 24, 8, 8, 23, 6, 1, 12, 8, 5, 7, 10, 6, 14, 15, 11, 24, 7, 7, 13, 16, 4, 21, 2, 3, 23, 10, 6, 27, 8, 11, 18, 8, 9, 9, 9, 9, 16, 8, 6, 15, 6, 2, 12, 10, 3, 4, 11, 7, 15, 15, 4, 13, 13, 9, 5, 12, 9, 4, 13, 5, 22, 4, 10, 18, 10, 8, 10, 15, 11, 20, 15, 2, 13, 12, 7, 10, 4, 6, 23, 10, 12, 11, 8, 4, 23, 4, 7, 19, 7, 8, 21, 10, 7, 18, 7, 2, 9, 16, 5, 14, 11, 9, 19, 10, 1, 9, 13, 7, 10, 15, 8, 17, 14, 4, 20, 6, 2, 26, 15, 8, 26, 10, 8, 21, 14, 9, 5, 16, 9, 19, 7, 11, 14, 10, 4, 11, 12, 8, 7, 14, 12, 24, 12, 9, 27, 16, 4, 19, 10, 8, 4, 13, 10, 15, 4, 2, 13, 10, 9, 23, 10, 3, 11, 14, 12, 16, 14, 9, 22, 14, 8, 23, 9, 2, 16, 8, 4, 10, 10, 7, 21, 14, 8, 10, 5, 11, 20, 9, 10], dimension=4503, value=13715.412954859445, stages=0, time=1667.706910958217}
最差解：
Solution{id=25, content=[4, 11, 10, 26, 16, 7, 9, 5, 6, 15, 7, 12, 26, 10, 12, 18, 5, 12, 15, 10, 5, 7, 9, 12, 13, 10, 2, 27, 13, 12, 16, 9, 3, 25, 14, 11, 8, 7, 12, 10, 9, 8, 9, 2, 9, 15, 10, 12, 20, 9, 2, 16, 3, 2, 15, 16, 1, 21, 13, 8, 14, 6, 7, 21, 12, 8, 23, 15, 12, 16, 11, 11, 22, 14, 8, 13, 6, 4, 10, 7, 5, 23, 8, 6, 12, 13, 9, 16, 7, 10, 5, 8, 9, 21, 5, 9, 18, 11, 6, 19, 9, 5, 28, 5, 10, 10, 6, 5, 24, 15, 12, 9, 10, 9, 25, 12, 7, 16, 16, 9, 15, 8, 6, 23, 14, 11, 12, 4, 6, 23, 16, 9, 9, 15, 10, 20, 12, 6, 24, 12, 12, 13, 4, 6, 22, 2, 7, 16, 9, 10, 15, 7, 6, 18, 12, 8, 4, 9, 9, 11, 13, 2, 21, 14, 6, 7, 12, 7, 24, 8, 3, 20, 13, 8, 23, 0, 10, 24, 10, 10, 25, 5, 10, 23, 8, 11, 16, 10, 7, 19, 12, 9, 17, 7, 3, 11, 14, 1, 13, 13, 10, 19, 1, 4, 1, 6, 6, 14, 8, 5, 10, 6, 10, 18, 5, 3, 3, 9, 7, 8, 0, 3, 28, 4, 3, 15, 12, 8, 1, 8, 9, 12, 5, 4, 17, 14, 5, 19, 8, 2, 17, 10, 8, 16, 11, 11, 16, 11, 7, 7, 8, 11, 8, 5, 9, 6, 6, 6, 15, 16, 11, 8, 12, 2, 16, 14, 12, 20, 16, 11, 23, 7, 11, 14, 13, 6, 25, 4, 3, 13, 13, 5, 5, 9, 11, 20, 13, 12, 20, 8, 10, 8, 12, 10, 14, 13, 9, 15, 11, 10, 19, 4, 9, 12, 10, 9, 13, 5, 4, 14, 6, 9, 17, 13, 2, 23, 10, 12, 5, 12, 1, 21, 11, 6, 13, 12, 5, 15, 4, 11, 18, 9, 0, 14, 5, 9, 13, 11, 6, 14, 13, 4, 21, 7, 6, 20, 8, 4, 15, 4, 10, 12, 6, 8, 19, 3, 9, 19, 8, 6, 15, 12, 12, 19, 8, 8, 15, 10, 6, 24, 10, 5, 13, 11, 6, 24, 11, 11, 18, 10, 10, 13, 11, 9, 8, 11, 0, 7, 5, 2, 12, 8, 2, 13, 12, 7, 16, 6, 3, 24, 12, 7, 12, 6, 6, 18, 1, 5, 20, 8, 1, 22, 7, 5, 21, 8, 11, 27, 12, 9, 18, 3, 9, 9, 11, 7, 29, 14, 2, 19, 13, 5, 17, 13, 10, 14, 12, 8, 9, 13, 10, 16, 9, 12, 13, 3, 9, 18, 10, 3, 10, 8, 4, 18, 9, 9, 3, 11, 6, 24, 8, 10, 6, 5, 7, 11, 14, 1, 11, 14, 5, 16, 9, 7, 25, 10, 8, 27, 9, 8, 12, 13, 4, 18, 14, 3, 18, 10, 8, 26, 13, 9, 10, 13, 3, 17, 8, 1, 21, 14, 10, 10, 8, 11, 9, 4, 1, 25, 15, 3, 11, 12, 9, 23, 4, 11, 12, 9, 2, 1, 5, 11, 15, 12, 9, 20, 12, 6, 4, 9, 12, 11, 12, 6, 23, 13, 2, 8, 9, 7, 7, 1, 7, 26, 12, 8, 23, 7, 8, 3, 16, 3, 29, 13, 12, 26, 10, 6, 16, 6, 4, 22, 3, 3, 13, 16, 9, 26, 5, 2, 17, 15, 8, 22, 14, 5, 4, 14, 7, 7, 12, 3, 6, 14, 11, 3, 13, 7, 12, 7, 7, 14, 13, 10, 24, 10, 9, 12, 9, 2, 21, 14, 4, 25, 3, 4, 12, 7, 8, 7, 13, 3, 15, 10, 7, 9, 14, 7, 23, 6, 6, 26, 10, 10, 12, 9, 12, 10, 10, 12, 24, 13, 6, 17, 9, 10, 17, 4, 4, 17, 12, 2, 3, 12, 6, 27, 3, 6, 14, 5, 10, 26, 7, 7, 15, 12, 4, 23, 8, 7, 17, 12, 4, 27, 15, 6, 12, 10, 6, 22, 3, 6, 21, 11, 4, 10, 4, 4, 13, 11, 12, 20, 5, 9, 15, 9, 11, 23, 13, 12, 24, 12, 12, 9, 16, 2, 12, 13, 10, 16, 8, 4, 15, 1, 11, 19, 4, 4, 24, 11, 12, 10, 16, 10, 23, 10, 6, 6, 14, 4, 7, 15, 6, 15, 8, 1, 7, 5, 4, 16, 7, 3, 18, 11, 6, 21, 6, 3, 13, 11, 11, 22, 5, 5, 20, 11, 10, 24, 8, 11, 14, 5, 8, 15, 0, 4, 21, 15, 10, 11, 10, 9, 29, 2, 4, 22, 8, 6, 11, 11, 12, 20, 13, 8, 29, 10, 1, 13, 4, 6, 25, 13, 10, 16, 5, 8, 21, 3, 11, 26, 11, 3, 9, 13, 2, 10, 10, 11, 20, 15, 11, 25, 7, 7, 17, 13, 2, 22, 11, 4, 10, 9, 5, 4, 13, 9, 22, 12, 10, 11, 9, 0, 14, 16, 10, 17, 8, 10, 25, 15, 7, 22, 3, 8, 17, 4, 3, 25, 1, 7, 4, 13, 6, 8, 6, 10, 13, 5, 9, 27, 6, 8, 11, 16, 2, 23, 3, 7, 19, 11, 6, 29, 4, 5, 25, 4, 11, 6, 2, 7, 15, 16, 4, 14, 11, 6, 15, 7, 8, 19, 5, 4, 25, 8, 5, 28, 15, 3, 16, 4, 9, 20, 5, 5, 20, 9, 5, 23, 2, 5, 17, 10, 6, 15, 15, 8, 8, 12, 8, 25, 8, 11, 24, 11, 6, 29, 13, 6, 18, 5, 3, 5, 9, 6, 7, 9, 4, 28, 11, 10, 26, 12, 12, 18, 16, 10, 17, 4, 9, 12, 8, 6, 24, 12, 4, 15, 3, 2, 19, 10, 7, 13, 1, 8, 26, 7, 4, 2, 7, 9, 28, 2, 1, 22, 8, 8, 24, 8, 8, 22, 10, 4, 23, 9, 9, 13, 15, 7, 22, 13, 2, 18, 10, 5, 5, 12, 7, 24, 13, 3, 15, 8, 6, 23, 4, 2, 15, 5, 8, 23, 8, 11, 13, 10, 9, 19, 8, 7, 12, 15, 11, 20, 16, 6, 16, 5, 4, 15, 10, 12, 21, 9, 8, 11, 15, 7, 11, 12, 10, 24, 7, 9, 4, 13, 4, 16, 9, 7, 15, 13, 10, 12, 12, 7, 19, 11, 4, 20, 2, 12, 8, 8, 5, 16, 2, 9, 18, 8, 7, 5, 12, 8, 24, 6, 7, 16, 9, 5, 7, 13, 12, 19, 13, 7, 29, 10, 5, 24, 11, 12, 28, 1, 10, 17, 5, 5, 6, 12, 4, 18, 2, 1, 13, 0, 10, 8, 12, 7, 7, 7, 3, 10, 7, 8, 17, 10, 10, 24, 16, 9, 19, 16, 8, 26, 16, 8, 5, 2, 6, 22, 10, 10, 21, 2, 7, 10, 13, 3, 22, 9, 8, 17, 4, 12, 20, 8, 2, 16, 8, 7, 12, 15, 10, 17, 5, 10, 13, 10, 9, 18, 15, 5, 19, 5, 9, 10, 16, 5, 28, 14, 4, 17, 14, 1, 15, 12, 7, 19, 8, 11, 17, 15, 11, 21, 14, 5, 12, 12, 9, 24, 6, 8, 20, 4, 8, 19, 4, 0, 13, 8, 4, 15, 11, 3, 20, 11, 8, 7, 4, 4, 22, 13, 2, 17, 8, 2, 12, 8, 9, 20, 10, 7, 23, 5, 6, 13, 13, 12, 10, 12, 8, 23, 10, 6, 27, 11, 5, 23, 12, 7, 3, 11, 7, 28, 4, 11, 8, 7, 9, 9, 11, 8, 19, 13, 12, 12, 15, 4, 8, 14, 3, 23, 9, 9, 17, 10, 8, 14, 15, 3, 29, 5, 6, 23, 15, 11, 18, 12, 4, 28, 14, 10, 15, 9, 5, 28, 10, 9, 14, 12, 10, 8, 11, 10, 16, 14, 4, 17, 6, 12, 12, 5, 9, 8, 7, 5, 27, 10, 11, 21, 11, 4, 11, 11, 8, 29, 7, 10, 8, 11, 6, 12, 12, 2, 15, 11, 2, 11, 11, 8, 14, 15, 7, 20, 14, 6, 14, 14, 4, 22, 15, 6, 8, 14, 10, 14, 4, 8, 14, 7, 7, 24, 12, 3, 19, 12, 7, 20, 11, 6, 23, 10, 11, 24, 13, 9, 7, 7, 7, 6, 13, 7, 19, 14, 9, 12, 12, 11, 14, 6, 4, 23, 8, 10, 21, 4, 5, 22, 12, 2, 20, 14, 11, 14, 8, 8, 19, 12, 12, 28, 12, 4, 24, 10, 6, 24, 13, 10, 17, 1, 10, 24, 10, 8, 19, 6, 10, 21, 12, 11, 21, 16, 6, 21, 6, 11, 19, 4, 7, 20, 12, 5, 10, 15, 12, 25, 10, 12, 29, 6, 7, 28, 5, 10, 23, 15, 6, 13, 4, 10, 5, 11, 12, 22, 14, 3, 6, 14, 11, 11, 8, 8, 21, 7, 4, 8, 16, 8, 19, 13, 3, 15, 14, 7, 11, 8, 3, 17, 8, 10, 23, 8, 10, 17, 7, 9, 24, 9, 11, 13, 13, 3, 23, 12, 7, 27, 2, 8, 15, 10, 5, 21, 5, 9, 11, 0, 3, 21, 10, 2, 21, 15, 5, 11, 14, 7, 23, 9, 10, 22, 9, 6, 22, 9, 4, 24, 12, 5, 4, 12, 9, 15, 4, 6, 26, 15, 6, 15, 11, 10, 22, 15, 5, 7, 15, 3, 25, 7, 4, 25, 13, 9, 19, 11, 9, 15, 4, 4, 24, 8, 10, 8, 13, 12, 17, 13, 6, 10, 8, 5, 5, 10, 4, 13, 4, 8, 14, 13, 12, 17, 9, 8, 6, 3, 8, 20, 8, 3, 15, 6, 9, 19, 13, 8, 27, 8, 2, 21, 9, 7, 13, 13, 9, 20, 10, 8, 5, 11, 1, 15, 15, 3, 3, 12, 7, 12, 10, 8, 2, 13, 5, 5, 12, 2, 27, 9, 10, 14, 10, 2, 15, 6, 8, 26, 4, 10, 13, 9, 6, 20, 10, 8, 16, 6, 10, 23, 9, 10, 4, 5, 2, 14, 7, 9, 15, 12, 2, 9, 7, 5, 25, 15, 8, 15, 15, 6, 6, 9, 2, 13, 15, 1, 21, 14, 9, 7, 11, 7, 15, 14, 8, 14, 11, 9, 12, 6, 5, 27, 14, 9, 14, 8, 10, 6, 10, 2, 14, 3, 7, 17, 11, 1, 20, 3, 12, 26, 12, 6, 15, 15, 10, 17, 11, 2, 4, 9, 4, 19, 6, 8, 12, 4, 11, 6, 11, 6, 27, 2, 7, 28, 9, 3, 14, 4, 5, 23, 15, 11, 23, 7, 8, 19, 2, 4, 25, 16, 10, 7, 6, 6, 17, 12, 8, 19, 8, 7, 3, 4, 8, 25, 10, 6, 10, 10, 9, 26, 7, 11, 13, 7, 9, 7, 9, 10, 21, 12, 4, 3, 8, 4, 6, 7, 6, 13, 6, 11, 25, 8, 11, 10, 9, 2, 25, 11, 12, 25, 12, 7, 25, 6, 5, 9, 16, 10, 17, 12, 4, 11, 14, 10, 11, 12, 8, 18, 13, 11, 18, 1, 8, 20, 13, 7, 23, 8, 4, 29, 13, 6, 24, 13, 4, 14, 5, 1, 22, 6, 9, 8, 9, 3, 20, 5, 12, 17, 14, 4, 4, 11, 8, 26, 10, 8, 17, 15, 8, 29, 15, 7, 15, 9, 10, 28, 11, 12, 15, 3, 5, 20, 11, 4, 9, 5, 10, 23, 2, 6, 18, 11, 11, 5, 11, 11, 19, 10, 8, 18, 5, 9, 21, 15, 5, 11, 10, 10, 19, 11, 3, 15, 6, 4, 16, 11, 9, 12, 1, 11, 13, 12, 10, 20, 8, 4, 17, 13, 8, 21, 1, 5, 28, 15, 6, 20, 8, 11, 10, 10, 5, 25, 13, 12, 24, 11, 2, 11, 10, 8, 15, 12, 8, 28, 3, 8, 2, 13, 6, 26, 9, 5, 19, 5, 5, 24, 10, 3, 9, 10, 12, 13, 11, 11, 9, 12, 10, 22, 14, 10, 2, 14, 6, 13, 7, 1, 5, 10, 5, 11, 12, 2, 5, 6, 5, 16, 11, 7, 23, 11, 3, 22, 12, 1, 9, 13, 9, 19, 16, 8, 22, 11, 6, 2, 9, 11, 19, 9, 6, 17, 12, 10, 6, 11, 7, 26, 13, 5, 15, 6, 9, 13, 12, 1, 14, 0, 6, 13, 6, 5, 21, 5, 2, 21, 12, 7, 28, 5, 10, 18, 8, 5, 24, 4, 11, 14, 2, 11, 12, 16, 3, 13, 12, 8, 13, 15, 12, 16, 8, 5, 16, 7, 5, 12, 8, 3, 11, 6, 7, 18, 2, 7, 21, 3, 7, 23, 14, 5, 12, 13, 5, 7, 13, 8, 6, 12, 6, 18, 8, 5, 21, 7, 6, 16, 15, 10, 6, 8, 2, 17, 15, 12, 23, 3, 1, 17, 7, 12, 18, 14, 2, 15, 12, 7, 12, 7, 11, 9, 4, 7, 21, 12, 6, 17, 12, 7, 23, 10, 11, 11, 3, 8, 26, 13, 3, 26, 12, 8, 23, 6, 10, 26, 12, 1, 15, 8, 7, 14, 10, 4, 10, 15, 2, 24, 10, 3, 28, 11, 5, 10, 12, 2, 23, 4, 11, 12, 9, 9, 2, 14, 7, 22, 5, 8, 29, 10, 10, 12, 4, 4, 14, 1, 8, 13, 3, 11, 15, 8, 5, 12, 10, 7, 23, 1, 12, 14, 10, 11, 12, 6, 4, 10, 1, 9, 22, 9, 2, 19, 1, 10, 14, 12, 8, 16, 8, 11, 20, 16, 3, 13, 12, 6, 12, 12, 4, 13, 10, 6, 13, 11, 11, 18, 14, 4, 8, 9, 4, 9, 15, 5, 17, 3, 2, 14, 2, 11, 17, 4, 7, 8, 15, 0, 7, 9, 7, 13, 3, 8, 16, 12, 5, 29, 9, 6, 26, 10, 11, 24, 10, 7, 22, 7, 5, 15, 10, 12, 20, 10, 1, 19, 9, 5, 15, 11, 4, 3, 7, 1, 4, 2, 1, 9, 5, 5, 23, 15, 12, 21, 7, 8, 14, 8, 7, 22, 8, 7, 16, 13, 4, 19, 13, 12, 11, 11, 0, 11, 14, 8, 17, 12, 5, 19, 14, 4, 26, 11, 5, 24, 9, 11, 5, 2, 2, 4, 7, 8, 8, 9, 9, 7, 12, 5, 26, 7, 3, 22, 11, 6, 14, 15, 11, 10, 15, 11, 14, 16, 7, 21, 14, 12, 6, 14, 11, 15, 9, 6, 24, 10, 7, 29, 10, 8, 6, 10, 9, 22, 10, 4, 14, 9, 7, 23, 14, 7, 21, 15, 10, 7, 8, 11, 11, 13, 5, 16, 16, 9, 29, 15, 3, 6, 5, 4, 10, 4, 5, 13, 6, 9, 21, 10, 8, 15, 9, 7, 14, 5, 8, 13, 16, 5, 23, 11, 6, 6, 7, 8, 26, 10, 8, 21, 3, 0, 11, 12, 12, 14, 9, 4, 25, 9, 9, 29, 6, 8, 23, 15, 3, 13, 11, 9, 24, 10, 6, 14, 8, 11, 9, 7, 7, 26, 12, 4, 23, 11, 4, 23, 10, 10, 14, 3, 6, 3, 7, 2, 23, 9, 8, 23, 9, 3, 9, 14, 6, 24, 7, 9, 23, 15, 5, 16, 13, 10, 11, 2, 6, 3, 7, 0, 26, 12, 6, 22, 12, 2, 25, 2, 12, 17, 10, 7, 26, 12, 10, 12, 2, 5, 13, 3, 3, 22, 13, 3, 15, 10, 9, 20, 5, 5, 9, 7, 4, 27, 11, 9, 8, 5, 11, 16, 11, 11, 25, 9, 5, 28, 12, 6, 5, 7, 1, 24, 10, 12, 25, 12, 4, 15, 11, 12, 14, 11, 11, 24, 3, 9, 15, 4, 11, 12, 5, 4, 22, 13, 10, 14, 9, 10, 19, 12, 12, 25, 8, 12, 14, 9, 11, 21, 8, 3, 11, 13, 4, 8, 11, 6, 20, 5, 8, 18, 14, 6, 13, 6, 11, 16, 5, 11, 18, 14, 3, 16, 16, 12, 7, 4, 6, 22, 5, 8, 17, 9, 5, 17, 12, 2, 26, 16, 3, 22, 12, 5, 23, 6, 3, 5, 11, 9, 18, 6, 10, 14, 3, 8, 16, 13, 6, 9, 4, 1, 8, 10, 12, 18, 11, 10, 19, 11, 5, 23, 9, 8, 20, 15, 10, 5, 3, 12, 8, 9, 1, 23, 13, 6, 17, 1, 3, 7, 12, 5, 27, 5, 7, 10, 3, 7, 22, 5, 7, 14, 13, 12, 22, 12, 12, 8, 14, 8, 12, 9, 5, 22, 6, 0, 21, 14, 10, 14, 12, 12, 12, 10, 8, 16, 4, 2, 6, 4, 2, 25, 8, 8, 25, 7, 10, 29, 12, 12, 25, 11, 4, 12, 11, 11, 22, 10, 10, 19, 10, 6, 14, 10, 9, 26, 12, 11, 20, 8, 6, 17, 6, 6, 26, 8, 4, 15, 3, 10, 21, 14, 9, 23, 10, 2, 25, 4, 1, 5, 5, 9, 25, 5, 2, 17, 10, 5, 28, 7, 9, 12, 12, 7, 19, 9, 12, 20, 14, 3, 29, 8, 10, 14, 13, 5, 19, 9, 10, 20, 12, 7, 14, 7, 9, 15, 8, 11, 20, 7, 9, 18, 4, 1, 13, 4, 5, 17, 9, 9, 19, 11, 4, 21, 15, 12, 6, 5, 9, 16, 5, 8, 19, 13, 8, 15, 13, 6, 29, 7, 10, 15, 11, 2, 23, 1, 0, 10, 8, 12, 17, 8, 3, 12, 11, 8, 3, 10, 11, 24, 9, 11, 1, 15, 8, 22, 10, 10, 26, 8, 10, 14, 7, 7, 27, 13, 7, 16, 10, 8, 23, 9, 7, 18, 8, 2, 11, 12, 9, 20, 9, 10, 11, 10, 9, 26, 7, 4, 20, 6, 3, 25, 5, 5, 6, 12, 9, 21, 6, 10, 17, 14, 9, 17, 16, 10, 26, 5, 6, 15, 10, 4, 7, 13, 8, 21, 12, 6, 24, 4, 6, 19, 13, 6, 14, 15, 7, 29, 15, 4, 20, 14, 9, 13, 11, 7, 21, 11, 12, 24, 4, 5, 25, 6, 5, 19, 15, 5, 14, 12, 9, 11, 13, 10, 7, 10, 4, 23, 13, 10, 16, 12, 10, 15, 13, 8, 16, 12, 7, 28, 8, 10, 16, 8, 4, 25, 14, 11, 13, 15, 7, 15, 12, 10, 24, 10, 3, 13, 8, 1, 11, 5, 3, 10, 14, 9, 5, 4, 12, 14, 5, 10, 9, 5, 3, 16, 5, 9, 16, 10, 11, 14, 5, 8, 7, 10, 7, 19, 8, 10, 24, 12, 12, 14, 6, 10, 17, 5, 10, 5, 2, 9, 22, 12, 1, 23, 14, 7, 22, 11, 10, 24, 14, 7, 17, 4, 5, 20, 12, 9, 19, 8, 3, 12, 12, 4, 12, 13, 8, 5, 1, 5, 24, 12, 10, 14, 12, 4, 16, 6, 7, 14, 10, 11, 16, 8, 6, 12, 10, 8, 11, 7, 12, 29, 16, 6, 19, 11, 9, 14, 10, 10, 6, 12, 6, 28, 14, 6, 7, 14, 9, 11, 6, 2, 21, 10, 3, 10, 13, 6, 14, 10, 9, 18, 5, 11, 24, 1, 10, 29, 13, 5, 28, 12, 6, 9, 5, 5, 22, 6, 9, 24, 8, 9, 6, 12, 12, 22, 5, 2, 21, 14, 4, 17, 9, 9, 15, 6, 11, 19, 8, 6, 5, 7, 10, 16, 12, 5, 28, 10, 2, 14, 13, 10, 26, 13, 8, 22, 3, 7, 28, 15, 11, 26, 11, 11, 21, 16, 12, 18, 8, 10, 14, 12, 6, 23, 15, 3, 27, 8, 9, 2, 2, 6, 7, 14, 1, 25, 16, 11, 16, 4, 7, 22, 11, 5, 9, 1, 8, 24, 12, 4, 10, 15, 4, 5, 14, 8, 21, 10, 9, 9, 15, 5, 26, 9, 7, 21, 8, 9, 29, 8, 6, 9, 10, 4, 23, 4, 11, 3, 9, 6, 17, 15, 11, 24, 9, 6, 15, 13, 11, 26, 3, 10, 11, 12, 5, 16, 16, 8, 13, 10, 9, 4, 6, 7, 12, 8, 5, 14, 11, 6, 28, 13, 11, 9, 6, 2, 14, 15, 6, 20, 7, 11, 21, 15, 11, 14, 11, 9, 17, 8, 12, 23, 15, 8, 13, 1, 2, 15, 13, 7, 26, 11, 6, 16, 12, 3, 19, 12, 2, 14, 6, 7, 11, 11, 12, 11, 8, 12, 14, 5, 10, 24, 8, 5, 8, 13, 5, 13, 15, 6, 9, 9, 1, 10, 12, 9, 20, 12, 1, 15, 8, 3, 22, 10, 7, 13, 4, 7, 12, 10, 8, 23, 14, 9, 21, 10, 6, 11, 13, 6, 10, 9, 2, 20, 16, 7, 16, 15, 11, 20, 10, 1, 3, 8, 5, 14, 14, 11, 17, 12, 2, 24, 7, 6, 24, 11, 12, 19, 16, 2, 23, 8, 8, 20, 8, 6, 22, 11, 4, 14, 10, 12, 24, 14, 7, 14, 15, 7, 19, 5, 8, 10, 9, 11, 19, 12, 2, 20, 14, 10, 1, 9, 5, 12, 14, 5, 6, 12, 4, 8, 6, 8, 15, 4, 8, 12, 5, 7, 4, 10, 11, 14, 2, 3, 15, 9, 4, 16, 15, 4, 14, 6, 4, 18, 13, 9, 13, 12, 8, 26, 13, 3, 23, 9, 5, 22, 6, 6, 16, 14, 2, 14, 12, 11, 24, 12, 9, 7, 6, 7, 4, 11, 5, 5, 12, 12, 13, 10, 6, 24, 16, 3, 4, 8, 11, 26, 1, 4, 6, 7, 11, 15, 4, 4, 24, 11, 6, 22, 13, 6, 14, 12, 9, 17, 13, 8, 14, 5, 7, 8, 14, 11, 21, 0, 9, 25, 8, 1, 16, 15, 6, 6, 10, 2, 5, 12, 6, 18, 8, 8, 20, 4, 7, 27, 14, 9, 14, 1, 7, 25, 12, 11, 4, 14, 5, 10, 1, 11, 19, 7, 10, 14, 4, 10, 1, 1, 7, 8, 8, 11, 15, 2, 11, 9, 13, 11, 17, 6, 4, 22, 12, 8, 22, 4, 4, 12, 9, 6, 23, 6, 5, 25, 16, 6, 21, 14, 10, 24, 8, 5, 21, 8, 10, 15, 10, 6, 11, 14, 1, 23, 12, 9, 25, 12, 12, 17, 3, 7, 21, 15, 8, 13, 10, 7, 6, 4, 7, 9, 8, 5, 14, 15, 9, 17, 9, 5, 11, 4, 5, 10, 8, 3, 14, 15, 10, 19, 15, 7, 11, 6, 8, 16, 7, 5, 19, 11, 10, 16, 9, 9, 22, 16, 2, 10, 10, 3, 13, 11, 12, 17, 7, 12, 3, 16, 8, 18, 8, 8, 1, 8, 1, 6, 4, 11, 18, 7, 10, 24, 13, 6, 12, 10, 11, 17, 8, 4, 22, 7, 11, 13, 13, 2, 24, 12, 6, 21, 7, 4, 11, 6, 12, 27, 10, 6, 9, 6, 5, 10, 13, 7, 19, 9, 3, 21, 8, 10, 27, 4, 1, 10, 10, 6, 24, 8, 10, 17, 16, 1, 24, 3, 10, 22, 7, 7, 14, 3, 2, 18, 7, 10, 19, 11, 4, 23, 12, 2, 11, 4, 7, 17, 12, 9, 23, 9, 7, 11, 8, 3, 20, 6, 3, 14, 8, 6, 13, 6, 4, 14, 16, 2, 21, 7, 12, 12, 16, 11, 10, 12, 4, 9, 10, 1, 27, 11, 1, 15, 14, 12, 9, 12, 8, 17, 1, 2, 19, 12, 2, 10, 14, 9, 11, 5, 5, 21, 11, 7, 11, 3, 11, 15, 9, 12, 23, 12, 11, 16, 3, 6, 13, 3, 9, 15, 5, 1, 23, 5, 5, 20, 10, 6, 17, 10, 1, 22, 8, 9, 20, 3, 8, 18, 3, 5, 11, 8, 4, 4, 13, 10, 25, 8, 0, 16, 7, 1, 14, 8, 3, 9, 9, 12, 14, 6, 4, 22, 10, 6, 24, 16, 12, 9, 6, 1, 21, 12, 6, 10, 14, 8, 22, 12, 8, 17, 9, 7, 14, 13, 5, 18, 13, 7, 12, 13, 9, 20, 6, 8, 13, 15, 9, 10, 12, 5, 11, 12, 8, 11, 12, 9, 19, 12, 1, 12, 13, 12, 12, 10, 12, 14, 12, 1, 16, 12, 7, 14, 5, 11, 8, 7, 12, 19, 9, 10, 15, 16, 3, 19, 5, 2, 21, 15, 2, 22, 9, 2, 23, 16, 6, 17, 12, 3, 11, 12, 10, 18, 9, 12, 12, 4, 4, 7, 7, 4, 26, 7, 5, 28, 13, 3, 7, 7, 2, 15, 15, 4, 14, 8, 5, 14, 13, 10, 19, 4, 5, 8, 11, 12, 10, 15, 3, 17, 2, 12, 26, 10, 7, 19, 7, 2, 11, 9, 8, 13, 11, 4, 19, 11, 2, 18, 10, 6, 11, 14, 12, 14, 13, 11, 10, 12, 7, 4, 10, 5, 20, 10, 12, 11, 9, 10, 8, 1, 6, 18, 9, 4, 17, 9, 7, 18, 7, 8, 13, 16, 12, 20, 11, 7, 15, 6, 11, 2, 6, 12, 17, 6, 7, 4, 7, 9, 11, 5, 7, 18, 12, 5, 25, 8, 12, 21, 13, 7, 22, 8, 10, 10, 6, 12, 13, 8, 5, 26, 7, 6, 13, 13, 4, 25, 3, 3, 19, 5, 11, 19, 12, 2, 21, 9, 11, 6, 4, 5, 23, 15, 10, 11, 2, 2, 17, 6, 11, 5, 6, 11, 23, 12, 8, 25, 15, 7, 6, 12, 5, 9, 12, 6, 4, 12, 4, 21, 16, 5, 20, 7, 8, 16, 16, 5, 13, 11, 8, 15, 3, 6, 3, 15, 4, 21, 6, 6, 20, 13, 5, 22, 16, 11, 14, 3, 9, 23, 5, 12, 14, 10, 12, 19, 9, 10, 27, 4, 3, 24, 13, 10, 24, 13, 1, 14, 11, 4, 11, 14, 4, 12, 9, 9, 10, 13, 8, 16, 13, 10, 23, 14, 6, 17, 6, 9, 11, 8, 4, 25, 9, 4, 24, 14, 7, 14, 12, 10, 18, 7, 3, 24, 9, 5, 8, 9, 12, 16, 7, 4, 12, 13, 3, 23, 14, 6, 24, 13, 6, 10, 14, 5, 11, 8, 9, 3, 12, 5, 10, 9, 9, 23, 7, 6, 10, 6, 6, 15, 11, 12, 26, 14, 5, 12, 13, 11, 23, 10, 12, 10, 15, 11, 26, 9, 7, 10, 7, 6, 17, 11, 9, 20, 11, 10, 14, 7, 6, 19, 8, 8, 15, 5, 12, 22, 3, 7, 21, 14, 8, 7, 10, 3, 14, 13, 8, 16, 8, 10, 18, 7, 3, 11, 15, 10, 9, 4, 4, 7, 15, 11, 21, 10, 1, 27, 9, 11, 26, 16, 6, 21, 12, 12, 22, 9, 9, 13, 11, 11, 20, 14, 1, 12, 7, 5, 21, 8, 4, 5, 12, 12, 28, 11, 12, 16, 9, 6, 19, 15, 5, 19, 9, 1, 23, 11, 5, 14, 10, 8, 20, 5, 4, 24, 3, 6, 12, 7, 9, 9, 14, 12, 11, 9, 4, 18, 16, 6, 24, 9, 7, 15, 8, 8, 18, 11, 7, 17, 9, 7, 8, 9, 3, 12, 14, 6, 19, 10, 4, 13, 10, 5, 17, 13, 6, 13, 7, 8, 14, 14, 5, 22, 13, 2, 21, 7, 6, 3, 9, 10, 12, 4, 5, 9, 9, 3, 24, 14, 8, 11, 7, 9, 25, 13, 9, 11, 8, 9, 23, 11, 7, 17, 11, 11, 7, 7, 9, 13, 11, 12, 6, 15, 10, 7, 8, 6, 24, 7, 9, 24, 4, 6, 23, 16, 7, 6, 11, 4, 22, 5, 1, 24, 15, 2, 2, 14, 10, 14, 3, 8, 21, 1, 2, 6, 9, 11, 8, 11, 11, 22, 11, 6, 7, 3, 1, 10, 11, 2, 22, 12, 4], dimension=4503, value=13608.60687626341, stages=0, time=1668.6948399336459}
