2544.1581050869104,2557.665445894654,2561.7697187944996,2547.7009798091203,2534.8182432449653,2532.177152857941,2532.2033279617235,2571.3247680476275,2464.9018969889526,2553.883890150378,
DNSPSO统计信息：
size = 50
iters = 7000
nfes = 350000
sum = 75935.9839880958
min = 2047.9712559215345
max = 2612.1502892092003
mean = 2531.1994662698603
std = 97.30435479369804
totaltime = 27146.152s
avgtime = 904.8717333333333s
最优解：
Particle{, pBest=Solution{id=0, content=[5, 1, 1, 7, 5, 0, 4, 6, 4, 7, 0, 4, 7, 6, 0, 5, 7, 0, 5, 6, 2, 7, 5, 0, 4, 6, 0, 7, 6, 5, 7, 3, 5, 4, 5, 1, 7, 6, 3, 7, 7, 0, 7, 6, 2, 5, 4, 1, 5, 1, 0, 5, 6, 1, 5, 0, 1, 5, 7, 0, 4, 6, 2, 3, 5, 4, 7, 1, 0, 7, 5, 0, 2, 5, 1, 6, 5, 0, 7, 4, 2, 6, 7, 3, 7, 5, 4, 5, 1, 0, 7, 4, 1, 7, 5, 5, 7, 1, 0, 4, 6, 5, 6, 6, 2, 7, 1, 5, 4, 7, 3, 7, 6, 5, 5, 2, 3, 6, 6, 3, 5, 2, 4, 5, 7, 3, 7, 4, 2, 7, 6, 2, 6, 1, 3, 4, 6, 2, 7, 6, 2, 4, 1, 4, 7, 5, 0, 6, 6, 0, 7, 1, 5, 7, 3, 5, 4, 6, 3, 7, 2, 1, 4, 5, 1, 7, 2, 3, 6, 7, 5, 7, 5, 1, 2, 6, 0, 7, 4, 2, 6, 6, 0, 7, 6, 1, 7, 3, 2, 7, 2, 3, 7, 0, 1, 7, 1, 2, 6, 7, 2, 4, 6, 3, 4, 5, 2, 5, 6, 2, 7, 7, 4, 5, 2, 4, 2, 6, 0, 2, 6, 1, 7, 6, 2, 7, 4, 0, 7, 0, 2, 7, 3, 4, 7, 1, 4, 3, 6, 4, 6, 5, 2, 7, 6, 4, 3, 2, 0, 2, 3, 1, 6, 7, 1, 7, 4, 5, 7, 3, 1, 5, 6, 3, 7, 6, 4, 7, 5, 3, 3, 5, 2, 5, 4, 2, 7, 2, 5, 4, 2, 3, 5, 6, 4, 5, 3, 0, 3, 7, 3, 5, 2, 0, 4, 6, 3, 7, 3, 0, 3, 5, 1, 7, 4, 3, 5, 6, 2, 7, 7, 2, 6, 4, 2, 6, 5, 0, 7, 6, 4, 7, 6, 3, 6, 6, 2, 7, 4, 3, 3, 5, 2, 7, 4, 4, 6, 5, 1, 7, 4, 1, 7, 4, 1, 7, 6, 0, 2, 6, 0, 7, 7, 4, 7, 3, 0, 5, 6, 0, 5, 7, 5, 7, 7, 3, 7, 6, 3, 7, 5, 0, 7, 6, 4, 7, 0, 0, 7, 2, 4, 7, 5, 2, 7, 2, 4, 6, 6, 0, 1, 5, 0, 7, 3, 2, 7, 2, 4, 7, 6, 4, 7, 5, 3, 1, 6, 4, 7, 6, 1, 7, 1, 4, 7, 6, 2, 7, 1, 2, 7, 1, 0, 4, 7, 3, 7, 7, 0, 7, 5, 5, 6, 5, 4, 7, 7, 2, 5, 5, 1, 7, 5, 4, 5, 1, 2, 5, 3, 4, 7, 1, 1, 4, 1, 3, 6, 2, 3, 4, 4, 4, 6, 6, 2, 7, 6, 1, 5, 5, 1, 7, 7, 0, 10, 5, 5, 7, 5, 0, 7, 7, 3, 7, 4, 1, 7, 6, 0, 7, 5, 3, 7, 6, 1, 7, 7, 3, 7, 6, 0, 6, 4, 3, 7, 5, 2, 4, 2, 0, 4, 6, 1, 7, 1, 1, 7, 2, 3, 7, 4, 0, 7, 4, 5, 7, 6, 1, 7, 7, 2, 4, 6, 4, 5, 3, 2, 6, 6, 0, 7, 3, 4, 7, 6, 1, 3, 6, 0, 2, 6, 3, 7, 5, 0, 7, 2, 2, 7, 6, 0, 7, 7, 1, 7, 5, 0, 7, 5, 5, 7, 6, 1, 3, 3, 3, 6, 5, 1, 7, 1, 1, 5, 4, 4, 7, 5, 2, 5, 3, 3, 7, 6, 3, 7, 5, 5, 2, 4, 1, 7, 6, 2, 7, 5, 5, 3, 5, 5, 6, 0, 4, 7, 1, 1, 7, 7, 3, 7, 1, 5, 6, 5, 1, 7, 4, 5, 6, 1, 4, 7, 7, 3, 7, 6, 2, 7, 7, 5, 2, 5, 4, 5, 4, 2, 5, 1, 4, 7, 6, 1, 7, 2, 2, 6, 5, 4, 1, 3, 2, 7, 4, 4, 7, 1, 4, 4, 4, 3, 7, 4, 3, 7, 6, 0, 4, 4, 5, 3, 7, 1, 2, 1, 1, 7, 5, 5, 7, 4, 3, 5, 6, 4, 3, 4, 3, 7, 6, 5, 7, 0, 1, 7, 0, 5, 7, 2, 5, 2, 4, 2, 5, 7, 2, 7, 1, 1, 7, 4, 2, 7, 6, 1, 4, 2, 3, 4, 6, 2, 6, 1, 0, 7, 6, 5, 6, 6, 5, 7, 5, 3, 7, 5, 1, 1, 2, 4, 7, 5, 5, 5, 6, 3, 7, 6, 2, 7, 6, 4, 5, 2, 2, 4, 4, 0, 5, 5, 4, 7, 2, 4, 4, 2, 0, 6, 2, 4, 7, 6, 4, 7, 7, 5, 5, 6, 2, 7, 2, 2, 4, 1, 0, 5, 1, 1, 7, 3, 3, 7, 6, 5, 7, 1, 4, 7, 4, 3, 6, 5, 3, 6, 6, 1, 7, 3, 1, 5, 6, 3, 5, 6, 1, 7, 7, 4, 4, 3, 4, 7, 5, 2, 2, 3, 4, 7, 3, 1, 7, 3, 4, 7, 6, 0, 4, 7, 4, 7, 0, 0, 7, 5, 5, 7, 4, 0, 2, 1, 0, 7, 4, 0, 7, 6, 1, 7, 5, 0, 4, 7, 0, 6, 6, 2, 7, 5, 0, 7, 7, 5, 7, 6, 0, 5, 6, 2, 7, 7, 1, 7, 5, 5, 7, 7, 0, 6, 2, 0, 3, 5, 2, 7, 3, 2, 7, 5, 0, 3, 1, 0, 3, 5, 3, 7, 1, 2, 2, 3, 2, 7, 3, 5, 7, 3, 0, 5, 5, 1, 2, 2, 4, 7, 7, 0, 7, 1, 2, 7, 2, 1, 7, 3, 3, 7, 5, 0, 7, 3, 0, 5, 5, 0, 5, 4, 3, 2, 5, 4, 7, 5, 4, 7, 1, 3, 7, 2, 2, 7, 5, 0, 7, 6, 4, 7, 3, 0, 7, 3, 5, 3, 3, 1, 7, 6, 3, 6, 5, 2, 5, 6, 5, 7, 2, 5, 7, 4, 5, 7, 2, 5, 5, 6, 2, 3, 5, 0, 7, 5, 1, 4, 7, 0, 7, 6, 1, 7, 5, 0, 7, 6, 3, 7, 3, 4, 7, 3, 5, 5, 6, 4, 7, 1, 1, 7, 3, 1, 7, 3, 0, 7, 5, 0, 7, 1, 5, 7, 6, 5, 6, 4, 2, 7, 4, 4, 3, 1, 2, 6, 6, 2, 5, 2, 3, 2, 6, 1, 7, 6, 0, 6, 4, 4, 6, 5, 5, 7, 1, 1, 7, 6, 0, 7, 1, 3, 7, 5, 4, 1, 1, 5, 7, 7, 1, 5, 3, 0, 6, 1, 3, 6, 6, 2, 7, 6, 3, 7, 7, 5, 4, 5, 5, 7, 7, 2, 6, 6, 5, 3, 1, 5, 3, 6, 0, 3, 2, 5, 7, 6, 5, 7, 7, 2, 4, 7, 2, 3, 5, 3, 3, 5, 2, 7, 6, 2, 6, 3, 4, 7, 4, 4, 5, 5, 4, 1, 4, 3, 7, 6, 5, 7, 5, 1, 7, 7, 5, 7, 6, 5, 7, 1, 0, 7, 6, 4, 7, 6, 5, 6, 2, 2, 7, 5, 5, 5, 2, 0, 3, 6, 0, 7, 3, 1, 7, 6, 1, 7, 2, 5, 7, 5, 0, 5, 5, 0, 3, 5, 5, 7, 7, 0, 7, 7, 4, 7, 1, 5, 7, 6, 1, 3, 5, 3, 2, 6, 3, 7, 5, 5, 7, 3, 3, 7, 5, 0, 7, 2, 1, 4, 1, 5, 4, 5, 4, 2, 4, 0, 7, 2, 4, 7, 0, 4, 6, 5, 3, 5, 5, 5, 4, 5, 1, 5, 2, 5, 7, 6, 1, 7, 7, 0, 7, 4, 1, 4, 0, 3, 7, 5, 5, 7, 7, 2, 7, 4, 2, 7, 5, 4, 7, 7, 3, 7, 5, 5, 7, 7, 3, 7, 6, 0, 2, 1, 0, 7, 6, 1, 7, 6, 4, 7, 5, 3, 7, 2, 4, 7, 3, 4, 7, 4, 5, 4, 7, 2, 7, 3, 5, 7, 5, 5, 7, 5, 5, 2, 5, 0, 7, 4, 1, 7, 1, 0, 7, 4, 5, 7, 4, 4, 5, 6, 2, 5, 6, 5, 6, 7, 1, 2, 6, 4, 7, 2, 0, 7, 5, 3, 7, 3, 3, 6, 6, 1, 6, 3, 2, 7, 0, 0, 6, 7, 0, 7, 1, 5, 7, 1, 1, 7, 2, 0, 7, 7, 1, 6, 6, 3, 7, 6, 4, 6, 6, 4, 7, 2, 3, 5, 1, 1, 5, 4, 3, 5, 6, 0, 3, 7, 2, 6, 1, 5, 7, 6, 2, 7, 6, 3, 7, 4, 0, 7, 1, 4, 7, 3, 1, 5, 6, 0, 7, 7, 0, 7, 7, 0, 5, 3, 3, 6, 5, 4, 2, 7, 3, 7, 7, 2, 7, 2, 3, 7, 5, 1, 6, 1, 0, 7, 5, 4, 7, 3, 0, 7, 0, 1, 6, 5, 0, 5, 7, 5, 7, 6, 1, 7, 6, 4, 7, 7, 1, 2, 4, 0, 7, 6, 5, 7, 5, 0, 4, 0, 3, 5, 1, 3, 7, 6, 2, 3, 6, 1, 5, 6, 2, 7, 4, 0, 7, 5, 1, 7, 0, 4, 7, 5, 5, 3, 5, 1, 5, 3, 2, 7, 4, 0, 2, 6, 2, 4, 4, 4, 5, 3, 0, 7, 5, 2, 7, 2, 0, 4, 6, 0, 6, 4, 1, 7, 3, 2, 7, 6, 2, 4, 5, 3, 7, 4, 3, 5, 6, 4, 5, 5, 0, 6, 6, 3, 7, 7, 0, 5, 7, 3, 7, 5, 5, 6, 6, 0, 7, 5, 2, 7, 6, 4, 7, 5, 5, 7, 2, 3, 7, 2, 4, 7, 7, 5, 5, 3, 1, 7, 3, 2, 7, 4, 3, 7, 6, 3, 7, 5, 1, 7, 2, 5, 7, 7, 3, 7, 5, 4, 7, 7, 4, 7, 4, 2, 7, 5, 1, 2, 5, 4, 7, 3, 3, 7, 7, 2, 5, 2, 4, 5, 3, 0, 4, 7, 2, 7, 3, 1, 2, 6, 0, 7, 1, 0, 1, 6, 4, 7, 0, 4, 3, 6, 4, 7, 4, 3, 2, 2, 0, 7, 6, 5, 7, 4, 3, 7, 5, 3, 3, 6, 1, 7, 7, 2, 3, 5, 4, 3, 1, 0, 3, 7, 0, 5, 0, 4, 7, 1, 3, 5, 6, 0, 7, 1, 5, 7, 5, 1, 5, 2, 0, 7, 3, 2, 1, 5, 5, 3, 3, 0, 7, 3, 4, 7, 6, 2, 4, 6, 4, 7, 2, 0, 7, 2, 3, 3, 6, 4, 5, 7, 5, 7, 5, 2, 2, 3, 0, 7, 4, 1, 4, 5, 0, 7, 5, 3, 4, 7, 1, 5, 7, 4, 7, 1, 1, 7, 5, 1, 7, 0, 4, 7, 1, 2, 7, 4, 3, 6, 6, 1, 7, 4, 0, 5, 6, 1, 3, 5, 5, 5, 4, 5, 4, 0, 5, 7, 6, 4, 3, 1, 2, 7, 6, 4, 6, 4, 0, 1, 0, 4, 7, 5, 0, 6, 3, 2, 1, 6, 2, 7, 6, 3, 5, 6, 5, 7, 3, 4, 6, 1, 0, 3, 6, 0, 7, 6, 0, 3, 1, 5, 7, 3, 4, 3, 6, 1, 3, 6, 2, 2, 6, 1, 7, 1, 4, 7, 2, 1, 7, 7, 1, 7, 5, 5, 4, 6, 5, 7, 1, 0, 7, 2, 5, 7, 5, 2, 7, 7, 4, 7, 3, 2, 7, 6, 1, 7, 1, 3, 7, 3, 2, 6, 5, 4, 5, 7, 2, 4, 7, 0, 1, 7, 5, 3, 7, 2, 6, 2, 3, 2, 5, 0, 6, 5, 5, 7, 1, 1, 7, 5, 0, 7, 4, 1, 7, 7, 5, 5, 5, 5, 7, 6, 4, 1, 7, 0, 7, 1, 2, 2, 1, 3, 6, 6, 1, 7, 7, 4, 7, 6, 1, 4, 7, 1, 7, 2, 5, 6, 2, 2, 5, 1, 3, 2, 3, 1, 7, 6, 3, 3, 6, 5, 6, 7, 0, 3, 3, 4, 6, 1, 0, 7, 5, 0, 7, 4, 4, 5, 2, 3, 7, 7, 0, 7, 5, 1, 7, 5, 3, 5, 7, 0, 7, 6, 1, 5, 6, 3, 7, 2, 5, 7, 1, 3, 5, 7, 1, 7, 3, 4, 7, 3, 3, 6, 7, 2, 3, 1, 3, 7, 5, 4, 7, 3, 3, 7, 7, 4, 7, 4, 5, 7, 6, 2, 7, 7, 2, 7, 1, 2, 4, 5, 3, 5, 1, 4, 3, 3, 1, 7, 7, 2, 3, 1, 4, 7, 6, 1, 6, 6, 0, 4, 3, 0, 7, 6, 5, 5, 5, 5, 7, 4, 0, 7, 7, 2, 7, 4, 0, 7, 6, 0, 7, 2, 0, 7, 2, 5, 7, 2, 5, 6, 2, 0, 7, 0, 1, 5, 2, 2, 7, 3, 5, 7, 3, 1, 7, 1, 1, 7, 0, 3, 7, 6, 0, 7, 1, 2, 7, 3, 0, 1, 7, 3, 3, 7, 2, 2, 6, 0, 7, 5, 2, 7, 7, 1, 7, 6, 2, 7, 6, 0, 7, 1, 2, 1, 6, 5, 7, 6, 0, 4, 1, 3, 7, 4, 3, 7, 5, 0, 7, 5, 1, 7, 6, 5, 4, 4, 2, 6, 6, 2, 7, 3, 4, 7, 4, 3, 3, 7, 4, 7, 7, 5, 7, 6, 5, 7, 5, 3, 7, 7, 0, 3, 7, 5, 6, 7, 0, 7, 5, 5, 5, 1, 0, 5, 4, 5, 7, 5, 4, 7, 3, 4, 7, 5, 3], dimension=0, value=2612.1502892092003, stages=0, time=0.0}Solution{id=9, content=[5, 1, 1, 7, 5, 0, 4, 6, 4, 7, 0, 4, 7, 6, 0, 5, 7, 0, 5, 6, 2, 7, 5, 0, 4, 6, 0, 7, 6, 5, 7, 3, 5, 4, 5, 1, 7, 6, 3, 7, 7, 0, 7, 6, 2, 5, 4, 1, 5, 1, 0, 5, 6, 1, 5, 0, 1, 5, 7, 0, 4, 6, 2, 3, 5, 4, 7, 1, 0, 7, 5, 0, 2, 5, 1, 6, 5, 0, 7, 4, 2, 6, 7, 3, 7, 5, 4, 5, 1, 0, 7, 4, 1, 7, 5, 5, 7, 1, 0, 4, 6, 5, 6, 6, 2, 7, 1, 5, 4, 7, 3, 7, 6, 5, 5, 2, 3, 6, 6, 3, 5, 2, 4, 5, 7, 3, 7, 4, 2, 7, 6, 2, 6, 1, 3, 4, 6, 2, 7, 6, 2, 4, 1, 4, 7, 5, 0, 6, 6, 0, 7, 1, 5, 7, 3, 5, 4, 6, 3, 7, 2, 1, 4, 5, 1, 7, 2, 3, 6, 7, 5, 7, 5, 1, 2, 6, 0, 7, 4, 2, 6, 6, 0, 7, 6, 1, 7, 3, 2, 7, 2, 3, 7, 0, 1, 7, 1, 2, 6, 7, 2, 4, 6, 3, 4, 5, 2, 5, 6, 2, 7, 7, 4, 5, 2, 4, 2, 6, 0, 2, 6, 1, 7, 6, 2, 7, 4, 0, 7, 0, 2, 7, 3, 4, 7, 1, 4, 3, 6, 4, 6, 5, 2, 7, 6, 4, 3, 2, 0, 2, 3, 1, 6, 7, 1, 7, 4, 5, 7, 3, 1, 5, 6, 3, 7, 6, 4, 7, 5, 3, 3, 5, 2, 5, 4, 2, 7, 2, 5, 4, 2, 3, 5, 6, 4, 5, 3, 0, 3, 7, 3, 5, 2, 0, 4, 6, 3, 7, 3, 0, 3, 5, 1, 7, 4, 3, 5, 6, 2, 7, 7, 2, 6, 4, 2, 6, 5, 0, 7, 6, 4, 7, 6, 3, 6, 6, 2, 7, 4, 3, 3, 5, 2, 7, 4, 4, 6, 5, 1, 7, 4, 1, 7, 4, 1, 7, 6, 0, 2, 6, 0, 7, 7, 4, 7, 3, 0, 5, 6, 0, 5, 7, 5, 7, 7, 3, 7, 6, 3, 7, 5, 0, 7, 6, 4, 7, 0, 0, 7, 2, 4, 7, 5, 2, 7, 2, 4, 6, 6, 0, 1, 5, 0, 7, 3, 2, 7, 2, 4, 7, 6, 4, 7, 5, 3, 1, 6, 4, 7, 6, 1, 7, 1, 4, 7, 6, 2, 7, 1, 2, 7, 1, 0, 4, 7, 3, 7, 7, 0, 7, 5, 5, 6, 5, 4, 7, 7, 2, 5, 5, 1, 7, 5, 4, 5, 1, 2, 5, 3, 4, 7, 1, 1, 4, 1, 3, 6, 2, 3, 4, 4, 4, 6, 6, 2, 7, 6, 1, 5, 5, 1, 7, 7, 0, 10, 5, 5, 7, 5, 0, 7, 7, 3, 7, 4, 1, 7, 6, 0, 7, 5, 3, 7, 6, 1, 7, 7, 3, 7, 6, 0, 6, 4, 3, 7, 5, 2, 4, 2, 0, 4, 6, 1, 7, 1, 1, 7, 2, 3, 7, 4, 0, 7, 4, 5, 7, 6, 1, 7, 7, 2, 4, 6, 4, 5, 3, 2, 6, 6, 0, 7, 3, 4, 7, 6, 1, 3, 6, 0, 2, 6, 3, 7, 5, 0, 7, 2, 2, 7, 6, 0, 7, 7, 1, 7, 5, 0, 7, 5, 5, 7, 6, 1, 3, 3, 3, 6, 5, 1, 7, 1, 1, 5, 4, 4, 7, 5, 2, 5, 3, 3, 7, 6, 3, 7, 5, 5, 2, 4, 1, 7, 6, 2, 7, 5, 5, 3, 5, 5, 6, 0, 4, 7, 1, 1, 7, 7, 3, 7, 1, 5, 6, 5, 1, 7, 4, 5, 6, 1, 4, 7, 7, 3, 7, 6, 2, 7, 7, 5, 2, 5, 4, 5, 4, 2, 5, 1, 4, 7, 6, 1, 7, 2, 2, 6, 5, 4, 1, 3, 2, 7, 4, 4, 7, 1, 4, 4, 4, 3, 7, 4, 3, 7, 6, 0, 4, 4, 5, 3, 7, 1, 2, 1, 1, 7, 5, 5, 7, 4, 3, 5, 6, 4, 3, 4, 3, 7, 6, 5, 7, 0, 1, 7, 0, 5, 7, 2, 5, 2, 4, 2, 5, 7, 2, 7, 1, 1, 7, 4, 2, 7, 6, 1, 4, 2, 3, 4, 6, 2, 6, 1, 0, 7, 6, 5, 6, 6, 5, 7, 5, 3, 7, 5, 1, 1, 2, 4, 7, 5, 5, 5, 6, 3, 7, 6, 2, 7, 6, 4, 5, 2, 2, 4, 4, 0, 5, 5, 4, 7, 2, 4, 4, 2, 0, 6, 2, 4, 7, 6, 4, 7, 7, 5, 5, 6, 2, 7, 2, 2, 4, 1, 0, 5, 1, 1, 7, 3, 3, 7, 6, 5, 7, 1, 4, 7, 4, 3, 6, 5, 3, 6, 6, 1, 7, 3, 1, 5, 6, 3, 5, 6, 1, 7, 7, 4, 4, 3, 4, 7, 5, 2, 2, 3, 4, 7, 3, 1, 7, 3, 4, 7, 6, 0, 4, 7, 4, 7, 0, 0, 7, 5, 5, 7, 4, 0, 2, 1, 0, 7, 4, 0, 7, 6, 1, 7, 5, 0, 4, 7, 0, 6, 6, 2, 7, 5, 0, 7, 7, 5, 7, 6, 0, 5, 6, 2, 7, 7, 1, 7, 5, 5, 7, 7, 0, 6, 2, 0, 3, 5, 2, 7, 3, 2, 7, 5, 0, 3, 1, 0, 3, 5, 3, 7, 1, 2, 2, 3, 2, 7, 3, 5, 7, 3, 0, 5, 5, 1, 2, 2, 4, 7, 7, 0, 7, 1, 2, 7, 2, 1, 7, 3, 3, 7, 5, 0, 7, 3, 0, 5, 5, 0, 5, 4, 3, 2, 5, 4, 7, 5, 4, 7, 1, 3, 7, 2, 2, 7, 5, 0, 7, 6, 4, 7, 3, 0, 7, 3, 5, 3, 3, 1, 7, 6, 3, 6, 5, 2, 5, 6, 5, 7, 2, 5, 7, 4, 5, 7, 2, 5, 5, 6, 2, 3, 5, 0, 7, 5, 1, 4, 7, 0, 7, 6, 1, 7, 5, 0, 7, 6, 3, 7, 3, 4, 7, 3, 5, 5, 6, 4, 7, 1, 1, 7, 3, 1, 7, 3, 0, 7, 5, 0, 7, 1, 5, 7, 6, 5, 6, 4, 2, 7, 4, 4, 3, 1, 2, 6, 6, 2, 5, 2, 3, 2, 6, 1, 7, 6, 0, 6, 4, 4, 6, 5, 5, 7, 1, 1, 7, 6, 0, 7, 1, 3, 7, 5, 4, 1, 1, 5, 7, 7, 1, 5, 3, 0, 6, 1, 3, 6, 6, 2, 7, 6, 3, 7, 7, 5, 4, 5, 5, 7, 7, 2, 6, 6, 5, 3, 1, 5, 3, 6, 0, 3, 2, 5, 7, 6, 5, 7, 7, 2, 4, 7, 2, 3, 5, 3, 3, 5, 2, 7, 6, 2, 6, 3, 4, 7, 4, 4, 5, 5, 4, 1, 4, 3, 7, 6, 5, 7, 5, 1, 7, 7, 5, 7, 6, 5, 7, 1, 0, 7, 6, 4, 7, 6, 5, 6, 2, 2, 7, 5, 5, 5, 2, 0, 3, 6, 0, 7, 3, 1, 7, 6, 1, 7, 2, 5, 7, 5, 0, 5, 5, 0, 3, 5, 5, 7, 7, 0, 7, 7, 4, 7, 1, 5, 7, 6, 1, 3, 5, 3, 2, 6, 3, 7, 5, 5, 7, 3, 3, 7, 5, 0, 7, 2, 1, 4, 1, 5, 4, 5, 4, 2, 4, 0, 7, 2, 4, 7, 0, 4, 6, 5, 3, 5, 5, 5, 4, 5, 1, 5, 2, 5, 7, 6, 1, 7, 7, 0, 7, 4, 1, 4, 0, 3, 7, 5, 5, 7, 7, 2, 7, 4, 2, 7, 5, 4, 7, 7, 3, 7, 5, 5, 7, 7, 3, 7, 6, 0, 2, 1, 0, 7, 6, 1, 7, 6, 4, 7, 5, 3, 7, 2, 4, 7, 3, 4, 7, 4, 5, 4, 7, 2, 7, 3, 5, 7, 5, 5, 7, 5, 5, 2, 5, 0, 7, 4, 1, 7, 1, 0, 7, 4, 5, 7, 4, 4, 5, 6, 2, 5, 6, 5, 6, 7, 1, 2, 6, 4, 7, 2, 0, 7, 5, 3, 7, 3, 3, 6, 6, 1, 6, 3, 2, 7, 0, 0, 6, 7, 0, 7, 1, 5, 7, 1, 1, 7, 2, 0, 7, 7, 1, 6, 6, 3, 7, 6, 4, 6, 6, 4, 7, 2, 3, 5, 1, 1, 5, 4, 3, 5, 6, 0, 3, 7, 2, 6, 1, 5, 7, 6, 2, 7, 6, 3, 7, 4, 0, 7, 1, 4, 7, 3, 1, 5, 6, 0, 7, 7, 0, 7, 7, 0, 5, 3, 3, 6, 5, 4, 2, 7, 3, 7, 7, 2, 7, 2, 3, 7, 5, 1, 6, 1, 0, 7, 5, 4, 7, 3, 0, 7, 0, 1, 6, 5, 0, 5, 7, 5, 7, 6, 1, 7, 6, 4, 7, 7, 1, 2, 4, 0, 7, 6, 5, 7, 5, 0, 4, 0, 3, 5, 1, 3, 7, 6, 2, 3, 6, 1, 5, 6, 2, 7, 4, 0, 7, 5, 1, 7, 0, 4, 7, 5, 5, 3, 5, 1, 5, 3, 2, 7, 4, 0, 2, 6, 2, 4, 4, 4, 5, 3, 0, 7, 5, 2, 7, 2, 0, 4, 6, 0, 6, 4, 1, 7, 3, 2, 7, 6, 2, 4, 5, 3, 7, 4, 3, 5, 6, 4, 5, 5, 0, 6, 6, 3, 7, 7, 0, 5, 7, 3, 7, 5, 5, 6, 6, 0, 7, 5, 2, 7, 6, 4, 7, 5, 5, 7, 2, 3, 7, 2, 4, 7, 7, 5, 5, 3, 1, 7, 3, 2, 7, 4, 3, 7, 6, 3, 7, 5, 1, 7, 2, 5, 7, 7, 3, 7, 5, 4, 7, 7, 4, 7, 4, 2, 7, 5, 1, 2, 5, 4, 7, 3, 3, 7, 7, 2, 5, 2, 4, 5, 3, 0, 4, 7, 2, 7, 3, 1, 2, 6, 0, 7, 1, 0, 1, 6, 4, 7, 0, 4, 3, 6, 4, 7, 4, 3, 2, 2, 0, 7, 6, 5, 7, 4, 3, 7, 5, 3, 3, 6, 1, 7, 7, 2, 3, 5, 4, 3, 1, 0, 3, 7, 0, 5, 0, 4, 7, 1, 3, 5, 6, 0, 7, 1, 5, 7, 5, 1, 5, 2, 0, 7, 3, 2, 1, 5, 5, 3, 3, 0, 7, 3, 4, 7, 6, 2, 4, 6, 4, 7, 2, 0, 7, 2, 3, 3, 6, 4, 5, 7, 5, 7, 5, 2, 2, 3, 0, 7, 4, 1, 4, 5, 0, 7, 5, 3, 4, 7, 1, 5, 7, 4, 7, 1, 1, 7, 5, 1, 7, 0, 4, 7, 1, 2, 7, 4, 3, 6, 6, 1, 7, 4, 0, 5, 6, 1, 3, 5, 5, 5, 4, 5, 4, 0, 5, 7, 6, 4, 3, 1, 2, 7, 6, 4, 6, 4, 0, 1, 0, 4, 7, 5, 0, 6, 3, 2, 1, 6, 2, 7, 6, 3, 5, 6, 5, 7, 3, 4, 6, 1, 0, 3, 6, 0, 7, 6, 0, 3, 1, 5, 7, 3, 4, 3, 6, 1, 3, 6, 2, 2, 6, 1, 7, 1, 4, 7, 2, 1, 7, 7, 1, 7, 5, 5, 4, 6, 5, 7, 1, 0, 7, 2, 5, 7, 5, 2, 7, 7, 4, 7, 3, 2, 7, 6, 1, 7, 1, 3, 7, 3, 2, 6, 5, 4, 5, 7, 2, 4, 7, 0, 1, 7, 5, 3, 7, 2, 6, 2, 3, 2, 5, 0, 6, 5, 5, 7, 1, 1, 7, 5, 0, 7, 4, 1, 7, 7, 5, 5, 5, 5, 7, 6, 4, 1, 7, 0, 7, 1, 2, 2, 1, 3, 6, 6, 1, 7, 7, 4, 7, 6, 1, 4, 7, 1, 7, 2, 5, 6, 2, 2, 5, 1, 3, 2, 3, 1, 7, 6, 3, 3, 6, 5, 6, 7, 0, 3, 3, 4, 6, 1, 0, 7, 5, 0, 7, 4, 4, 5, 2, 3, 7, 7, 0, 7, 5, 1, 7, 5, 3, 5, 7, 0, 7, 6, 1, 5, 6, 3, 7, 2, 5, 7, 1, 3, 5, 7, 1, 7, 3, 4, 7, 3, 3, 6, 7, 2, 3, 1, 3, 7, 5, 4, 7, 3, 3, 7, 7, 4, 7, 4, 5, 7, 6, 2, 7, 7, 2, 7, 1, 2, 4, 5, 3, 5, 1, 4, 3, 3, 1, 7, 7, 2, 3, 1, 4, 7, 6, 1, 6, 6, 0, 4, 3, 0, 7, 6, 5, 5, 5, 5, 7, 4, 0, 7, 7, 2, 7, 4, 0, 7, 6, 0, 7, 2, 0, 7, 2, 5, 7, 2, 5, 6, 2, 0, 7, 0, 1, 5, 2, 2, 7, 3, 5, 7, 3, 1, 7, 1, 1, 7, 0, 3, 7, 6, 0, 7, 1, 2, 7, 3, 0, 1, 7, 3, 3, 7, 2, 2, 6, 0, 7, 5, 2, 7, 7, 1, 7, 6, 2, 7, 6, 0, 7, 1, 2, 1, 6, 5, 7, 6, 0, 4, 1, 3, 7, 4, 3, 7, 5, 0, 7, 5, 1, 7, 6, 5, 4, 4, 2, 6, 6, 2, 7, 3, 4, 7, 4, 3, 3, 7, 4, 7, 7, 5, 7, 6, 5, 7, 5, 3, 7, 7, 0, 3, 7, 5, 6, 7, 0, 7, 5, 5, 5, 1, 0, 5, 4, 5, 7, 5, 4, 7, 3, 4, 7, 5, 3], dimension=2238, value=2612.1502892092003, stages=0, time=1239.8341697323199}} 
最差解：
Particle{, pBest=Solution{id=0, content=[3, 7, 0, 1, 7, 3, 17, 10, 3, 7, 3, 4, 9, 8, 3, 17, 3, 5, 1, 6, 0, 18, 10, 3, 2, 0, 0, 6, 4, 0, 4, 4, 0, 2, 2, 2, 12, 2, 5, 6, 3, 0, 4, 0, 2, 15, 3, 2, 2, 2, 5, 4, 10, 3, 10, 6, 3, 15, 2, 0, 16, 7, 1, 11, 5, 1, 11, 7, 2, 4, 3, 2, 16, 10, 1, 18, 7, 0, 12, 9, 4, 1, 9, 4, 3, 10, 1, 4, 2, 0, 10, 1, 1, 2, 4, 5, 1, 0, 0, 16, 3, 2, 10, 4, 3, 3, 4, 3, 14, 5, 1, 15, 10, 0, 14, 9, 1, 14, 6, 3, 14, 4, 3, 4, 10, 2, 6, 9, 1, 12, 3, 3, 8, 1, 0, 4, 3, 0, 13, 6, 3, 15, 3, 0, 4, 0, 2, 5, 0, 5, 3, 1, 1, 3, 7, 2, 1, 9, 4, 8, 10, 2, 14, 2, 0, 9, 10, 5, 8, 1, 5, 3, 2, 5, 17, 9, 5, 8, 10, 0, 14, 8, 1, 4, 6, 5, 5, 2, 2, 6, 3, 3, 9, 8, 4, 14, 9, 4, 16, 0, 0, 10, 8, 4, 9, 5, 2, 4, 8, 2, 13, 1, 1, 6, 2, 0, 8, 0, 1, 9, 8, 2, 14, 6, 4, 15, 7, 4, 15, 3, 4, 18, 6, 3, 10, 4, 3, 2, 9, 4, 15, 4, 5, 1, 1, 4, 16, 0, 2, 10, 9, 5, 16, 1, 5, 18, 0, 1, 7, 10, 1, 2, 2, 5, 16, 0, 5, 17, 8, 1, 5, 3, 3, 17, 6, 5, 12, 10, 0, 2, 0, 2, 9, 9, 1, 4, 7, 0, 14, 3, 1, 1, 0, 5, 9, 8, 1, 10, 0, 1, 9, 7, 0, 5, 6, 2, 15, 3, 4, 1, 6, 0, 5, 4, 0, 1, 7, 0, 11, 2, 0, 4, 10, 1, 5, 7, 0, 17, 0, 1, 12, 0, 1, 7, 3, 3, 3, 3, 3, 6, 0, 4, 5, 8, 1, 17, 7, 5, 5, 7, 4, 4, 0, 5, 14, 10, 4, 4, 6, 5, 13, 9, 2, 2, 2, 3, 4, 10, 2, 16, 6, 1, 11, 9, 0, 6, 4, 0, 14, 3, 3, 8, 5, 4, 7, 9, 5, 17, 7, 0, 15, 1, 1, 16, 7, 3, 13, 1, 0, 5, 3, 4, 6, 7, 3, 8, 0, 1, 18, 2, 4, 1, 10, 0, 5, 2, 4, 8, 9, 4, 11, 4, 2, 6, 4, 2, 4, 4, 5, 7, 2, 2, 9, 4, 3, 10, 6, 2, 2, 7, 3, 12, 6, 3, 17, 7, 1, 13, 1, 4, 1, 8, 5, 5, 8, 5, 14, 7, 3, 15, 6, 3, 18, 7, 1, 3, 8, 2, 6, 4, 5, 11, 4, 0, 8, 3, 2, 5, 5, 4, 13, 4, 0, 11, 5, 4, 10, 7, 3, 16, 9, 4, 3, 2, 4, 2, 2, 2, 4, 5, 5, 9, 0, 0, 16, 0, 0, 11, 4, 0, 13, 7, 5, 7, 10, 0, 17, 5, 1, 1, 10, 2, 4, 7, 0, 6, 3, 5, 16, 2, 3, 15, 7, 4, 10, 2, 3, 7, 6, 1, 11, 9, 3, 14, 0, 0, 11, 8, 4, 3, 1, 4, 18, 1, 2, 9, 0, 2, 10, 2, 2, 13, 5, 3, 16, 10, 4, 8, 5, 0, 4, 0, 5, 16, 1, 3, 5, 0, 0, 9, 4, 1, 16, 3, 2, 18, 2, 4, 13, 3, 2, 11, 7, 4, 11, 9, 2, 1, 1, 4, 3, 3, 1, 15, 3, 4, 15, 1, 0, 11, 10, 4, 1, 0, 1, 13, 3, 3, 9, 7, 4, 11, 9, 1, 1, 6, 1, 16, 5, 2, 18, 6, 5, 13, 3, 1, 11, 5, 0, 16, 6, 4, 9, 3, 1, 4, 8, 2, 7, 0, 0, 16, 10, 2, 15, 5, 0, 5, 10, 0, 17, 6, 4, 9, 8, 3, 11, 7, 2, 5, 9, 0, 16, 2, 0, 15, 5, 0, 11, 1, 5, 3, 1, 1, 11, 5, 0, 6, 1, 1, 13, 8, 5, 1, 3, 1, 7, 9, 5, 7, 9, 4, 17, 5, 4, 14, 10, 0, 13, 8, 0, 5, 8, 0, 5, 9, 5, 13, 2, 2, 3, 2, 2, 1, 2, 3, 16, 0, 2, 18, 6, 5, 3, 10, 2, 14, 6, 0, 7, 1, 3, 15, 7, 5, 3, 9, 5, 10, 4, 4, 1, 9, 5, 5, 8, 3, 2, 5, 3, 7, 8, 2, 10, 4, 0, 11, 6, 0, 10, 6, 2, 15, 4, 0, 7, 7, 5, 11, 7, 1, 17, 0, 0, 13, 3, 3, 14, 8, 1, 10, 8, 1, 13, 0, 0, 9, 8, 0, 2, 0, 0, 3, 6, 0, 3, 8, 1, 10, 6, 4, 12, 4, 1, 6, 5, 0, 11, 3, 3, 4, 6, 5, 10, 6, 2, 6, 10, 3, 18, 2, 1, 5, 3, 0, 1, 5, 2, 16, 9, 2, 7, 5, 0, 18, 10, 5, 10, 6, 4, 15, 3, 0, 12, 2, 1, 16, 1, 0, 5, 0, 3, 1, 1, 5, 18, 6, 4, 15, 8, 5, 5, 10, 1, 12, 4, 5, 6, 8, 0, 10, 1, 2, 9, 5, 4, 18, 0, 3, 10, 5, 5, 1, 1, 3, 1, 2, 5, 9, 2, 4, 11, 0, 1, 9, 7, 3, 7, 0, 0, 7, 3, 1, 4, 9, 2, 8, 9, 2, 17, 8, 5, 5, 2, 0, 3, 0, 2, 3, 2, 4, 12, 5, 3, 17, 2, 0, 7, 1, 0, 16, 7, 2, 8, 1, 5, 17, 4, 3, 11, 4, 1, 11, 4, 1, 4, 6, 3, 10, 7, 4, 10, 4, 1, 8, 5, 2, 11, 6, 4, 9, 3, 5, 11, 3, 1, 11, 8, 3, 8, 10, 1, 17, 7, 3, 17, 7, 5, 6, 5, 4, 10, 6, 0, 15, 0, 0, 5, 7, 4, 9, 7, 1, 11, 3, 4, 7, 3, 2, 7, 6, 3, 6, 10, 4, 9, 2, 2, 17, 10, 2, 4, 9, 0, 1, 4, 3, 9, 3, 5, 7, 10, 5, 2, 10, 3, 1, 8, 0, 2, 8, 1, 17, 6, 3, 1, 6, 1, 10, 0, 1, 2, 2, 4, 2, 4, 2, 5, 7, 0, 7, 7, 2, 1, 4, 5, 16, 5, 4, 14, 0, 5, 7, 6, 0, 4, 0, 4, 5, 9, 5, 9, 1, 0, 16, 1, 2, 11, 8, 0, 1, 1, 5, 15, 3, 0, 5, 0, 0, 13, 5, 5, 18, 1, 1, 7, 10, 3, 18, 10, 2, 18, 5, 5, 7, 2, 5, 12, 7, 1, 6, 2, 5, 16, 7, 0, 13, 5, 2, 10, 7, 1, 10, 0, 5, 5, 3, 0, 16, 4, 4, 4, 2, 3, 1, 4, 4, 12, 6, 4, 5, 8, 3, 13, 2, 0, 2, 0, 5, 14, 10, 1, 1, 10, 3, 3, 9, 2, 8, 5, 5, 8, 6, 3, 17, 6, 1, 7, 10, 1, 15, 6, 4, 1, 1, 2, 15, 1, 1, 13, 9, 2, 11, 8, 0, 11, 8, 5, 11, 3, 3, 11, 4, 3, 11, 6, 5, 15, 4, 4, 16, 2, 5, 2, 2, 0, 16, 2, 2, 16, 8, 1, 9, 1, 0, 8, 5, 3, 10, 4, 3, 15, 8, 5, 2, 9, 0, 12, 8, 2, 9, 3, 3, 15, 4, 3, 6, 8, 0, 9, 3, 1, 18, 4, 4, 5, 5, 1, 14, 6, 3, 18, 0, 0, 7, 5, 5, 16, 6, 2, 1, 9, 4, 6, 0, 5, 4, 5, 2, 2, 8, 3, 7, 2, 0, 15, 10, 4, 6, 5, 0, 17, 2, 2, 5, 4, 2, 10, 10, 5, 11, 6, 2, 9, 5, 4, 12, 10, 4, 18, 10, 3, 18, 2, 5, 2, 0, 5, 6, 1, 4, 2, 8, 0, 4, 4, 1, 4, 4, 5, 9, 8, 5, 8, 8, 5, 2, 8, 2, 1, 8, 1, 7, 3, 5, 8, 10, 3, 16, 0, 4, 14, 2, 5, 9, 9, 1, 2, 4, 2, 5, 3, 4, 17, 0, 3, 9, 8, 0, 14, 3, 2, 10, 0, 4, 13, 0, 1, 11, 10, 4, 1, 5, 4, 17, 2, 1, 6, 4, 0, 11, 5, 0, 17, 4, 0, 12, 8, 1, 8, 1, 0, 13, 10, 1, 1, 7, 0, 14, 6, 4, 14, 7, 0, 15, 8, 3, 7, 9, 2, 2, 0, 3, 7, 3, 1, 10, 5, 3, 9, 3, 0, 13, 2, 5, 8, 5, 0, 14, 1, 3, 5, 6, 2, 18, 4, 0, 1, 7, 0, 4, 5, 1, 15, 4, 1, 17, 10, 0, 18, 8, 4, 6, 9, 4, 13, 9, 4, 1, 2, 2, 10, 6, 1, 6, 9, 3, 15, 6, 5, 12, 5, 2, 1, 2, 1, 1, 7, 0, 9, 7, 1, 15, 4, 3, 8, 3, 3, 1, 7, 4, 8, 4, 4, 8, 4, 3, 10, 8, 0, 13, 9, 4, 4, 9, 0, 9, 6, 5, 9, 5, 4, 3, 3, 1, 9, 0, 1, 10, 3, 3, 9, 0, 2, 13, 7, 0, 17, 10, 0, 11, 10, 0, 14, 5, 2, 13, 5, 4, 11, 8, 5, 11, 4, 4, 3, 10, 5, 9, 4, 5, 8, 9, 4, 12, 5, 2, 13, 4, 1, 10, 8, 0, 13, 2, 0, 8, 2, 5, 13, 6, 1, 10, 5, 2, 4, 4, 4, 16, 1, 2, 10, 2, 0, 4, 1, 1, 15, 10, 5, 14, 9, 5, 5, 6, 5, 11, 5, 5, 12, 3, 1, 1, 4, 5, 2, 3, 5, 6, 10, 1, 15, 2, 4, 13, 8, 0, 7, 5, 1, 18, 9, 5, 11, 5, 1, 5, 10, 5, 4, 2, 3, 15, 8, 4, 7, 10, 5, 18, 5, 4, 4, 5, 4, 9, 3, 4, 9, 6, 3, 1, 0, 1, 13, 5, 5, 1, 8, 5, 16, 2, 1, 16, 8, 2, 12, 7, 0, 5, 10, 5, 1, 2, 2, 1, 9, 1, 7, 7, 2, 9, 7, 4, 7, 4, 0, 18, 8, 0, 2, 7, 5, 15, 0, 1, 6, 8, 3, 12, 1, 0, 14, 2, 5, 8, 1, 4, 4, 6, 0, 18, 1, 0, 18, 4, 0, 9, 4, 5, 12, 2, 2, 9, 5, 2, 4, 9, 4, 9, 4, 5, 5, 3, 3, 6, 1, 0, 16, 1, 3, 11, 5, 5, 11, 7, 5, 10, 10, 2, 9, 4, 0, 16, 3, 0, 16, 2, 2, 3, 0, 3, 6, 2, 0, 10, 5, 5, 16, 9, 1, 2, 10, 5, 5, 5, 4, 10, 6, 1, 16, 2, 0, 3, 10, 4, 3, 4, 0, 17, 0, 5, 9, 4, 2, 18, 5, 1, 9, 0, 0, 7, 3, 5, 10, 8, 4, 14, 2, 2, 8, 1, 5, 18, 10, 2, 7, 6, 3, 12, 1, 3, 12, 7, 1, 12, 3, 2, 16, 6, 3, 17, 6, 0, 4, 5, 0, 1, 2, 3, 6, 10, 3, 6, 1, 5, 13, 5, 4, 1, 2, 3, 10, 8, 4, 6, 6, 5, 2, 1, 2, 2, 9, 4, 10, 3, 1, 7, 2, 0, 16, 5, 0, 15, 1, 2, 12, 0, 5, 5, 5, 2, 11, 3, 2, 4, 8, 0, 2, 1, 5, 15, 7, 3, 8, 9, 5, 9, 6, 3, 18, 5, 0, 11, 2, 4, 6, 3, 3, 11, 9, 1, 5, 2, 5, 1, 2, 1, 18, 9, 4, 14, 6, 3, 16, 5, 2, 11, 8, 4, 12, 3, 1, 13, 10, 4, 13, 6, 0, 3, 0, 3, 13, 10, 5, 15, 8, 4, 4, 10, 4, 18, 7, 1, 14, 9, 4, 1, 0, 0, 7, 3, 4, 17, 9, 2, 15, 10, 1, 3, 9, 2, 15, 7, 3, 11, 6, 0, 17, 1, 0, 14, 0, 3, 2, 8, 1, 8, 10, 0, 18, 2, 0, 1, 2, 3, 8, 4, 4, 10, 0, 0, 7, 6, 2, 14, 5, 5, 13, 6, 1, 4, 3, 5, 15, 3, 4, 7, 5, 1, 13, 0, 4, 9, 3, 5, 8, 8, 4, 10, 6, 0, 10, 6, 0, 16, 4, 2, 16, 9, 2, 18, 10, 0, 11, 1, 1, 16, 7, 2, 7, 7, 5, 8, 10, 2, 18, 4, 4, 13, 8, 1, 2, 3, 1, 16, 0, 1, 7, 8, 0, 8, 7, 0, 1, 6, 3, 11, 5, 0, 18, 2, 0, 13, 9, 3, 5, 4, 4, 13, 0, 1, 18, 9, 5, 12, 3, 5, 7, 8, 3, 11, 5, 1, 8, 1, 5, 10, 0, 3, 11, 5, 2, 7, 7, 4, 5, 5, 2, 9, 0, 0, 17, 5, 4, 5, 6, 2, 4, 0, 3, 12, 0, 5, 6, 0, 4, 18, 3, 1, 13, 7, 0, 4, 0, 2, 6, 0, 0, 3, 8, 2, 10, 2, 5, 3, 5, 1, 11, 7, 5, 15, 2, 3, 18, 5, 3, 17, 7, 1, 17, 0, 1, 3, 10, 2, 4, 2, 1, 12, 10, 1, 15, 4, 2, 3, 9, 2, 8, 8, 0, 8, 2, 5, 9, 0, 2, 12, 7, 2, 17, 8, 2, 1, 0, 2, 16, 7, 3, 14, 9, 4, 16, 9, 4, 18, 0, 5, 12, 5, 1, 13, 6, 3, 6, 2, 4, 4, 6, 1], dimension=0, value=2047.9712559215345, stages=0, time=0.0}Solution{id=21, content=[3, 7, 0, 1, 7, 3, 17, 10, 3, 7, 3, 4, 9, 8, 3, 17, 3, 5, 1, 6, 0, 18, 10, 3, 2, 0, 0, 6, 4, 0, 4, 4, 0, 2, 2, 2, 12, 2, 5, 6, 3, 0, 4, 0, 2, 15, 3, 2, 2, 2, 5, 4, 10, 3, 10, 6, 3, 15, 2, 0, 16, 7, 1, 11, 5, 1, 11, 7, 2, 4, 3, 2, 16, 10, 1, 18, 7, 0, 12, 9, 4, 1, 9, 4, 3, 10, 1, 4, 2, 0, 10, 1, 1, 2, 4, 5, 1, 0, 0, 16, 3, 2, 10, 4, 3, 3, 4, 3, 14, 5, 1, 15, 10, 0, 14, 9, 1, 14, 6, 3, 14, 4, 3, 4, 10, 2, 6, 9, 1, 12, 3, 3, 8, 1, 0, 4, 3, 0, 13, 6, 3, 15, 3, 0, 4, 0, 2, 5, 0, 5, 3, 1, 1, 3, 7, 2, 1, 9, 4, 8, 10, 2, 14, 2, 0, 9, 10, 5, 8, 1, 5, 3, 2, 5, 17, 9, 5, 8, 10, 0, 14, 8, 1, 4, 6, 5, 5, 2, 2, 6, 3, 3, 9, 8, 4, 14, 9, 4, 16, 0, 0, 10, 8, 4, 9, 5, 2, 4, 8, 2, 13, 1, 1, 6, 2, 0, 8, 0, 1, 9, 8, 2, 14, 6, 4, 15, 7, 4, 15, 3, 4, 18, 6, 3, 10, 4, 3, 2, 9, 4, 15, 4, 5, 1, 1, 4, 16, 0, 2, 10, 9, 5, 16, 1, 5, 18, 0, 1, 7, 10, 1, 2, 2, 5, 16, 0, 5, 17, 8, 1, 5, 3, 3, 17, 6, 5, 12, 10, 0, 2, 0, 2, 9, 9, 1, 4, 7, 0, 14, 3, 1, 1, 0, 5, 9, 8, 1, 10, 0, 1, 9, 7, 0, 5, 6, 2, 15, 3, 4, 1, 6, 0, 5, 4, 0, 1, 7, 0, 11, 2, 0, 4, 10, 1, 5, 7, 0, 17, 0, 1, 12, 0, 1, 7, 3, 3, 3, 3, 3, 6, 0, 4, 5, 8, 1, 17, 7, 5, 5, 7, 4, 4, 0, 5, 14, 10, 4, 4, 6, 5, 13, 9, 2, 2, 2, 3, 4, 10, 2, 16, 6, 1, 11, 9, 0, 6, 4, 0, 14, 3, 3, 8, 5, 4, 7, 9, 5, 17, 7, 0, 15, 1, 1, 16, 7, 3, 13, 1, 0, 5, 3, 4, 6, 7, 3, 8, 0, 1, 18, 2, 4, 1, 10, 0, 5, 2, 4, 8, 9, 4, 11, 4, 2, 6, 4, 2, 4, 4, 5, 7, 2, 2, 9, 4, 3, 10, 6, 2, 2, 7, 3, 12, 6, 3, 17, 7, 1, 13, 1, 4, 1, 8, 5, 5, 8, 5, 14, 7, 3, 15, 6, 3, 18, 7, 1, 3, 8, 2, 6, 4, 5, 11, 4, 0, 8, 3, 2, 5, 5, 4, 13, 4, 0, 11, 5, 4, 10, 7, 3, 16, 9, 4, 3, 2, 4, 2, 2, 2, 4, 5, 5, 9, 0, 0, 16, 0, 0, 11, 4, 0, 13, 7, 5, 7, 10, 0, 17, 5, 1, 1, 10, 2, 4, 7, 0, 6, 3, 5, 16, 2, 3, 15, 7, 4, 10, 2, 3, 7, 6, 1, 11, 9, 3, 14, 0, 0, 11, 8, 4, 3, 1, 4, 18, 1, 2, 9, 0, 2, 10, 2, 2, 13, 5, 3, 16, 10, 4, 8, 5, 0, 4, 0, 5, 16, 1, 3, 5, 0, 0, 9, 4, 1, 16, 3, 2, 18, 2, 4, 13, 3, 2, 11, 7, 4, 11, 9, 2, 1, 1, 4, 3, 3, 1, 15, 3, 4, 15, 1, 0, 11, 10, 4, 1, 0, 1, 13, 3, 3, 9, 7, 4, 11, 9, 1, 1, 6, 1, 16, 5, 2, 18, 6, 5, 13, 3, 1, 11, 5, 0, 16, 6, 4, 9, 3, 1, 4, 8, 2, 7, 0, 0, 16, 10, 2, 15, 5, 0, 5, 10, 0, 17, 6, 4, 9, 8, 3, 11, 7, 2, 5, 9, 0, 16, 2, 0, 15, 5, 0, 11, 1, 5, 3, 1, 1, 11, 5, 0, 6, 1, 1, 13, 8, 5, 1, 3, 1, 7, 9, 5, 7, 9, 4, 17, 5, 4, 14, 10, 0, 13, 8, 0, 5, 8, 0, 5, 9, 5, 13, 2, 2, 3, 2, 2, 1, 2, 3, 16, 0, 2, 18, 6, 5, 3, 10, 2, 14, 6, 0, 7, 1, 3, 15, 7, 5, 3, 9, 5, 10, 4, 4, 1, 9, 5, 5, 8, 3, 2, 5, 3, 7, 8, 2, 10, 4, 0, 11, 6, 0, 10, 6, 2, 15, 4, 0, 7, 7, 5, 11, 7, 1, 17, 0, 0, 13, 3, 3, 14, 8, 1, 10, 8, 1, 13, 0, 0, 9, 8, 0, 2, 0, 0, 3, 6, 0, 3, 8, 1, 10, 6, 4, 12, 4, 1, 6, 5, 0, 11, 3, 3, 4, 6, 5, 10, 6, 2, 6, 10, 3, 18, 2, 1, 5, 3, 0, 1, 5, 2, 16, 9, 2, 7, 5, 0, 18, 10, 5, 10, 6, 4, 15, 3, 0, 12, 2, 1, 16, 1, 0, 5, 0, 3, 1, 1, 5, 18, 6, 4, 15, 8, 5, 5, 10, 1, 12, 4, 5, 6, 8, 0, 10, 1, 2, 9, 5, 4, 18, 0, 3, 10, 5, 5, 1, 1, 3, 1, 2, 5, 9, 2, 4, 11, 0, 1, 9, 7, 3, 7, 0, 0, 7, 3, 1, 4, 9, 2, 8, 9, 2, 17, 8, 5, 5, 2, 0, 3, 0, 2, 3, 2, 4, 12, 5, 3, 17, 2, 0, 7, 1, 0, 16, 7, 2, 8, 1, 5, 17, 4, 3, 11, 4, 1, 11, 4, 1, 4, 6, 3, 10, 7, 4, 10, 4, 1, 8, 5, 2, 11, 6, 4, 9, 3, 5, 11, 3, 1, 11, 8, 3, 8, 10, 1, 17, 7, 3, 17, 7, 5, 6, 5, 4, 10, 6, 0, 15, 0, 0, 5, 7, 4, 9, 7, 1, 11, 3, 4, 7, 3, 2, 7, 6, 3, 6, 10, 4, 9, 2, 2, 17, 10, 2, 4, 9, 0, 1, 4, 3, 9, 3, 5, 7, 10, 5, 2, 10, 3, 1, 8, 0, 2, 8, 1, 17, 6, 3, 1, 6, 1, 10, 0, 1, 2, 2, 4, 2, 4, 2, 5, 7, 0, 7, 7, 2, 1, 4, 5, 16, 5, 4, 14, 0, 5, 7, 6, 0, 4, 0, 4, 5, 9, 5, 9, 1, 0, 16, 1, 2, 11, 8, 0, 1, 1, 5, 15, 3, 0, 5, 0, 0, 13, 5, 5, 18, 1, 1, 7, 10, 3, 18, 10, 2, 18, 5, 5, 7, 2, 5, 12, 7, 1, 6, 2, 5, 16, 7, 0, 13, 5, 2, 10, 7, 1, 10, 0, 5, 5, 3, 0, 16, 4, 4, 4, 2, 3, 1, 4, 4, 12, 6, 4, 5, 8, 3, 13, 2, 0, 2, 0, 5, 14, 10, 1, 1, 10, 3, 3, 9, 2, 8, 5, 5, 8, 6, 3, 17, 6, 1, 7, 10, 1, 15, 6, 4, 1, 1, 2, 15, 1, 1, 13, 9, 2, 11, 8, 0, 11, 8, 5, 11, 3, 3, 11, 4, 3, 11, 6, 5, 15, 4, 4, 16, 2, 5, 2, 2, 0, 16, 2, 2, 16, 8, 1, 9, 1, 0, 8, 5, 3, 10, 4, 3, 15, 8, 5, 2, 9, 0, 12, 8, 2, 9, 3, 3, 15, 4, 3, 6, 8, 0, 9, 3, 1, 18, 4, 4, 5, 5, 1, 14, 6, 3, 18, 0, 0, 7, 5, 5, 16, 6, 2, 1, 9, 4, 6, 0, 5, 4, 5, 2, 2, 8, 3, 7, 2, 0, 15, 10, 4, 6, 5, 0, 17, 2, 2, 5, 4, 2, 10, 10, 5, 11, 6, 2, 9, 5, 4, 12, 10, 4, 18, 10, 3, 18, 2, 5, 2, 0, 5, 6, 1, 4, 2, 8, 0, 4, 4, 1, 4, 4, 5, 9, 8, 5, 8, 8, 5, 2, 8, 2, 1, 8, 1, 7, 3, 5, 8, 10, 3, 16, 0, 4, 14, 2, 5, 9, 9, 1, 2, 4, 2, 5, 3, 4, 17, 0, 3, 9, 8, 0, 14, 3, 2, 10, 0, 4, 13, 0, 1, 11, 10, 4, 1, 5, 4, 17, 2, 1, 6, 4, 0, 11, 5, 0, 17, 4, 0, 12, 8, 1, 8, 1, 0, 13, 10, 1, 1, 7, 0, 14, 6, 4, 14, 7, 0, 15, 8, 3, 7, 9, 2, 2, 0, 3, 7, 3, 1, 10, 5, 3, 9, 3, 0, 13, 2, 5, 8, 5, 0, 14, 1, 3, 5, 6, 2, 18, 4, 0, 1, 7, 0, 4, 5, 1, 15, 4, 1, 17, 10, 0, 18, 8, 4, 6, 9, 4, 13, 9, 4, 1, 2, 2, 10, 6, 1, 6, 9, 3, 15, 6, 5, 12, 5, 2, 1, 2, 1, 1, 7, 0, 9, 7, 1, 15, 4, 3, 8, 3, 3, 1, 7, 4, 8, 4, 4, 8, 4, 3, 10, 8, 0, 13, 9, 4, 4, 9, 0, 9, 6, 5, 9, 5, 4, 3, 3, 1, 9, 0, 1, 10, 3, 3, 9, 0, 2, 13, 7, 0, 17, 10, 0, 11, 10, 0, 14, 5, 2, 13, 5, 4, 11, 8, 5, 11, 4, 4, 3, 10, 5, 9, 4, 5, 8, 9, 4, 12, 5, 2, 13, 4, 1, 10, 8, 0, 13, 2, 0, 8, 2, 5, 13, 6, 1, 10, 5, 2, 4, 4, 4, 16, 1, 2, 10, 2, 0, 4, 1, 1, 15, 10, 5, 14, 9, 5, 5, 6, 5, 11, 5, 5, 12, 3, 1, 1, 4, 5, 2, 3, 5, 6, 10, 1, 15, 2, 4, 13, 8, 0, 7, 5, 1, 18, 9, 5, 11, 5, 1, 5, 10, 5, 4, 2, 3, 15, 8, 4, 7, 10, 5, 18, 5, 4, 4, 5, 4, 9, 3, 4, 9, 6, 3, 1, 0, 1, 13, 5, 5, 1, 8, 5, 16, 2, 1, 16, 8, 2, 12, 7, 0, 5, 10, 5, 1, 2, 2, 1, 9, 1, 7, 7, 2, 9, 7, 4, 7, 4, 0, 18, 8, 0, 2, 7, 5, 15, 0, 1, 6, 8, 3, 12, 1, 0, 14, 2, 5, 8, 1, 4, 4, 6, 0, 18, 1, 0, 18, 4, 0, 9, 4, 5, 12, 2, 2, 9, 5, 2, 4, 9, 4, 9, 4, 5, 5, 3, 3, 6, 1, 0, 16, 1, 3, 11, 5, 5, 11, 7, 5, 10, 10, 2, 9, 4, 0, 16, 3, 0, 16, 2, 2, 3, 0, 3, 6, 2, 0, 10, 5, 5, 16, 9, 1, 2, 10, 5, 5, 5, 4, 10, 6, 1, 16, 2, 0, 3, 10, 4, 3, 4, 0, 17, 0, 5, 9, 4, 2, 18, 5, 1, 9, 0, 0, 7, 3, 5, 10, 8, 4, 14, 2, 2, 8, 1, 5, 18, 10, 2, 7, 6, 3, 12, 1, 3, 12, 7, 1, 12, 3, 2, 16, 6, 3, 17, 6, 0, 4, 5, 0, 1, 2, 3, 6, 10, 3, 6, 1, 5, 13, 5, 4, 1, 2, 3, 10, 8, 4, 6, 6, 5, 2, 1, 2, 2, 9, 4, 10, 3, 1, 7, 2, 0, 16, 5, 0, 15, 1, 2, 12, 0, 5, 5, 5, 2, 11, 3, 2, 4, 8, 0, 2, 1, 5, 15, 7, 3, 8, 9, 5, 9, 6, 3, 18, 5, 0, 11, 2, 4, 6, 3, 3, 11, 9, 1, 5, 2, 5, 1, 2, 1, 18, 9, 4, 14, 6, 3, 16, 5, 2, 11, 8, 4, 12, 3, 1, 13, 10, 4, 13, 6, 0, 3, 0, 3, 13, 10, 5, 15, 8, 4, 4, 10, 4, 18, 7, 1, 14, 9, 4, 1, 0, 0, 7, 3, 4, 17, 9, 2, 15, 10, 1, 3, 9, 2, 15, 7, 3, 11, 6, 0, 17, 1, 0, 14, 0, 3, 2, 8, 1, 8, 10, 0, 18, 2, 0, 1, 2, 3, 8, 4, 4, 10, 0, 0, 7, 6, 2, 14, 5, 5, 13, 6, 1, 4, 3, 5, 15, 3, 4, 7, 5, 1, 13, 0, 4, 9, 3, 5, 8, 8, 4, 10, 6, 0, 10, 6, 0, 16, 4, 2, 16, 9, 2, 18, 10, 0, 11, 1, 1, 16, 7, 2, 7, 7, 5, 8, 10, 2, 18, 4, 4, 13, 8, 1, 2, 3, 1, 16, 0, 1, 7, 8, 0, 8, 7, 0, 1, 6, 3, 11, 5, 0, 18, 2, 0, 13, 9, 3, 5, 4, 4, 13, 0, 1, 18, 9, 5, 12, 3, 5, 7, 8, 3, 11, 5, 1, 8, 1, 5, 10, 0, 3, 11, 5, 2, 7, 7, 4, 5, 5, 2, 9, 0, 0, 17, 5, 4, 5, 6, 2, 4, 0, 3, 12, 0, 5, 6, 0, 4, 18, 3, 1, 13, 7, 0, 4, 0, 2, 6, 0, 0, 3, 8, 2, 10, 2, 5, 3, 5, 1, 11, 7, 5, 15, 2, 3, 18, 5, 3, 17, 7, 1, 17, 0, 1, 3, 10, 2, 4, 2, 1, 12, 10, 1, 15, 4, 2, 3, 9, 2, 8, 8, 0, 8, 2, 5, 9, 0, 2, 12, 7, 2, 17, 8, 2, 1, 0, 2, 16, 7, 3, 14, 9, 4, 16, 9, 4, 18, 0, 5, 12, 5, 1, 13, 6, 3, 6, 2, 4, 4, 6, 1], dimension=2238, value=2047.9712559215345, stages=0, time=1254.8617111653568}} 
