0.59658256 0.74882512 0.55909425 0.64899814 0.48285405 0.97625960 0.30919065 0.89492336 0.95648982 0.35856191 0.51564020 0.29136129 0.98846681 0.42517979 0.82085346 0.07705706 0.57973315 0.92801634 0.41988141 0.72072621 0.15533609 0.88035387 0.97976295 0.66978742
0.12429205 0.29799564 0.96999098 0.72991722 0.58057091 0.00984390 0.04011378 0.06032078 0.88716846 0.89829582 0.86271524 0.40340149 0.93309222 0.45425379 0.42349375 0.83255131 0.18218796 0.58721046 0.08488639 0.99807297 0.24308540 0.21778220 0.87566139 0.57878379
0.58114289 0.29822987 0.36612876 0.40564056 0.16612335 0.55591905 0.17709510 0.51376346 0.30343411 0.43533612 0.64041527 0.20052626 0.63211600 0.42619097 0.37997081 0.01991926 0.28936756 0.20830061 0.61413020 0.52718006 0.53924285 0.81836255 0.79422412 0.50272685
0.74226185 0.34939045 0.78829452 0.33071749 0.40302479 0.53049916 0.19535291 0.18509717 0.17452310 0.90288954 0.53261024 0.68478606 0.12069098 0.20729818 0.97661717 0.71969758 0.24284338 0.02884110 0.05897962 0.22056727 0.26099784 0.70709415 0.21829200 0.74811089
0.90767890 0.01241743 0.39215593 0.91081969 0.53965560 0.11394478 0.89662998 0.78573951 0.70216415 0.92032351 0.68518162 0.71287025 0.39051914 0.96120371 0.70518940 0.06136009 0.14561855 0.59564047 0.47727050 0.82445913 0.79269928 0.48298626 0.21118431 0.19023538
0.58680136 0.93251524 0.74179005 0.55634518 0.76375064 0.95993455 0.31951297 0.80968974 0.01207155 0.62210268 0.82199975 0.07557776 0.17909249 0.47568817 0.26712062 0.55605387 0.60360874 0.81116644 0.60220246 0.52334122 0.82781870 0.65046671 0.62035308 0.01188567
0.08285123 0.36474458 0.51196431 0.26127857 0.86505312 0.16817030 0.99795720 0.50237322 0.12430773 0.67428666 0.21105988 0.25020036 0.07100666 0.16340449 0.49238474 0.86982601 0.37489886 0.20266799 0.05279856 0.81508488 0.57689220 0.78483571 0.01205541 0.60516092
0.86398465 0.20748782 0.67338872 0.30027641 0.96785375 0.50128352 0.01723600 0.96528910 0.83923427 0.33405726 0.30499550 0.36878719 0.92306595 0.96695593 0.37219119 0.95530974 0.31349440 0.01948355 0.66014888 0.94960991 0.80316025 0.51223404 0.28626270 0.30441760
0.85781237 0.89925662 0.48515797 0.08694643 0.84513399 0.57641232 0.56653290 0.81442984 0.42577022 0.65774458 0.13018802 0.19525950 0.87489875 0.64880055 0.65472920 0.70983889 0.24428618 0.01400385 0.73365615 0.47405332 0.69762388 0.53459393 0.17102529 0.86829742
0.05603965 0.78431069 0.86860224 0.48628945 0.57603194 0.01191758 0.93739571 0.06044165 0.24867596 0.21282013 0.74869125 0.15434412 0.45680184 0.19645133 0.70317984 0.57795937 0.65594706 0.01175854 0.34150292 0.67741342 0.85523633 0.18004176 0.04551162 0.87880871
0.06594470 0.80255623 0.98676553 0.12427244 0.55834977 0.75970688 0.16727128 0.12849423 0.72158201 0.89932609 0.36718970 0.70529458 0.55653253 0.32344031 0.56521520 0.76630617 0.34847981 0.62609487 0.92955848 0.97763753 0.86394847 0.20922111 0.79094032 0.47542950
0.49541419 0.60919300 0.10373003 0.48750185 0.13782145 0.10363533 0.77733937 0.18582875 0.22248105 0.73620939 0.91720928 0.60336865 0.25676722 0.29651558 0.45320277 0.98881506 0.42213446 0.72291745 0.85294456 0.54412246 0.26832709 0.85800493 0.61862410 0.09220146
0.30825466 0.47957859 0.04800557 0.85596571 0.36585943 0.05445161 0.30386475 0.19495297 0.85840214 0.71802923 0.18079911 0.84203080 0.80494533 0.56954012 0.08433458 0.91023740 0.24441391 0.49095797 0.64447840 0.69859629 0.91946471 0.34706572 0.07434426 0.11578338
0.53649855 0.60477883 0.85420274 0.36181338 0.64749909 0.12175817 0.57228606 0.36045186 0.21598568 0.09750699 0.78590339 0.31884871 0.22721715 0.95456091 0.57989896 0.70592688 0.28188685 0.22304315 0.09421208 0.88735018 0.97289965 0.33877225 0.66827462 0.63243272
0.98642345 0.63327285 0.40720832 0.71714151 0.29125966 0.69345446 0.91326019 0.88738281 0.48467821 0.69938711 0.64564191 0.51805224 0.34821440 0.31051723 0.87291443 0.40586710 0.93352656 0.16383027 0.46428672 0.26778913 0.04626499 0.07188179 0.82967326 0.68188420
0.82500395 0.56428178 0.16308207 0.40375538 0.22264054 0.50313173 0.76988110 0.21922415 0.58926548 0.12107772 0.66571796 0.75272380 0.22836243 0.98005684 0.82334402 0.94090859 0.75229417 0.02947859 0.41332048 0.20227029 0.29838539 0.15449648 0.13556133 0.68609411
0.18351369 0.34818971 0.27089340 0.36787375 0.37297133 0.91588832 0.39529152 0.17334537 0.21846259 0.92553989 0.79417253 0.75958883 0.28045262 0.45492894 0.49010888 0.05918387 0.69168545 0.05472556 0.45454886 0.20219758 0.44154041 0.24575255 0.01260725 0.97081920
0.16499767 0.79952563 0.66971670 0.51274656 0.50533496 0.01303402 0.58990671 0.64196836 0.88628009 0.18189418 0.73770337 0.68937503 0.57719362 0.00042237 0.25912018 0.53066983 0.26395973 0.67283650 0.02193630 0.11534151 0.94861310 0.10671126 0.36143531 0.54799854
0.89233249 0.67797531 0.98500411 0.53215376 0.48928211 0.70615234 0.67746853 0.77658797 0.41288475 0.95921307 0.91876769 0.78570938 0.11146071 0.21931811 0.77654742 0.30786551 0.74676959 0.18389680 0.46847770 0.59935269 0.96684244 0.75092021 0.80257736 0.57690762
0.48359401 0.04289145 0.29855459 0.87775460 0.28605587 0.36098958 0.16914901 0.82382080 0.46167354 0.62896838 0.49768758 0.29552127 0.02096118 0.78582465 0.88654274 0.56055454 0.82491026 0.01691492 0.57090860 0.17443812 0.69989878 0.67511392 0.49328631 0.17205302