0 0.09145075 0.23677145 0.11629774 0.90325528 0.15604557 0.66163909 0.81492194 0.03065095 0.01927995 0.08160202 0.53397613 0.40392096
0 0.03903550 0.82996489 0.02263925 0.75262075 0.30390739 0.44120524 0.36504278 0.39816865 0.27000054 0.40052210 0.71443000 0.47577654
0 0.39330189 0.10317084 0.10811148 0.47836455 0.85018819 0.69548992 0.99142118 0.28704163 0.95523106 0.21268928 0.61110405 0.23652172
0 0.68331202 0.70288373 0.75204253 0.17888568 0.78216194 0.83251947 0.38595617 0.95538677 0.32179136 0.80525484 0.67668475 0.16353767
0 0.16887874 0.29452192 0.44389215 0.61550562 0.79703634 0.48940820 0.62550475 0.42388098 0.04797422 0.28416276 0.49892455 0.22217459
0 0.94393466 0.10354455 0.42203402 0.62993698 0.41837094 0.84939534 0.63723559 0.70618292 0.87969612 0.97823296 0.24524665 0.79984298
0 0.85202831 0.77532547 0.80009563 0.90225297 0.54721159 0.47762028 0.10274291 0.33423147 0.11399222 0.01606663 0.67797590 0.35908461
0 0.48308212 0.79728377 0.10770477 0.10291607 0.18094288 0.12519139 0.86351116 0.98490973 0.22047481 0.57513276 0.53227986 0.71279113
0 0.19339779 0.87618516 0.36096872 0.78246325 0.98696162 0.63176624 0.86004972 0.33585084 0.12672544 0.51430889 0.79988004 0.17727698
0 0.60749733 0.40669189 0.31023876 0.72623427 0.21612652 0.33127631 0.95049128 0.69320236 0.77269283 0.90681351 0.55632036 0.30520250
0 0.42073850 0.50415280 0.38868883 0.97906862 0.08254023 0.23359253 0.61167605 0.44295418 0.46202008 0.38988127 0.40805624 0.44038219
0 0.52574569 0.00529022 0.10496409 0.31618563 0.22157174 0.71684223 0.52671870 0.97997414 0.30482655 0.24069663 0.41785412 0.97030198
0 0.53354842 0.36485323 0.18663149 0.60150149 0.16712885 0.52075267 0.40778332 0.46518520 0.65682078 0.67501501 0.49296838 0.87970870
0 0.65192142 0.49447150 0.68839111 0.23342575 0.96204141 0.48080974 0.09126650 0.55135585 0.91372298 0.04556536 0.69028826 0.02992373
0 0.61877180 0.30185813 0.52998370 0.73071936 0.03201837 0.68618442 0.97481662 0.10176587 0.31782683 0.39174142 0.70612478 0.50357197
0 0.96752018 0.99417355 0.52345597 0.45728483 0.31399268 0.58129454 0.24159297 0.90354771 0.57513202 0.16025348 0.97553401 0.36320665
0 0.32427454 0.10877679 0.88792248 0.52479852 0.33376975 0.96153239 0.03689570 0.44879296 0.06683038 0.87832611 0.30704898 0.27484861
0 0.70319693 0.72775461 0.53218871 0.04588412 0.47574693 0.83810341 0.82577356 0.02155283 0.26803033 0.11669202 0.82342032 0.64374935
0 0.87681434 0.41953295 0.01157708 0.13806526 0.07907271 0.76508501 0.56744300 0.58765031 0.65945554 0.22904531 0.16744080 0.19972429
0 0.85212790 0.13153900 0.03502417 0.40002430 0.22996650 0.43372893 0.09332945 0.33676051 0.93445547 0.09778261 0.46415681 0.35319340