0 0.28122411 0.53229663 0.71199341 0.99673359 0.19902052 0.14469410 0.17026706 0.17250560
0 0.66401719 0.45277342 0.40674573 0.12060439 0.27669537 0.16950198 0.38597490 0.99881445
0 0.39515769 0.16831150 0.16887074 0.98634855 0.78656898 0.26056624 0.05306457 0.98920331
0 0.58752755 0.27253931 0.90231995 0.22401791 0.47452056 0.99614640 0.03932033 0.18486035
0 0.33721814 0.20585014 0.48335218 0.75615590 0.42021372 0.08356262 0.50288461 0.52501079
0 0.85291805 0.07403729 0.42277345 0.66747313 0.72266717 0.40515614 0.37679402 0.13581265
0 0.36270575 0.25068134 0.22843344 0.25768955 0.32455829 0.78745528 0.19635012 0.27312181
0 0.58340329 0.20469640 0.81563439 0.78144941 0.88541591 0.05995314 0.74198072 0.54803325
0 0.78764721 0.24444105 0.56310900 0.62921504 0.86385864 0.21990368 0.22024823 0.31410418
0 0.75383311 0.11980069 0.86222329 0.95304606 0.21903453 0.76954171 0.95566122 0.34516578
0 0.13408983 0.67364723 0.25706085 0.99117006 0.39141900 0.54213377 0.81594543 0.18262938
0 0.02543990 0.98408240 0.52304482 0.59525101 0.47312671 0.58326569 0.84343059 0.78119358
0 0.77930196 0.68887110 0.28175343 0.71426156 0.72789384 0.90377319 0.81520911 0.33185857
0 0.33449209 0.43347102 0.99958597 0.83886593 0.87088723 0.17072181 0.70472305 0.39115372
0 0.60887962 0.63406447 0.46793487 0.66021881 0.76849613 0.65284259 0.26743546 0.69548487
0 0.73485408 0.99699906 0.11252041 0.44708753 0.46826338 0.98682920 0.22324268 0.28950747
0 0.17375953 0.48604334 0.72954444 0.89520284 0.71911182 0.58090353 0.75828334 0.84743183
0 0.99445223 0.67886356 0.49631898 0.45274511 0.39202250 0.72205525 0.31880076 0.31616682
0 0.85113828 0.70412789 0.35402629 0.37587211 0.46132065 0.70336227 0.91971470 0.25920812
0 0.44564717 0.20064431 0.11026661 0.01819432 0.45672594 0.53779768 0.44055901 0.53017739