0.09904734 0.23326189 0.57753845 0.03728976 0.62666215 0.62642026 0.13186676 0.53768925 0.51718594 0.53801816 0.76630195 0.81018345 0.56786324 0.62104267 0.76920215 0.71900810 0.86798073 0.15466136
0.26839872 0.50228090 0.56433620 0.20688469 0.41371900 0.38277293 0.25464613 0.25271926 0.44320009 0.21475284 0.51478103 0.44437602 0.47530883 0.93817451 0.99638324 0.94982354 0.44077328 0.09683057
0.99333461 0.77695300 0.17016914 0.44369543 0.36870662 0.28284876 0.28719410 0.70453362 0.25823863 0.13113415 0.22260193 0.89995009 0.02205493 0.80508891 0.36005759 0.23641122 0.50324437 0.91021186
0.05271293 0.46836682 0.77009142 0.40712780 0.00809267 0.80645436 0.16816052 0.60421563 0.32891815 0.90086901 0.68910064 0.20905960 0.31878691 0.16433446 0.37495029 0.98880381 0.01416360 0.71571039
0.71988758 0.62171553 0.28792802 0.52312505 0.80578417 0.13573965 0.28476480 0.90462195 0.21358550 0.92455358 0.89496781 0.40466239 0.58945444 0.70760815 0.95077215 0.20642568 0.11277876 0.95786651
0.83811535 0.66270179 0.01255779 0.25942989 0.25676828 0.23227210 0.70934673 0.77696544 0.93306546 0.09402530 0.12185215 0.51982804 0.19200402 0.97765757 0.17043524 0.36599449 0.42926845 0.29765749
0.53419429 0.87440490 0.68877879 0.50637745 0.27396163 0.75903312 0.74764776 0.69234541 0.02046400 0.52398403 0.33797197 0.84157182 0.04505993 0.16614235 0.39367164 0.85245881 0.67988150 0.04037455
0.50063140 0.34901945 0.23487189 0.95201103 0.04968504 0.57246718 0.77112413 0.29231354 0.94452516 0.14783674 0.83309085 0.56485838 0.10040797 0.32014950 0.51664856 0.96424290 0.38456316 0.33373768
0.05566401 0.76324938 0.09550664 0.98869350 0.44662485 0.14057697 0.55599443 0.05001104 0.49905978 0.73847867 0.90314363 0.10783986 0.09888865 0.67811716 0.69928669 0.69137109 0.40250621 0.98017983
0.55841331 0.92422848 0.14131750 0.33926971 0.58559409 0.77583816 0.20960705 0.98281586 0.06056864 0.01110247 0.23303799 0.90872302 0.46171987 0.26980518 0.87074129 0.14070727 0.62294600 0.31752624
0.19086947 0.76624060 0.54347963 0.40144657 0.57765283 0.42925413 0.12949371 0.81727423 0.27741103 0.63822615 0.93637188 0.24762561 0.87163610 0.72000800 0.80181101 0.16754604 0.67717760 0.50071664
0.11246191 0.62945657 0.31672440 0.82725041 0.33060351 0.03766463 0.47719185 0.85646003 0.32238532 0.10167802 0.17928680 0.63373393 0.97546123 0.01791365 0.71843766 0.85873374 0.57137743 0.07099318