0 0.80543987 0.89324185 0.38686600 0.26867015 0.33458191 0.00455993 0.03823480 0.32853408 0.63768083 0.55762335 0.15433365 0.31998901 0.04437030 0.36997409 0.06611512
0 0.53160530 0.06214800 0.72595957 0.33459819 0.68179516 0.51410402 0.61000319 0.10408170 0.41986383 0.52791490 0.56351767 0.46374325 0.17484011 0.35660304 0.19600941
0 0.22829898 0.80109122 0.62972443 0.78814853 0.80718800 0.14257878 0.78306251 0.61305586 0.12178501 0.59171420 0.09556914 0.57178453 0.85143296 0.95412308 0.97420861
0 0.48995065 0.64162736 0.44723026 0.87052400 0.95469386 0.29147247 0.45842826 0.48715972 0.88462533 0.35256871 0.76769391 0.73823776 0.12014717 0.01777998 0.29986861
0 0.26439962 0.19750397 0.65586825 0.11342070 0.17148942 0.12715330 0.85677217 0.25535837 0.06126863 0.43551944 0.39234522 0.31606439 0.35321571 0.94891997 0.06865840
0 0.00317452 0.35837922 0.79943273 0.04851089 0.82022403 0.55941618 0.91469590 0.85658183 0.98363723 0.07536195 0.81711180 0.94469509 0.04073722 0.34534178 0.90265040
0 0.39095793 0.26180469 0.65234839 0.49542611 0.03407366 0.77081536 0.22637365 0.88144701 0.10291737 0.55233823 0.31559715 0.21341324 0.19150301 0.92617769 0.79499780
0 0.64816700 0.25075893 0.81669416 0.59366908 0.32937361 0.12106815 0.16034004 0.46528253 0.86023948 0.01331898 0.09279841 0.40055811 0.72454969 0.26125010 0.13621453
0 0.28626422 0.70903383 0.61416374 0.46736054 0.25218391 0.75604603 0.31661955 0.48917670 0.51564840 0.83277118 0.23051058 0.35098287 0.43265265 0.34164610 0.29496231
0 0.76675605 0.89523179 0.31641094 0.69078433 0.46622156 0.17669194 0.14918256 0.17874331 0.88010641 0.81945177 0.87616862 0.21471548 0.20875545 0.18466657 0.11311682
0 0.60981520 0.85241239 0.83846969 0.57632135 0.69988585 0.29181904 0.03658080 0.75098434 0.21627787 0.89938808 0.18719403 0.67595706 0.30862832 0.83405596 0.32147387
0 0.00236206 0.46039496 0.12702419 0.28164972 0.45332406 0.35918692 0.30094899 0.54861493 0.56301391 0.13647391 0.38174019 0.37410000 0.10543660 0.77504327 0.95998316