0.17378747 0.90826512 0.13839218 0.56443577 0.90273591 0.50997834 0.55852278 0.39317836 0.15286279 0.44996062 0.48700168 0.67189947 0.90122496 0.47169541 0.90067428 0.22415073 0.57981544 0.55738482 0.52989389 0.64958829 0.10082092 0.42699947 0.51408974 0.60059937 0.75469080 0.07948951 0.41636784 0.88089067 0.63534476 0.15865763 0.96289761 0.09824632 0.92751059 0.89592233 0.19412637 0.83901512 0.60309771 0.13317528 0.06740347 0.84848893 0.81667592 0.46116396
0.93438383 0.49918458 0.56454300 0.82230727 0.73162082 0.90814420 0.97752905 0.02157752 0.16904663 0.42471983 0.95459909 0.46506000 0.67857784 0.85191019 0.71247999 0.10302710 0.39387277 0.68716829 0.22595139 0.99284035 0.97230626 0.87270134 0.46410460 0.11672138 0.64151662 0.03063453 0.78978790 0.09040784 0.45541861 0.92501324 0.88261961 0.18093841 0.37836519 0.94046858 0.07036572 0.61528628 0.48118013 0.69647363 0.00914187 0.50628811 0.22907220 0.52646862
0.23981419 0.84829121 0.56898142 0.44273562 0.26613717 0.94216873 0.28269600 0.38075385 0.44958113 0.29782924 0.86211846 0.97086946 0.19646544 0.53207312 0.98434805 0.82046409 0.62492848 0.03062554 0.51678581 0.30640904 0.14242834 0.17540158 0.86625755 0.17544242 0.13888344 0.75153604 0.40118945 0.82920952 0.30622547 0.74343728 0.62215912 0.03105675 0.93205143 0.10510009 0.73368562 0.91327221 0.88322568 0.24714043 0.27890918 0.58631700 0.89469705 0.92149021
0.53885175 0.35569294 0.20945941 0.90441766 0.46923800 0.53744390 0.57749955 0.37951513 0.05039564 0.12989018 0.11473856 0.20452264 0.05954279 0.14704551 0.54738866 0.30933215 0.43980945 0.24826944 0.92281006 0.31724433 0.63662891 0.40905824 0.95486739 0.10752538 0.49967441 0.76947963 0.78994926 0.44453921 0.60730483 0.46960796 0.12922772 0.98720577 0.16052282 0.23541812 0.32339975 0.96226338 0.91473756 0.71394796 0.26806582 0.53578960 0.97016332 0.07314064
0.67106536 0.44966120 0.62547442 0.17962977 0.53750267 0.80311120 0.91437576 0.74683207 0.52386100 0.95426640 0.89103760 0.20606315 0.14951659 0.39252659 0.20788205 0.69499463 0.72212842 0.08987212 0.03799783 0.48062136 0.23279377 0.27766392 0.93449910 0.33800956 0.40752316 0.81522599 0.79043310 0.89144837 0.56350318 0.31747729 0.66538012 0.69122856 0.91177889 0.99110660 0.87867912 0.84712372 0.47240202 0.69225993 0.43425051 0.36875132 0.82375549 0.06343756
0.53827735 0.97334162 0.49467795 0.73327318 0.69854477 0.01304527 0.92617715 0.47009540 0.65302708 0.34676054 0.57893441 0.86864737 0.16535036 0.43556403 0.94346644 0.61906755 0.54604789 0.67617936 0.92172532 0.65821096 0.61106505 0.00352034 0.29208104 0.53561669 0.67275839 0.09119644 0.74404525 0.13990423 0.07367396 0.05797030 0.27475908 0.52610769 0.71967790 0.44850796 0.57618148 0.96043346 0.04655223 0.39836484 0.41007939 0.45615341 0.86295704 0.31600146
0.86733405 0.01282245 0.55270015 0.11872458 0.83874296 0.49073561 0.19054363 0.04480128 0.98641017 0.55351682 0.22831634 0.33059468 0.99798194 0.39395713 0.54189002 0.58942178 0.93039929 0.02169818 0.79461592 0.55793555 0.00550212 0.73608174 0.26910826 0.98618463 0.30673476 0.03346380 0.54679913 0.83910595 0.44436559 0.60551785 0.67347924 0.65005678 0.40604879 0.27352830 0.73907751 0.82109464 0.49021932 0.67340228 0.12122198 0.90006478 0.43172658 0.25710358
0.99466309 0.38115668 0.57227657 0.70844036 0.09242967 0.37344227 0.20266608 0.18461321 0.11962750 0.56101091 0.00945655 0.88965867 0.66707822 0.23866644 0.89564952 0.36189758 0.94953681 0.84875468 0.31308934 0.51472663 0.20201388 0.36753999 0.64373310 0.90856590 0.10776846 0.09365205 0.09759183 0.95150316 0.20282623 0.87647479 0.05706083 0.72715160 0.80441669 0.58895183 0.79052126 0.93046462 0.64451251 0.69713335 0.98250918 0.95572713 0.05469255 0.10789172
0.58341222 0.52567057 0.24483987 0.08658447 0.06856822 0.37663432 0.94572470 0.92804451 0.31480388 0.42192313 0.44431140 0.23712941 0.95186623 0.50398705 0.83066756 0.12916312 0.22686310 0.31577653 0.09664269 0.39595461 0.13174320 0.32260184 0.57902256 0.69968019 0.78701027 0.54805310 0.12365465 0.15476725 0.84928025 0.90101303 0.26207922 0.23701880 0.01595366 0.31552169 0.63848923 0.81957024 0.53719060 0.35122871 0.90238204 0.27687049 0.01353870 0.05939509
0.29105406 0.02073229 0.65697892 0.85788354 0.16612952 0.53659674 0.62381864 0.87830242 0.83960248 0.97350993 0.98977452 0.74944499 0.12741159 0.60791032 0.43075245 0.06339295 0.20235485 0.04917720 0.69724567 0.83412862 0.48319161 0.88399259 0.52593646 0.10322755 0.49306778 0.56691968 0.71900026 0.47317969 0.84793924 0.75620326 0.73977604 0.75611382 0.79445745 0.96664881 0.32287984 0.11417620 0.00682066 0.36553836 0.27750335 0.03754156 0.67338285 0.77289299
0.87455277 0.25701049 0.25635172 0.44399338 0.95144762 0.22037436 0.69169589 0.00992142 0.14281310 0.07520510 0.21142120 0.03098714 0.45096397 0.19545391 0.41666404 0.97825729 0.70699117 0.16521952 0.70758970 0.10000308 0.34142751 0.79027317 0.68487206 0.55273625 0.28288226 0.14640385 0.67757057 0.38060416 0.73369816 0.89337455 0.12350893 0.41226654 0.03359960 0.08425565 0.13079953 0.91097731 0.81546327 0.48212958 0.18294639 0.86144720 0.18175804 0.95963624
0.61499861 0.10616418 0.68586385 0.90155594 0.18451511 0.15420014 0.48939429 0.65660283 0.78864109 0.37713399 0.18481066 0.99182858 0.13738489 0.47957291 0.42203049 0.19151253 0.98322368 0.58585499 0.65839651 0.91214090 0.32845520 0.01986799 0.06328691 0.15605470 0.88425183 0.87152074 0.85181113 0.75857207 0.93916216 0.74125496 0.09645030 0.59686753 0.70984491 0.63308726 0.37116454 0.32361719 0.19310822 0.82702195 0.41940411 0.80439562 0.51586715 0.70327774
0.40562546 0.59503626 0.78842095 0.91362236 0.20932659 0.73364442 0.50649069 0.99921056 0.65128102 0.84167802 0.61874706 0.53967339 0.50356341 0.02948777 0.47909711 0.18480707 0.62812364 0.38393547 0.03678782 0.46806231 0.61308076 0.87918516 0.78242340 0.13013571 0.83157186 0.39648880 0.16428234 0.79131711 0.93490522 0.16476450 0.41685913 0.20284798 0.40993098 0.34099209 0.00234493 0.98039728 0.97995680 0.63792697 0.15580035 0.67686336 0.30919994 0.87636036
0.34606243 0.28706151 0.68268121 0.09013007 0.81696723 0.79345869 0.07663058 0.34431273 0.75725839 0.15996813 0.30888771 0.74050512 0.06259107 0.25991875 0.76444566 0.17782831 0.09932973 0.58466485 0.52819886 0.31426552 0.35737734 0.22090423 0.62512184 0.83017080 0.38806259 0.50762373 0.46751818 0.53426196 0.96315079 0.98769286 0.53964376 0.07213848 0.96233327 0.75447797 0.81192232 0.99834087 0.09908894 0.06045078 0.37013557 0.75519515 0.22860086 0.10261660
0.26938358 0.66516225 0.64645016 0.22868961 0.67827627 0.38813896 0.48309748 0.41829317 0.96572948 0.42113343 0.02670282 0.78506597 0.50090486 0.12496501 0.56562249 0.01840504 0.58624515 0.45111459 0.13196124 0.13767950 0.12422181 0.01157804 0.34884719 0.66709926 0.33032528 0.38555259 0.43663536 0.35602563 0.04799273 0.58901140 0.31703574 0.86736128 0.99558144 0.44669932 0.66919976 0.43575944 0.58116110 0.20080869 0.73808904 0.35774302 0.75781133 0.06657063
0.67298877 0.31742673 0.76027557 0.60222430 0.18281746 0.97438605 0.46323605 0.69930244 0.33492355 0.94431875 0.53213876 0.71889896 0.39534892 0.28849676 0.49941169 0.80055990 0.71107771 0.89460655 0.39208319 0.65266664 0.76857857 0.67942922 0.56122154 0.19665604 0.72798736 0.37291154 0.91928126 0.28214909 0.92856588 0.75353225 0.87835501 0.31603625 0.08861220 0.59646815 0.90049483 0.05579416 0.18178618 0.26891695 0.72067967 0.00578465 0.26185373 0.86103521
0.98367123 0.82501435 0.82914204 0.97630084 0.24791276 0.90580870 0.68453670 0.82171200 0.05279161 0.81508159 0.60064156 0.03608489 0.01999790 0.60335821 0.55476035 0.77381533 0.76537799 0.08143460 0.71464899 0.92181980 0.73459397 0.04053526 0.84552548 0.96897399 0.94406523 0.04905523 0.31561474 0.97021761 0.00808193 0.89745091 0.41754352 0.25159663 0.76364430 0.98256973 0.29419034 0.98786498 0.26649590 0.92368523 0.36013423 0.55086956 0.92498280 0.48473155
0.74363510 0.57479442 0.06278486 0.44070669 0.93911777 0.01344041 0.25722938 0.37094156 0.55642043 0.07506964 0.38681120 0.48790748 0.78060787 0.81194422 0.43970794 0.51746225 0.91493826 0.31454136 0.78449228 0.33491057 0.16961199 0.91452800 0.78490815 0.53098195 0.68021950 0.53592969 0.35249126 0.33280517 0.59234480 0.35053014 0.27397827 0.33718545 0.93256935 0.19138949 0.92486368 0.32696657 0.90116157 0.75747067 0.28612681 0.03598715 0.16802493 0.50271492
0.01806570 0.10411666 0.73101712 0.24450914 0.71333899 0.62108314 0.90454235 0.94933932 0.35073035 0.59628165 0.04635701 0.85752563 0.40181454 0.41147834 0.70181872 0.09428673 0.00461831 0.81430264 0.94734727 0.18098190 0.11153280 0.29264497 0.84865579 0.40823154 0.54314907 0.73355606 0.11434850 0.86171833 0.43535159 0.11496859 0.22177142 0.00182197 0.65391903 0.60453955 0.51954099 0.08984334 0.36904602 0.84713811 0.06996475 0.42642420 0.13161255 0.41097990
0.28460699 0.32187112 0.47369343 0.33213579 0.72754206 0.95344308 0.26771239 0.44811928 0.81337629 0.78126438 0.82181095 0.74348358 0.51090884 0.99237574 0.96341574 0.24383579 0.57834141 0.52153796 0.16865145 0.08940213 0.30223459 0.55775442 0.13216195 0.29525498 0.18994887 0.08707984 0.04006467 0.36253865 0.57409685 0.94513463 0.20817856 0.34350798 0.62757222 0.05684556 0.67832953 0.18291968 0.85901025 0.02628499 0.82745128 0.15929330 0.76107380 0.00608260
0.03736373 0.03178556 0.91774729 0.82373507 0.99752494 0.06189766 0.54186099 0.67124063 0.26871719 0.42396217 0.11035654 0.27483722 0.32254092 0.64433282 0.49234329 0.35322412 0.38975538 0.61642659 0.72378531 0.34549900 0.09991792 0.42724439 0.37269659 0.84414350 0.07543882 0.70072311 0.26001212 0.90374213 0.35508179 0.41424862 0.15384082 0.41272104 0.76510502 0.17688516 0.93859594 0.01324439 0.13065115 0.77135400 0.67553722 0.63350789 0.52565916 0.35652020
0.91754818 0.55702072 0.59648470 0.10312324 0.61851151 0.09506821 0.36257973 0.19271331 0.98643352 0.35139967 0.79699659 0.04823253 0.66950907 0.27228702 0.92014517 0.38440586 0.73560610 0.16045155 0.10214623 0.16708383 0.00818874 0.09795777 0.76228824 0.85290554 0.45548726 0.27102452 0.67850848 0.34412661 0.49476098 0.01880588 0.67548389 0.93818404 0.26979099 0.53854471 0.54683082 0.17754555 0.18727706 0.57110468 0.68507708 0.91261860 0.25660329 0.06373691
0.04248353 0.07896990 0.06747539 0.76103982 0.72645688 0.65983345 0.56122196 0.91042184 0.74520909 0.05586128 0.10409116 0.78497841 0.16248291 0.61629789 0.75466277 0.52454629 0.19457735 0.39923590 0.03253563 0.87479937 0.58857059 0.32333676 0.94173836 0.76460255 0.95755234 0.74937743 0.47985134 0.30344082 0.61684120 0.18720983 0.37261632 0.70359309 0.86457721 0.26219700 0.31384941 0.83582129 0.58074325 0.29491628 0.56176228 0.61269707 0.48058351 0.84889620