0 0.34533517 0.16029037 0.35155114 0.38338057 0.16817470 0.78679456 0.12733096 0.71158978 0.76232853 0.08576585 0.70814777 0.30967579 0.14081737 0.12200513 0.02348417 0.64754392 0.92518517 0.53971260 0.95149674 0.61994103 0.88315578 0.60539666 0.35883226 0.84468650 0.40152485 0.65212048 0.70521111 0.06464862 0.44070394 0.12702100
0 0.36905792 0.14104569 0.36987312 0.46063674 0.09362427 0.15787803 0.96548760 0.27443236 0.72746199 0.97077290 0.77092261 0.02200955 0.73876975 0.12825201 0.96133020 0.01984500 0.82004984 0.46940644 0.83532030 0.96499876 0.26767584 0.85919187 0.06386790 0.46008620 0.72038597 0.46103227 0.86688680 0.76991034 0.27138145 0.66614769
0 0.35919982 0.01950103 0.93062253 0.29999786 0.41017412 0.30991043 0.90707936 0.00845995 0.49507976 0.77596493 0.20510895 0.78983563 0.18126799 0.43927553 0.58479326 0.48350874 0.08855575 0.82016047 0.02298794 0.65205198 0.39074104 0.66373490 0.42999464 0.70080682 0.18396350 0.80827457 0.52618479 0.26743840 0.33766326 0.17806161
0 0.46356588 0.88369271 0.76518025 0.11827231 0.98919592 0.66256076 0.40357559 0.80606825 0.69051581 0.29628032 0.57604491 0.26990369 0.13708295 0.96408309 0.82533345 0.62816376 0.53885403 0.84332092 0.75285121 0.51859955 0.87807868 0.79358203 0.87572581 0.33162753 0.34002993 0.44063414 0.02281960 0.78341287 0.26721110 0.32550834
0 0.33077669 0.56875696 0.79234332 0.00376404 0.47245465 0.31916178 0.76735164 0.98095161 0.35263481 0.85804492 0.59873193 0.15251647 0.13969373 0.79293045 0.12409417 0.97986428 0.16695806 0.81354316 0.72034322 0.97903403 0.93375361 0.67508412 0.42087056 0.22440173 0.16369868 0.73756812 0.93729566 0.47706498 0.63658092 0.10495458
0 0.13070952 0.23603395 0.30019566 0.86190505 0.65803641 0.48008213 0.98981306 0.64135228 0.23104475 0.11908574 0.93548053 0.77266715 0.16870141 0.20590810 0.12115541 0.55806138 0.69797842 0.77336116 0.47470274 0.80396565 0.76388418 0.75550328 0.81408136 0.59447397 0.94640678 0.82850891 0.45258092 0.43554717 0.45021947 0.16357243
0 0.37476147 0.32151956 0.03241367 0.02278448 0.93478630 0.97955457 0.16418828 0.84864663 0.10012768 0.53304652 0.68433830 0.99886570 0.36616445 0.09156773 0.69555003 0.56029643 0.60097918 0.32281109 0.47892370 0.73937758 0.24470176 0.89108021 0.75780886 0.17113255 0.48403587 0.75723080 0.72895199 0.11478310 0.25014263 0.72656824
0 0.89711934 0.91125054 0.14684615 0.30405821 0.89877261 0.26629573 0.70616397 0.87030834 0.18103885 0.89277551 0.68945449 0.42713126 0.61413003 0.79647033 0.50501292 0.67809960 0.85853208 0.02216320 0.19673593 0.00735668 0.58269679 0.99012851 0.87351439 0.99904698 0.43263439 0.64791359 0.89530306 0.50008237 0.99171863 0.53827466
0 0.60935423 0.87056212 0.83718004 0.54135348 0.93889224 0.98901536 0.19917748 0.48765902 0.66654470 0.78373737 0.65900165 0.05814403 0.82613473 0.54684129 0.78487886 0.38864376 0.21897835 0.05424981 0.59700700 0.57816975 0.70461976 0.56270185 0.27786981 0.86402897 0.58097640 0.08395132 0.59953975 0.57146501 0.06515495 0.94668656
0 0.12659371 0.07149388 0.61373804 0.54830074 0.37142982 0.88783454 0.58013102 0.37149456 0.72818798 0.78231037 0.49659689 0.79479482 0.19214018 0.11782385 0.08989656 0.96142348 0.58333143 0.04898460 0.99199088 0.98755374 0.23641591 0.12269601 0.99104954 0.08884094 0.89304675 0.68448318 0.58305164 0.78321781 0.83884217 0.08107126
0 0.53055118 0.18829531 0.16386517 0.02569984 0.11271987 0.57331136 0.39371687 0.64988517 0.75956931 0.74842197 0.63775906 0.70381944 0.80329276 0.57823023 0.83164461 0.08732207 0.15095658 0.89180094 0.61324872 0.39423487 0.78530987 0.32800903 0.86425824 0.43537975 0.13427043 0.20292291 0.97409004 0.76867356 0.51468362 0.31502440
0 0.43847387 0.10972187 0.05224063 0.71441883 0.49194866 0.12218977 0.70698058 0.85379056 0.09168589 0.49447409 0.29259103 0.21171040 0.71946730 0.39767875 0.66775997 0.43300348 0.14930827 0.38962033 0.59912131 0.26623702 0.54013260 0.58056912 0.14787554 0.09498973 0.95606819 0.40865544 0.81595549 0.65741556 0.69134720 0.68634986
0 0.10264704 0.62771639 0.58245846 0.67415038 0.56886298 0.09348958 0.82711389 0.81358786 0.98380760 0.60451830 0.69775477 0.40888633 0.63755879 0.39142359 0.93673767 0.98509248 0.44313317 0.55669883 0.55100423 0.27021387 0.02288892 0.52599927 0.18595233 0.74988346 0.57666044 0.81416026 0.25139135 0.52529342 0.96280725 0.20826947
0 0.49687723 0.76861814 0.08839938 0.79922055 0.78938758 0.41487343 0.40105020 0.90352636 0.43321133 0.85513442 0.00244653 0.80877208 0.49009095 0.30326232 0.66241541 0.44894002 0.20706999 0.19676584 0.80240554 0.56993905 0.84016188 0.46215053 0.33855066 0.68102374 0.87387120 0.72608475 0.12702111 0.10438960 0.87976128 0.58593894
0 0.63815923 0.73308209 0.03167733 0.86672992 0.40093245 0.68645918 0.60089750 0.38622984 0.70552819 0.91279835 0.59139874 0.12597502 0.02945270 0.93024087 0.04358822 0.86313688 0.66128549 0.32011713 0.43426545 0.25669395 0.03628041 0.29079945 0.03124346 0.10106988 0.36929242 0.61557882 0.02297306 0.96137946 0.27304958 0.51466529
0 0.73667599 0.68665120 0.18357752 0.59926186 0.28290939 0.36087115 0.57962395 0.82476415 0.52014560 0.09641971 0.17921834 0.51048925 0.31986770 0.70044938 0.52404271 0.87493920 0.73084307 0.65197838 0.62107704 0.20845534 0.79065322 0.01595089 0.60102278 0.75922197 0.41322066 0.89024223 0.67429645 0.64392943 0.99298888 0.73256286
0 0.01792489 0.61100747 0.10957468 0.44644248 0.61046239 0.28219218 0.99112654 0.41895138 0.44708905 0.57729091 0.20028698 0.79754338 0.01333901 0.38736119 0.34357020 0.16938059 0.37344603 0.20312138 0.47313137 0.46372771 0.73808293 0.32826206 0.24931712 0.33647884 0.91631085 0.51142919 0.86305113 0.51560777 0.62784268 0.31600103
0 0.17902334 0.58730810 0.25426480 0.31338296 0.55381405 0.48481710 0.24164974 0.23339552 0.30749982 0.50539272 0.03203192 0.53443270 0.88295104 0.02564056 0.09750720 0.46641896 0.31394523 0.21136409 0.37825650 0.59119531 0.74138492 0.92533746 0.18458253 0.89781588 0.36632195 0.72487716 0.41308766 0.10433845 0.40915512 0.31081552
0 0.74841052 0.47304369 0.35628134 0.04045519 0.37447720 0.48261934 0.01864503 0.14931061 0.60301279 0.99869750 0.70104457 0.13991895 0.74209733 0.16323448 0.08671796 0.39072942 0.47384004 0.08357396 0.27864527 0.41405675 0.98778400 0.54363671 0.80716795 0.34931084 0.12544325 0.38253045 0.31294026 0.21619136 0.83141259 0.88997585
0 0.04489194 0.17226253 0.27778023 0.55329617 0.27479459 0.52030011 0.13111177 0.75731900 0.22318940 0.49302870 0.56506356 0.58639096 0.11584710 0.90634459 0.78672218 0.70680704 0.54559538 0.61684559 0.04105638 0.41830829 0.40126291 0.34546592 0.28540590 0.35490319 0.24365375 0.83624083 0.98472214 0.98811873 0.15787883 0.50770219
0 0.76831297 0.03989039 0.79203665 0.72413280 0.01013462 0.14764998 0.50414821 0.56488387 0.74721148 0.64077323 0.28241615 0.50218636 0.73455445 0.08539995 0.37829131 0.71136393 0.84998711 0.33374105 0.39749485 0.83208124 0.50857832 0.17433889 0.93105742 0.87523854 0.22391866 0.32134818 0.67660126 0.62734923 0.96226737 0.40375693
0 0.39950520 0.34271478 0.47563559 0.81956794 0.01425648 0.73343645 0.37116054 0.80531339 0.52820723 0.26828159 0.27666419 0.83787621 0.58311818 0.57364700 0.09607982 0.53344382 0.85428506 0.29334017 0.01346797 0.53752115 0.62270848 0.10862421 0.60063287 0.51028142 0.42268123 0.74595014 0.11088939 0.20313515 0.78533153 0.70702574
0 0.80031984 0.79524863 0.74807433 0.14434760 0.90789832 0.11284540 0.98058751 0.77504872 0.74715046 0.08947558 0.08984320 0.97689148 0.21455419 0.84203913 0.90988887 0.24246135 0.90367756 0.03520137 0.35648696 0.98109436 0.92908751 0.78593996 0.73238545 0.25279694 0.51035336 0.22031455 0.20590664 0.39439394 0.34400750 0.93615156