0 0.82914697 0.94169079 0.91284432 0.32823762 0.36191003 0.37950983 0.48008080 0.53436345 0.15419378 0.40976053 0.45823444 0.93750359 0.75946932 0.65184135 0.74063933 0.87132200 0.93529731 0.50451025 0.70400574 0.34148214 0.15198986 0.41765525 0.66432137 0.69041578 0.38876444 0.32970765 0.77065064 0.25941468 0.79578906 0.70578708 0.84931309 0.81174782 0.48899535 0.40170675 0.16502441 0.66117048 0.21426183 0.40025566 0.80093506 0.16210567
0 0.86854721 0.31871466 0.37610254 0.46094271 0.89777927 0.47035125 0.11678557 0.18231111 0.40478199 0.17767783 0.87704937 0.02985319 0.39524991 0.98154664 0.56452337 0.11793144 0.96575525 0.36769431 0.56875382 0.21887202 0.39500002 0.64113710 0.21244561 0.00975901 0.03800184 0.61885810 0.94998882 0.83345842 0.64262876 0.88251557 0.02301765 0.45046501 0.20887479 0.43544175 0.54935034 0.75132902 0.79349481 0.74198947 0.56951058 0.42383380
0 0.72609363 0.29232391 0.40413260 0.12475984 0.54749065 0.03204524 0.78590305 0.79298410 0.60715858 0.22356736 0.62129549 0.35882824 0.66376048 0.56496672 0.91020338 0.25398315 0.02128658 0.68205447 0.30568058 0.80700097 0.70301856 0.43071406 0.03134852 0.82126042 0.91652561 0.79908588 0.39063190 0.37547480 0.59512348 0.58296887 0.89983565 0.16122653 0.11470338 0.42284893 0.15617765 0.47767568 0.37956547 0.23725232 0.91224325 0.34050437
0 0.34686694 0.56466181 0.46992941 0.03032301 0.71652226 0.83502207 0.42979732 0.80517796 0.95186905 0.13189998 0.03585464 0.43246494 0.01614006 0.57765468 0.84113934 0.65746582 0.21075789 0.07651097 0.18607920 0.71889126 0.28369608 0.78421926 0.02945230 0.54622488 0.53962628 0.33802360 0.00087570 0.32932984 0.02829842 0.57694905 0.15410061 0.73769116 0.01357646 0.20995838 0.79199432 0.18483316 0.83277996 0.64831704 0.90694061 0.18286350
0 0.94445705 0.00854487 0.23449191 0.01276089 0.43244226 0.11362160 0.65345773 0.64793666 0.48502799 0.17265239 0.68221623 0.11176498 0.40030587 0.70298893 0.11888647 0.22419004 0.48221026 0.17384043 0.45210095 0.99818349 0.78652319 0.79669802 0.52946964 0.78373807 0.05207600 0.86543501 0.11242795 0.62524923 0.30961021 0.05773476 0.36901292 0.19754872 0.59923589 0.14953689 0.06021335 0.11651975 0.94715334 0.66548118 0.16089118 0.38213642
0 0.25327947 0.09086853 0.92287308 0.20493460 0.02364755 0.40444631 0.93566254 0.49133543 0.94492522 0.85636543 0.56932465 0.81890648 0.14312221 0.11194477 0.29444687 0.81956010 0.59453612 0.10941839 0.76568123 0.50685208 0.56421059 0.23862927 0.22822440 0.23295813 0.13565736 0.73767301 0.76069406 0.64156942 0.86531975 0.52578352 0.10321119 0.19486321 0.34623218 0.04329232 0.33609986 0.59586736 0.99755639 0.05328143 0.47246739 0.70195319
0 0.71015211 0.77458942 0.10702921 0.33085388 0.07306572 0.16211934 0.62389481 0.69752011 0.78179820 0.62793562 0.10763212 0.08828942 0.48643882 0.00542703 0.02477968 0.77825821 0.77622887 0.09885093 0.94707727 0.12841128 0.21684527 0.73186402 0.07303732 0.26097632 0.35767129 0.81118286 0.07108098 0.70463554 0.40854725 0.55530750 0.81531448 0.92564085 0.84897201 0.70327987 0.91412224 0.71654247 0.57745083 0.21473789 0.54210606 0.00115549
0 0.33466347 0.70006566 0.97749985 0.73255233 0.04135162 0.57822841 0.42004203 0.21028409 0.38030237 0.74992069 0.11838847 0.32369675 0.42153011 0.39494498 0.57150124 0.94012280 0.34073638 0.35527689 0.58504905 0.89989317 0.31335360 0.44906254 0.26170788 0.85452775 0.47995511 0.97583224 0.58335058 0.49012747 0.47354054 0.61950423 0.10346734 0.51490459 0.37518212 0.93329094 0.40975893 0.15795189 0.12174402 0.59940939 0.43969736 0.82576607
0 0.32786363 0.69653615 0.43594943 0.99370386 0.20410988 0.27923709 0.31391077 0.37146405 0.75421052 0.67614045 0.48019897 0.87485258 0.71646667 0.04741086 0.68880636 0.96050178 0.77794989 0.90712167 0.35071445 0.43587894 0.43480290 0.51241134 0.82312366 0.94383340 0.49794236 0.24884900 0.59605324 0.93909577 0.65068822 0.40022306 0.96691832 0.12355621 0.65332106 0.98100658 0.74779226 0.98781385 0.75929472 0.63104108 0.78541403 0.31840225
0 0.65880923 0.92452037 0.59060205 0.27326082 0.79767449 0.82914464 0.17158747 0.90243577 0.23287209 0.46635452 0.24488145 0.79665837 0.28094994 0.76984308 0.35764223 0.88336209 0.09135937 0.11708385 0.09710998 0.25786463 0.93407281 0.51740113 0.48552834 0.33685477 0.42929496 0.48014832 0.86307357 0.55198767 0.16680836 0.25784924 0.04666341 0.26330713 0.16346974 0.76169585 0.31912000 0.56537643 0.38960088 0.08058558 0.85101156 0.18341418
0 0.15849380 0.19991990 0.48660057 0.71239534 0.51797682 0.21267553 0.43567660 0.03899148 0.90896453 0.04279777 0.30465391 0.90438893 0.26314169 0.45975556 0.07316572 0.21543699 0.40040653 0.95313617 0.07648832 0.89224261 0.05642719 0.85744693 0.78947965 0.75224233 0.12163981 0.96983009 0.22431904 0.17394580 0.70524464 0.78718631 0.05218582 0.05795957 0.45123254 0.40424129 0.13811640 0.90856395 0.12820088 0.06037876 0.03863074 0.69602970
0 0.89069438 0.30060272 0.15332126 0.52802524 0.76703322 0.72478012 0.64444765 0.05787944 0.86706687 0.33935510 0.94268414 0.98812877 0.52301929 0.59701424 0.64251594 0.98969212 0.07756699 0.31232169 0.85738400 0.85017992 0.31551849 0.77513209 0.65252850 0.68925921 0.59894030 0.54862799 0.00258303 0.63465951 0.61030073 0.63511828 0.83132309 0.43931877 0.23417968 0.92027195 0.08257386 0.13833301 0.51531927 0.06525192 0.44413429 0.99378675
0 0.81926609 0.30625173 0.30067521 0.65620577 0.29158351 0.94222751 0.72692195 0.68328784 0.46258756 0.64415645 0.84903226 0.29973075 0.37678819 0.10294228 0.69993272 0.55639166 0.93969260 0.94812684 0.77347826 0.85267500 0.26935523 0.31585660 0.84265057 0.12296103 0.71603454 0.92209156 0.24861327 0.85605096 0.87054427 0.00583303 0.79029286 0.51601805 0.32036242 0.04718593 0.54825638 0.86351914 0.13228847 0.73636082 0.46200792 0.13853454
0 0.04141565 0.27225868 0.24642791 0.05866799 0.10841160 0.70307198 0.28093076 0.11155331 0.17057761 0.68637363 0.43401755 0.67557770 0.75688262 0.74245483 0.39625271 0.09004589 0.26314538 0.80221207 0.98629462 0.91407379 0.09076429 0.60967190 0.06746163 0.26291355 0.14087120 0.32928237 0.16641723 0.29107700 0.52551183 0.52938772 0.62090867 0.60353754 0.60843231 0.56584295 0.10009584 0.61945544 0.52027776 0.27351352 0.63885799 0.68728489
0 0.10648509 0.78844477 0.90656811 0.05578570 0.86087956 0.26977429 0.29117569 0.64237620 0.77396010 0.26799992 0.52104096 0.90842865 0.18208608 0.49500510 0.96981413 0.05052123 0.64225396 0.79128207 0.49375617 0.14732657 0.57687906 0.15708263 0.63624773 0.86372893 0.93397455 0.81676553 0.30083565 0.80692772 0.39034590 0.41939806 0.54201699 0.65369815 0.68889560 0.64370884 0.95206300 0.72364450 0.54586023 0.67177793 0.23253641 0.76019499
0 0.18977709 0.22338917 0.93075711 0.29925169 0.00120615 0.10175884 0.99432303 0.15482320 0.91070748 0.49139401 0.75089442 0.23163078 0.18230270 0.57012248 0.15580136 0.08659422 0.96062439 0.34987610 0.66663590 0.40426673 0.49218453 0.04459717 0.90184157 0.82570232 0.24466948 0.67867807 0.31941519 0.37590358 0.24289528 0.09563204 0.51218650 0.07191182 0.81603428 0.00423292 0.35774381 0.16176476 0.60794981 0.20815042 0.18392430 0.84396245
0 0.14095291 0.70514660 0.31489015 0.24774479 0.44302141 0.91318828 0.84816264 0.91639886 0.24949792 0.88336912 0.27958807 0.02897832 0.07251054 0.99332432 0.64106092 0.12023068 0.99483587 0.27985999 0.14493155 0.11419293 0.38965107 0.26580771 0.93937645 0.07382960 0.89359823 0.86365494 0.47061175 0.18725178 0.86781021 0.69728989 0.12068128 0.16046929 0.27002470 0.97323939 0.24365252 0.36729254 0.33063891 0.85406663 0.45840548 0.81891473
0 0.67653446 0.13913552 0.07280059 0.25886870 0.57872824 0.94173655 0.81186353 0.46346723 0.81338187 0.96660896 0.60172701 0.13349962 0.22042857 0.93818247 0.02141965 0.59987097 0.42005318 0.70740122 0.17619570 0.93403546 0.30448755 0.57378162 0.16894871 0.95348792 0.86105985 0.39939443 0.05035572 0.04324337 0.60216320 0.16275132 0.11374877 0.67614687 0.37878543 0.70311428 0.66731300 0.00802114 0.63646834 0.53953595 0.96406141 0.94807309
0 0.23604156 0.81397775 0.79913853 0.66064435 0.80620248 0.60414176 0.39435645 0.54130491 0.22099010 0.07919158 0.58146848 0.32845373 0.20242791 0.23032582 0.96853683 0.16100309 0.23708682 0.19820805 0.72785301 0.07338855 0.96504552 0.54054490 0.87922030 0.63105985 0.95070360 0.13564390 0.45900996 0.15277247 0.27712712 0.80157120 0.76325401 0.24041323 0.71908507 0.12556902 0.93213926 0.14275806 0.34466035 0.44468062 0.50361820 0.81647330
0 0.27129580 0.39607112 0.20545502 0.41583644 0.95936254 0.96432011 0.17787538 0.34206656 0.86481459 0.49300226 0.02309091 0.91381780 0.49221945 0.69916022 0.56332102 0.18230451 0.89043208 0.33181398 0.95553527 0.40768962 0.41540548 0.74943928 0.85899240 0.23778284 0.14810760 0.35638704 0.68075252 0.68575850 0.70024155 0.53450514 0.53469139 0.59051750 0.26644191 0.43376189 0.44114661 0.36148184 0.68884673 0.74446110 0.46717769 0.45902371
0 0.98842188 0.36367638 0.96152309 0.24239596 0.28713990 0.68982201 0.77368892 0.52894437 0.29609335 0.13181694 0.36320605 0.45154629 0.57684794 0.30308682 0.00294324 0.97563410 0.59681852 0.28568913 0.85946590 0.74282664 0.19417641 0.29613404 0.59378157 0.74510490 0.44377405 0.06201439 0.26741466 0.70163314 0.07279902 0.22734595 0.76160483 0.90974007 0.51334602 0.14455859 0.62152456 0.77223941 0.39882235 0.48236842 0.22276320 0.16518234
0 0.81207836 0.18129928 0.42392667 0.30329938 0.87538180 0.42241189 0.41705294 0.78480261 0.33583048 0.43983722 0.31664533 0.05288348 0.64452519 0.20400027 0.13847755 0.59815551 0.65380080 0.22995918 0.21092501 0.84445507 0.46404015 0.02407390 0.73442954 0.80982795 0.14007217 0.97225755 0.15880567 0.31519279 0.98688170 0.79435262 0.28344832 0.72508713 0.82533561 0.04171344 0.50210292 0.94806562 0.24085607 0.49886535 0.41171156 0.69873396
0 0.09144837 0.76514950 0.08394910 0.82906642 0.65621725 0.73855262 0.65841547 0.87356844 0.68148278 0.20145842 0.55805191 0.82101050 0.23883223 0.21684792 0.55020031 0.52487293 0.74792226 0.58351382 0.08082621 0.09530542 0.73657147 0.17014428 0.79477798 0.07731993 0.91166015 0.55066921 0.92155598 0.21309813 0.89658066 0.99705252 0.25391714 0.11071036 0.55445840 0.55075189 0.77574199 0.19720585 0.16109003 0.59035713 0.60594265 0.92094854
0 0.81752179 0.04045742 0.81679201 0.28623697 0.39941771 0.12557611 0.85790554 0.45266040 0.02884411 0.36305159 0.77120942 0.31230798 0.52382282 0.31003128 0.11757930 0.66986092 0.53198272 0.43228531 0.55243653 0.89376297 0.08686534 0.34633482 0.28543942 0.68107713 0.13891730 0.60142965 0.23850925 0.88430183 0.20792821 0.11419877 0.57678199 0.18533299 0.67964975 0.34633619 0.42867858 0.76992321 0.42655848 0.32447347 0.03413755 0.05540231
0 0.37120052 0.64143009 0.26415608 0.95508895 0.33028363 0.64932111 0.44013681 0.12473584 0.97865872 0.15754099 0.64813889 0.12951572 0.05455890 0.08243116 0.29098426 0.49446931 0.99094121 0.66047895 0.45027073 0.15700047 0.00250259 0.03318303 0.74069569 0.92691776 0.28391783 0.23926107 0.73069539 0.17768574 0.38207497 0.90866327 0.67625656 0.14196341 0.99355828 0.24289528 0.26885865 0.86517129 0.40835753 0.18744256 0.33385653 0.08274259
0 0.57175739 0.05462749 0.93221490 0.02987802 0.26858814 0.23901958 0.11635734 0.46703819 0.24749482 0.08255840 0.66999492 0.01007067 0.19760934 0.39283735 0.52214959 0.19078423 0.36598559 0.59553622 0.16719094 0.54194548 0.26138514 0.01077875 0.34555491 0.40008817 0.32847724 0.28323135 0.44391518 0.05018895 0.69624296 0.56704719 0.55893005 0.29817765 0.10535075 0.66929978 0.93528813 0.55041413 0.90149694 0.98933888 0.53662861 0.00367789
0 0.54518044 0.75654064 0.83701302 0.60488060 0.43310903 0.76521280 0.53097702 0.02662577 0.95240981 0.53295518 0.75179242 0.02290423 0.59604357 0.56756461 0.56042100 0.17862706 0.65629940 0.21761229 0.92174349 0.24736343 0.48297228 0.40311093 0.11999853 0.98356290 0.54380278 0.37522796 0.58196791 0.61870756 0.55698538 0.53779009 0.37429597 0.90525197 0.77902700 0.27836392 0.22043296 0.95787418 0.12596559 0.70298559 0.74304303 0.95847428
0 0.18193384 0.14615254 0.77931976 0.15952124 0.30628055 0.33647860 0.03950339 0.51976326 0.98893796 0.13845343 0.08299518 0.73698031 0.32345079 0.86203566 0.57181688 0.40437194 0.96805839 0.23434889 0.02776338 0.51033749 0.24744874 0.26153806 0.86744965 0.52581986 0.11127922 0.37388358 0.31855354 0.87904786 0.51028543 0.44355867 0.93090835 0.70442674 0.37677647 0.49195534 0.78769982 0.37048986 0.80354112 0.16229307 0.19487486 0.44123919
0 0.20366639 0.32326306 0.58096972 0.40586590 0.20349585 0.49075078 0.57491766 0.72375674 0.77193247 0.10721777 0.74599753 0.47485550 0.62151657 0.10211301 0.28793604 0.17986357 0.23018657 0.57172368 0.00827844 0.16042695 0.92735657 0.86316323 0.34449348 0.14637179 0.36392101 0.82473483 0.76988027 0.70521399 0.34302413 0.49369654 0.87519652 0.46858302 0.42690744 0.03249393 0.61602850 0.06086374 0.95487586 0.29581470 0.70127533 0.09727427
0 0.10839909 0.01335967 0.86472128 0.61176202 0.44159176 0.20701219 0.80952189 0.79951415 0.85879242 0.12612859 0.94453024 0.01454230 0.36568760 0.68096031 0.64174273 0.54971629 0.04640448 0.08175778 0.63574380 0.84478473 0.62622131 0.14989530 0.35888179 0.41733537 0.66802228 0.55739486 0.46000892 0.99231118 0.92034937 0.07251650 0.48997012 0.01761292 0.58588040 0.74162108 0.75362761 0.99648292 0.31138967 0.82130124 0.62605834 0.84177835
0 0.51372297 0.18981446 0.20966461 0.76290691 0.25104679 0.91314239 0.06928837 0.03311188 0.22460648 0.61853830 0.92402213 0.35295688 0.65345630 0.33721484 0.59726052 0.42527571 0.70309953 0.51786226 0.23063832 0.78751589 0.86870412 0.98397737 0.75285229 0.90931923 0.21453581 0.71052154 0.86096548 0.05634610 0.65347704 0.42921598 0.31964496 0.44576502 0.51397650 0.23682088 0.21288424 0.77449233 0.48650113 0.57703485 0.89311458 0.28818154
0 0.66753843 0.19418922 0.76421004 0.17712555 0.82642383 0.91570159 0.70774299 0.23464898 0.20874431 0.41029176 0.91594828 0.39423253 0.15979614 0.39025234 0.13020597 0.97352428 0.60255096 0.07860512 0.80045403 0.19655801 0.93681120 0.14576379 0.47879384 0.83991187 0.23971225 0.73536236 0.83965298 0.65420540 0.74245542 0.64519768 0.07922156 0.54924622 0.43413253 0.20677375 0.08847951 0.39930268 0.30072857 0.91572436 0.71698410 0.72439226
0 0.14586730 0.40542968 0.64868847 0.43413923 0.15958880 0.92743167 0.89641345 0.28267040 0.40242687 0.10479201 0.68819656 0.67618022 0.15427909 0.35832532 0.56659359 0.99921191 0.64103960 0.07067996 0.85110989 0.68136471 0.99669139 0.24952689 0.22428964 0.81305121 0.44453084 0.17865699 0.09359371 0.23709367 0.58842445 0.30457596 0.55404728 0.69236113 0.39347384 0.39622469 0.23074082 0.76631418 0.90519183 0.83674257 0.01561909 0.12523764
0 0.00726894 0.75873013 0.72959463 0.73410603 0.55023626 0.61825593 0.03887353 0.55244004 0.99680712 0.71789280 0.53348327 0.49817717 0.32440658 0.13535616 0.73634323 0.30849294 0.30137435 0.49185751 0.95282107 0.29467382 0.41055346 0.00307474 0.29356865 0.88755641 0.63245296 0.29567926 0.90753354 0.30071215 0.01990045 0.54365060 0.44739343 0.60047038 0.49707602 0.58114661 0.05626208 0.96503699 0.59804602 0.78248733 0.71236760 0.93937960
0 0.92339158 0.66484967 0.59750476 0.04821459 0.93825357 0.36555838 0.26541500 0.21634539 0.36109211 0.37339895 0.77784940 0.06376506 0.79968493 0.15216614 0.64892106 0.29235065 0.47936641 0.58470134 0.39245522 0.06164115 0.87823437 0.48696137 0.70239725 0.46310387 0.83502953 0.79419943 0.81293918 0.94545946 0.22761846 0.40512911 0.38287854 0.81804894 0.63348700 0.08498053 0.32782340 0.76489028 0.47837898 0.27464726 0.38420988 0.63898673
0 0.05519009 0.13066151 0.83069992 0.67461233 0.45245450 0.62952427 0.71537812 0.65471469 0.87023784 0.10995585 0.14126886 0.50123890 0.02097688 0.19792204 0.64804564 0.21809077 0.31378243 0.66182894 0.49440661 0.10962121 0.30294947 0.37907028 0.69344190 0.72192802 0.44489384 0.26014813 0.98241968 0.00993552 0.55246260 0.67287879 0.51876914 0.82012578 0.46154052 0.63673357 0.98564125 0.89696030 0.33210313 0.81615347 0.96327831 0.27044418
0 0.69434174 0.13171627 0.87652594 0.06294942 0.82021394 0.62932285 0.56417204 0.46532780 0.25174835 0.10010946 0.53239950 0.87550789 0.34965990 0.82758092 0.25249011 0.96718493 0.53930795 0.75349957 0.44201958 0.76187622 0.52575630 0.30035293 0.12913440 0.61452872 0.12567076 0.06576323 0.44110361 0.39102986 0.52101626 0.61298993 0.48118905 0.01538628 0.67799253 0.62171617 0.36198046 0.99499961 0.39437320 0.73459879 0.44869233 0.49438216
0 0.93939064 0.53760074 0.13252162 0.02081970 0.53253455 0.24591364 0.00201654 0.80990243 0.97110957 0.83231782 0.10950865 0.55450941 0.56112322 0.53111503 0.14001182 0.20774551 0.13205235 0.87830985 0.68159279 0.20849464 0.32326285 0.70750309 0.46907067 0.62766606 0.51833366 0.81100082 0.42700307 0.41387579 0.77326307 0.29693106 0.57326890 0.12921828 0.83551141 0.02569965 0.36115932 0.30894796 0.88306127 0.89290522 0.83573953 0.85330463
0 0.92615264 0.14087331 0.05934615 0.66537985 0.90907686 0.32725753 0.62143601 0.08583658 0.42539026 0.05669569 0.68960423 0.54345770 0.61713439 0.09029741 0.98144061 0.23991320 0.26712667 0.98777872 0.24099507 0.61780030 0.31311181 0.00834870 0.28897464 0.82292416 0.01354061 0.59899170 0.48239565 0.36495153 0.77696998 0.43257810 0.46726658 0.70498336 0.23055357 0.62327550 0.43697896 0.55425655 0.44781999 0.44302141 0.71943420 0.25509928
0 0.38191173 0.59035738 0.40753710 0.73342794 0.45768400 0.82171376 0.92053735 0.16148844 0.96454021 0.54527315 0.83780250 0.65020799 0.36160653 0.79883004 0.08195712 0.00243814 0.85782512 0.88560256 0.54492436 0.80153353 0.66177178 0.82574200 0.54825824 0.88412491 0.10948046 0.69632441 0.10825576 0.55160940 0.47328385 0.87889785 0.83669027 0.71179449 0.63065548 0.21119753 0.44960830 0.51029677 0.92926553 0.04843108 0.27948455 0.91071020
0 0.52293912 0.27957380 0.89013020 0.11322285 0.17293236 0.41540444 0.87910253 0.66327536 0.00991776 0.96754967 0.21896411 0.59501781 0.03429800 0.47159547 0.03659227 0.97873651 0.19594221 0.67236226 0.55884106 0.79708563 0.73916717 0.58572969 0.06320878 0.16187324 0.12476070 0.37893630 0.06376667 0.50131466 0.24807252 0.27006793 0.63545511 0.49708115 0.86067355 0.93748825 0.73395584 0.23113455 0.07281138 0.25125372 0.60369986 0.21425429
0 0.56486636 0.49109380 0.88317232 0.71132556 0.66823918 0.59932747 0.81452771 0.05287290 0.78957747 0.43212493 0.04362923 0.42798648 0.74697524 0.41881312 0.85697908 0.99070311 0.46275614 0.51646293 0.34360684 0.98006765 0.11467736 0.85578399 0.89283520 0.95351476 0.28586790 0.01439359 0.64294404 0.16387503 0.87354181 0.42481372 0.98110483 0.57222339 0.51750287 0.02709054 0.96155946 0.98195183 0.09168433 0.90971884 0.55686890 0.30386288
0 0.36544368 0.34759354 0.98615864 0.01774368 0.28605890 0.34199912 0.97463938 0.48279504 0.45984920 0.49518734 0.69028349 0.86745394 0.31657033 0.81088175 0.27638837 0.11856184 0.13021002 0.80208792 0.35286039 0.57049499 0.53903699 0.10887595 0.59440407 0.50678755 0.45873237 0.68134201 0.51040290 0.22994214 0.31465975 0.46674402 0.84912958 0.96953597 0.33280632 0.45484611 0.62802561 0.26439610 0.22365373 0.88179507 0.65214073 0.29152964
0 0.96921494 0.37039163 0.52442529 0.98266049 0.58069862 0.79340792 0.57441954 0.66863714 0.63274018 0.68664203 0.83598553 0.42264051 0.09986442 0.10968911 0.19007917 0.23503484 0.52182213 0.95494825 0.05516111 0.64586898 0.80666828 0.83917244 0.55569690 0.48544879 0.04392772 0.87690902 0.92829859 0.92906616 0.54491901 0.83146634 0.03541119 0.15888390 0.95328514 0.36658174 0.24804903 0.54413953 0.67600544 0.38075511 0.63193912 0.40024591
0 0.07364012 0.69625078 0.32552918 0.06802961 0.81828498 0.69606062 0.23367063 0.26626284 0.57869075 0.85465894 0.67738770 0.41380845 0.72422830 0.49217024 0.43799555 0.89211175 0.05285636 0.49660862 0.71293218 0.02443661 0.64297684 0.20513780 0.86101980 0.88515772 0.80503741 0.11283894 0.45647363 0.92058511 0.76596908 0.58626332 0.09382708 0.76221040 0.15802226 0.29908488 0.59004429 0.54392879 0.60329175 0.67845820 0.71544206 0.49670535