0.54780733 0.15013894 0.00910165 0.47947090 0.05910511 0.58054314 0.90235275 0.65891539 0.82096915 0.82859735 0.73619434 0.73354644 0.70101317 0.52758528 0.30043599 0.21431401 0.65615217 0.60932247 0.57970893 0.59111045 0.35106537 0.94541799 0.65346745 0.27409880 0.73534321 0.88130993 0.83770957 0.71683124 0.09192196 0.75209406 0.30611844 0.19543171 0.49616759 0.77873606 0.43320851 0.73081156 0.45797856 0.70907774 0.01319372 0.80983244 0.75853412 0.19011770 0.32567750 0.88652624 0.13882392 0.13636780 0.74289706 0.12592685 0.54885099 0.29365644 0.20313784
0.49076403 0.12440925 0.78857056 0.41106601 0.06521514 0.92259378 0.70079810 0.06811032 0.46010516 0.71771012 0.59895354 0.78465729 0.25039160 0.83600668 0.54003866 0.58070619 0.65846573 0.09066227 0.24851168 0.04276373 0.11574658 0.36771821 0.06300819 0.27214050 0.91024039 0.30915274 0.76707676 0.73344437 0.85918243 0.84105293 0.60486386 0.99194914 0.83357424 0.00284728 0.62350161 0.11464866 0.00537435 0.64781995 0.98102313 0.20219069 0.88829551 0.10563545 0.01195029 0.11751627 0.59960764 0.82436001 0.65226866 0.98191436 0.28304001 0.34247474 0.29132549
0.42033351 0.30182231 0.68063188 0.24025600 0.85517536 0.63609890 0.38841484 0.78486434 0.37142789 0.90039656 0.03311962 0.22545536 0.80587873 0.53452062 0.87558317 0.39693395 0.74928179 0.01520026 0.84234213 0.90955878 0.09273334 0.38599872 0.67391340 0.75405791 0.59814662 0.00944969 0.30574551 0.97438371 0.72759656 0.20807635 0.12139755 0.82720500 0.62743890 0.37989478 0.70676051 0.21930466 0.73049177 0.24919906 0.12964353 0.24237132 0.91319903 0.14487020 0.57080533 0.30924370 0.52457910 0.58614694 0.34051897 0.73648719 0.88989456 0.99974133 0.92901585
0.61525153 0.08436129 0.09237740 0.75966282 0.46568002 0.87084879 0.25927669 0.74048385 0.47970984 0.70040547 0.42180978 0.54264571 0.12292420 0.58557626 0.85647768 0.77378492 0.48818680 0.47386244 0.90258326 0.85956069 0.07210976 0.47230602 0.91739722 0.49857721 0.57997643 0.90406453 0.48531904 0.01382527 0.95556047 0.71397430 0.68147844 0.78805222 0.07935341 0.18248329 0.14041818 0.24097617 0.48203293 0.25596764 0.78694447 0.48301873 0.97957434 0.05632832 0.34892636 0.86323798 0.35222813 0.29389773 0.19077098 0.11840152 0.06165705 0.37506843 0.58149682
0.72564701 0.52884604 0.96968922 0.24277228 0.36293567 0.67996878 0.68315650 0.90998259 0.08951157 0.30821529 0.26426180 0.68333260 0.97283811 0.29665480 0.47223905 0.14618948 0.40898995 0.90052863 0.32508784 0.58431346 0.31023734 0.09693857 0.95613214 0.15232087 0.66656718 0.47571553 0.71690655 0.50266879 0.72714273 0.26732478 0.48184443 0.21764573 0.19321230 0.88198340 0.33387641 0.36629863 0.36573463 0.76873644 0.93992891 0.64592096 0.14899657 0.49405846 0.96144660 0.86167292 0.17575653 0.68661728 0.78744457 0.94809939 0.08995485 0.89815746 0.72622910
0.34275660 0.19979049 0.49003076 0.54680912 0.28485471 0.29697050 0.37072179 0.92215237 0.53076714 0.42719724 0.78178694 0.89382410 0.05345459 0.79246581 0.35794496 0.95117813 0.52429585 0.76750191 0.37162838 0.69815350 0.76351299 0.22067850 0.41312463 0.36686233 0.88932435 0.94400688 0.75450638 0.62953747 0.59615338 0.01730622 0.29887094 0.25904163 0.84866716 0.35841303 0.32597883 0.19302184 0.29111366 0.54429979 0.21120176 0.46792661 0.84037181 0.22723033 0.91676089 0.30648535 0.25632429 0.11558656 0.33255641 0.36588297 0.96460777 0.54075950 0.47845968
0.78374510 0.04449086 0.08950544 0.17075942 0.19518194 0.08857549 0.64542541 0.00252446 0.33652229 0.59121227 0.45373440 0.39096470 0.20000124 0.62896647 0.50024413 0.00444320 0.95854866 0.85916569 0.57849189 0.09761239 0.04095768 0.28150615 0.90820418 0.15521715 0.80509566 0.78288991 0.06379364 0.77342895 0.23045289 0.21711022 0.27334383 0.89214432 0.93120690 0.65869786 0.85654559 0.33250202 0.57711315 0.51418634 0.68430536 0.09094348 0.50191581 0.37424986 0.06325478 0.99446113 0.87760482 0.84661180 0.37514763 0.13124963 0.33772900 0.12231882 0.13413897
0.93679580 0.34410637 0.69691886 0.86419819 0.93751231 0.90865743 0.49327850 0.34441649 0.93234194 0.50571854 0.61421886 0.32172618 0.82732799 0.14007589 0.09084613 0.74855762 0.42896805 0.57209370 0.28639630 0.96721735 0.24923781 0.64369235 0.06561086 0.03327843 0.77849229 0.49756564 0.44610416 0.54703229 0.74202197 0.23690866 0.21087890 0.94505878 0.57186188 0.23406113 0.88009188 0.19322929 0.69752178 0.86385330 0.51536687 0.21796532 0.28762583 0.91107454 0.06139700 0.21433290 0.75902092 0.28136800 0.31727465 0.17756099 0.71073242 0.93098655 0.17393174
0.61882969 0.93721707 0.12322914 0.45426871 0.44668223 0.82868274 0.21800852 0.54899607 0.42217215 0.77581502 0.20588512 0.05390740 0.42886504 0.16207124 0.10903342 0.78324809 0.03807225 0.14877256 0.18899133 0.85903949 0.49520125 0.73654493 0.62467487 0.05766334 0.30486579 0.52123069 0.95402361 0.23270691 0.05040623 0.15321212 0.10877544 0.42701399 0.94772870 0.75615894 0.31425153 0.23708327 0.90387921 0.46453227 0.47466535 0.09939942 0.52752681 0.79874733 0.91935288 0.43097927 0.62153769 0.81271796 0.54645292 0.97535919 0.17708001 0.82057617 0.46795049
0.28044619 0.78420680 0.03768024 0.23362805 0.96609993 0.67562236 0.65559505 0.59135266 0.32700875 0.32834524 0.71154899 0.52725993 0.86036714 0.66223900 0.60994193 0.02177836 0.50805882 0.39488888 0.30679877 0.55607023 0.75949332 0.03906178 0.97763400 0.90834877 0.27394073 0.36199323 0.45501233 0.19066300 0.35015352 0.86500398 0.84416137 0.39412590 0.39626000 0.98745609 0.50331228 0.93419262 0.53435983 0.29081615 0.01001467 0.81748014 0.61194619 0.83660171 0.82549260 0.08775094 0.18622572 0.33624386 0.11617822 0.15106730 0.49760166 0.42140757 0.59488105
0.42875488 0.05503177 0.56006879 0.30361957 0.54169718 0.21866710 0.72665501 0.97596387 0.89061591 0.08412383 0.92381433 0.98880701 0.06437408 0.04793507 0.04888517 0.94180382 0.98197231 0.66517500 0.39989711 0.58728608 0.05379128 0.79794328 0.32394127 0.17428298 0.93376588 0.59734265 0.12500544 0.26734654 0.62656014 0.56177816 0.36887864 0.75420160 0.81244390 0.77085166 0.14948599 0.06581069 0.25745553 0.40682053 0.71402355 0.59826392 0.08756812 0.84453516 0.08352032 0.94797478 0.52295837 0.91596434 0.95096236 0.84998276 0.39211144 0.43686413 0.19087185
0.64373433 0.37537691 0.72083983 0.77224193 0.68153355 0.46372410 0.59999700 0.73098520 0.34192483 0.56082806 0.42157234 0.12856295 0.21358944 0.50525011 0.59638040 0.60021851 0.57490904 0.04435946 0.53760796 0.17924694 0.51016860 0.45277562 0.24743254 0.57299066 0.87544216 0.55549412 0.38413741 0.96175854 0.85552500 0.88949017 0.37384040 0.69362394 0.03784591 0.61747881 0.01864928 0.95606432 0.77011381 0.59364214 0.09700181 0.61966412 0.06552318 0.67351700 0.65214381 0.96960901 0.47266294 0.95886988 0.02114387 0.96745850 0.13684413 0.17326812 0.16953878
0.01869097 0.74538153 0.77518933 0.56564896 0.96077370 0.17143506 0.73289418 0.65379840 0.13201754 0.40933706 0.10891983 0.96711932 0.93323423 0.82890152 0.73193493 0.05831648 0.25222206 0.86703223 0.26982905 0.72071187 0.48536309 0.02201664 0.96029291 0.42208560 0.66112343 0.41921265 0.10377839 0.48027420 0.34700559 0.27640608 0.17860960 0.27218279 0.60450960 0.31293670 0.09915028 0.68681301 0.24591789 0.51876081 0.70531401 0.10810364 0.04222626 0.72793913 0.04533832 0.44482652 0.33330122 0.12560893 0.39362478 0.11247555 0.69935201 0.15831905 0.23158167
0.41603161 0.96706315 0.31467794 0.61178717 0.48268189 0.84424111 0.89658400 0.42442496 0.75001751 0.90358721 0.21087845 0.08982621 0.02792789 0.46921522 0.57708130 0.11208498 0.32135686 0.19879201 0.16894079 0.74609717 0.92627963 0.79968522 0.98584774 0.75400527 0.79270562 0.36926131 0.18473570 0.85691473 0.78620763 0.30748468 0.59390903 0.02388003 0.27342280 0.61422587 0.47731039 0.18254179 0.40716591 0.65419571 0.52106027 0.28442842 0.59324178 0.14917881 0.57367105 0.91281967 0.88373790 0.24024895 0.88715843 0.78220076 0.46052393 0.95190549 0.47834340
0.54572048 0.94788075 0.28557870 0.75795855 0.30069749 0.02462597 0.47170915 0.75974210 0.06210327 0.69379877 0.61761436 0.14252439 0.26008259 0.61191249 0.10261361 0.63538063 0.00995476 0.07997765 0.59238972 0.74924529 0.50177237 0.65494474 0.47132428 0.38795277 0.36139656 0.85291048 0.82455097 0.45749004 0.24618102 0.08437677 0.84072870 0.69431679 0.25573944 0.78704713 0.65204513 0.71192925 0.96190415 0.70309050 0.17971792 0.69941381 0.99186638 0.38549765 0.51126969 0.29655747 0.13462153 0.31210074 0.70010989 0.91715150 0.88322543 0.43602176 0.64846504
0.19544630 0.17400044 0.60776149 0.91145621 0.29028434 0.83871363 0.06683486 0.84313082 0.49725963 0.94688061 0.11980489 0.49451332 0.99132166 0.78273349 0.19676236 0.06924737 0.55056233 0.67502223 0.70974352 0.54415964 0.79649485 0.27770284 0.52427345 0.27008371 0.82695365 0.18569818 0.39916840 0.98253961 0.11481484 0.96229966 0.44992535 0.67237314 0.19905677 0.75341174 0.54747251 0.19321616 0.00425124 0.66872302 0.57674961 0.31563772 0.59039519 0.02102111 0.64853249 0.17711263 0.75706415 0.33225138 0.68311148 0.72244304 0.20418792 0.73855176 0.26587860
0.78102556 0.88632030 0.05637953 0.31257366 0.88536438 0.78809418 0.30797817 0.87588504 0.79948947 0.59562424 0.94681533 0.37529576 0.99644537 0.64193916 0.37225604 0.63851134 0.00077508 0.06409635 0.57761761 0.40550060 0.59493090 0.32545186 0.93688609 0.36512643 0.37780180 0.12862857 0.20275637 0.36953863 0.05905489 0.27304656 0.76229110 0.20294623 0.17474634 0.19544915 0.07637672 0.16908188 0.61766478 0.77267888 0.01528692 0.80561667 0.49012820 0.46302793 0.49504755 0.23397842 0.30746336 0.01580779 0.41792916 0.00947246 0.50715349 0.78835298 0.42527640
0.84929862 0.55164985 0.17549485 0.38201655 0.28500384 0.65209820 0.77861025 0.82957167 0.11110495 0.28574095 0.71967205 0.86753234 0.48306181 0.23151251 0.94029715 0.05433338 0.65547566 0.80635341 0.41660903 0.95330476 0.64533359 0.34902696 0.96780158 0.89285391 0.55531458 0.76872922 0.73961160 0.35816824 0.89861905 0.15254192 0.50347752 0.18670974 0.02947738 0.00878472 0.62798225 0.40090610 0.70244007 0.71258176 0.95124837 0.07882569 0.85874632 0.11546502 0.81127421 0.13725654 0.96951332 0.08259464 0.17576951 0.28149257 0.65318428 0.92918462 0.15387017
0.66226244 0.82861814 0.34197949 0.16918106 0.97261991 0.36539928 0.39213594 0.72691704 0.81624708 0.04939089 0.67262114 0.01748224 0.18350466 0.69425119 0.42624657 0.56464777 0.78269637 0.39857654 0.76971526 0.74855874 0.79139733 0.27353132 0.76456686 0.31212176 0.31632907 0.44726921 0.13766378 0.89389386 0.48014666 0.79014651 0.91186880 0.22141495 0.58963628 0.59867265 0.07182261 0.84599530 0.28220424 0.42633897 0.66023771 0.20329082 0.89617149 0.35591207 0.37688250 0.34356826 0.56527022 0.27047282 0.83543773 0.89138361 0.69887225 0.09942835 0.12266461
0.66646660 0.57686136 0.59091878 0.19983258 0.92592508 0.76169491 0.89348618 0.98811168 0.37245294 0.91008268 0.11756857 0.68764272 0.91404584 0.35284356 0.09132711 0.99425644 0.65779910 0.50388404 0.72550951 0.39832011 0.77368269 0.75787447 0.75849887 0.67694826 0.67375818 0.04108276 0.16539132 0.02382202 0.41812330 0.59095723 0.18389231 0.00011919 0.38093951 0.85743365 0.73501594 0.63556493 0.98821907 0.64257401 0.99801706 0.56037113 0.77361746 0.72502766 0.03668183 0.00683990 0.08929803 0.25193787 0.66804702 0.88366475 0.55600593 0.12330027 0.21481381
0.89647059 0.73980838 0.44241168 0.38916754 0.86489182 0.60252906 0.86093128 0.31840983 0.96949518 0.98872441 0.30820877 0.64175466 0.65111218 0.78412005 0.16191658 0.68283595 0.28065358 0.40874594 0.39065654 0.93391848 0.51923630 0.99257896 0.57909386 0.47550064 0.49646087 0.92232227 0.03230431 0.49894130 0.54893516 0.44502075 0.34840301 0.79993974 0.28164865 0.66753224 0.94715664 0.96714215 0.14155817 0.60044506 0.04716271 0.00284336 0.52575511 0.86085147 0.49531350 0.28169886 0.68584083 0.27045875 0.66964425 0.07855583 0.33564544 0.86383797 0.40029822
0.37795886 0.92118303 0.75618249 0.48322420 0.31558014 0.96974347 0.91076756 0.89735488 0.39576992 0.79927963 0.09337279 0.27839676 0.57961797 0.13975623 0.20425025 0.55099612 0.44436233 0.89488410 0.73779038 0.87592721 0.87767668 0.35567224 0.33585872 0.23008262 0.18931342 0.66648679 0.27284679 0.00442785 0.09777429 0.23981505 0.23880039 0.97871564 0.78112604 0.11768912 0.97155960 0.91163749 0.06877409 0.98573321 0.12966406 0.77122382 0.89495189 0.66005464 0.29484842 0.32268574 0.33487968 0.38770798 0.14627263 0.38952540 0.90099115 0.22821852 0.65820205
0.60862355 0.28932199 0.11665971 0.63867296 0.91114719 0.43509976 0.94803650 0.04874888 0.27850101 0.56176950 0.16823477 0.32029422 0.54618160 0.88913530 0.90855471 0.32476101 0.15827374 0.80399273 0.65885360 0.73630589 0.81146283 0.59057299 0.83858158 0.27962394 0.86981924 0.26831447 0.39550160 0.75620680 0.28024355 0.69092296 0.73864281 0.80230274 0.47334436 0.82337695 0.89504389 0.04767632 0.39565340 0.03247997 0.76910132 0.71633612 0.38646499 0.30175692 0.77884520 0.73871897 0.08622036 0.51293694 0.94522250 0.12938947 0.94323947 0.32396046 0.71847633
0.72513391 0.17173645 0.71739358 0.43996693 0.37539835 0.20643691 0.99332813 0.35828815 0.33034015 0.79774889 0.83729109 0.54529113 0.88133350 0.89632145 0.10638224 0.89063448 0.27458909 0.38695798 0.14580461 0.59273804 0.54061867 0.54923414 0.77314710 0.20952542 0.16059558 0.84580302 0.54922430 0.38409813 0.42523258 0.26925315 0.59197377 0.81849176 0.93261859 0.01451738 0.98385639 0.93292279 0.91852623 0.68621405 0.77340042 0.91844230 0.01602279 0.59893412 0.67797574 0.56767067 0.60078665 0.98337113 0.85757958 0.35129501 0.09435255 0.07232342 0.54836061
0.69726905 0.46957866 0.10798109 0.91980350 0.32516335 0.73094911 0.28554278 0.25094140 0.78987049 0.32689563 0.52809029 0.40865903 0.09687910 0.29214269 0.77378172 0.65509444 0.36558699 0.41515051 0.14880699 0.01134297 0.03763277 0.87905050 0.99818177 0.76111180 0.05398207 0.63403861 0.25133954 0.19066943 0.75751298 0.22501180 0.01061329 0.33037895 0.01710276 0.92030306 0.56808215 0.28830033 0.21472601 0.76569166 0.27989029 0.74779095 0.28883201 0.62243433 0.85702895 0.33873025 0.98527678 0.33888430 0.66770440 0.88593871 0.83134352 0.95233529 0.58879832
0.98855697 0.11889253 0.22104737 0.79255944 0.99059663 0.35943963 0.84598267 0.60954796 0.16556882 0.25697032 0.45759848 0.26998764 0.85704260 0.23355380 0.81511630 0.89306254 0.39218029 0.93832990 0.69400511 0.56732892 0.81674192 0.97219894 0.62198769 0.74529496 0.88774696 0.26855277 0.96469942 0.46135436 0.30392605 0.18464283 0.85919867 0.07464227 0.85429114 0.37868914 0.14684879 0.33701510 0.02159786 0.97459168 0.76666173 0.59123806 0.59016922 0.34911362 0.03601369 0.81559816 0.97649427 0.11566345 0.86771332 0.04854182 0.32621248 0.52431125 0.25072397
0.45057012 0.90253756 0.54943177 0.25641083 0.89050720 0.92887199 0.39437485 0.42300489 0.47938992 0.84230698 0.00682204 0.61804550 0.91761000 0.86489936 0.46899509 0.38188408 0.86957248 0.90606129 0.80364086 0.31490132 0.83501734 0.07209425 0.81972444 0.28691073 0.14728369 0.47784420 0.11101986 0.11929216 0.79617907 0.63065011 0.21629638 0.91871816 0.74674869 0.38820314 0.25155539 0.42590778 0.30512302 0.37962925 0.03278097 0.58366121 0.86875418 0.82305344 0.82192542 0.02550032 0.09073488 0.87309868 0.34935811 0.33955952 0.08652632 0.98821860 0.69276450
0.77194217 0.81630427 0.32045762 0.92548967 0.49957801 0.18726535 0.79917803 0.18657841 0.72468695 0.73761829 0.40548840 0.97027198 0.62127589 0.98761814 0.11555370 0.98447956 0.59866426 0.67288349 0.12866164 0.88574952 0.43785532 0.11137019 0.28986670 0.56252455 0.60364001 0.89775783 0.06722695 0.40897142 0.43864089 0.96763769 0.05009516 0.20843481 0.00507322 0.82877380 0.69762081 0.82857180 0.05582170 0.41784190 0.98556457 0.91948200 0.98850064 0.60843367 0.67472237 0.20165546 0.66448640 0.86974596 0.15570195 0.73231913 0.65948054 0.95525865 0.21248872
0.74676970 0.85298338 0.78683629 0.59118510 0.28553874 0.26112676 0.89207269 0.96050074 0.83874416 0.67063655 0.85132936 0.70701794 0.66573932 0.94126429 0.21580250 0.02095100 0.28117928 0.80984867 0.26908521 0.89706363 0.83788139 0.65123779 0.82207494 0.00060462 0.78236517 0.92962278 0.95470894 0.82956605 0.21071435 0.00840426 0.24789293 0.24226466 0.81041173 0.57753368 0.58512153 0.21319187 0.13805526 0.20434075 0.04567136 0.63027312 0.25337157 0.41718010 0.75988097 0.05312329 0.40670111 0.29079895 0.85191397 0.61457875 0.56013675 0.71814929 0.75653529
0.66673383 0.01175550 0.42543745 0.26381266 0.34790312 0.28789086 0.31552481 0.61928852 0.97837743 0.77015123 0.90936318 0.88705047 0.08053601 0.23189729 0.49596934 0.56926089 0.86282294 0.57314973 0.09851305 0.16808936 0.20729151 0.56340540 0.51741321 0.97462452 0.55686466 0.32859918 0.52090739 0.87422411 0.61115597 0.65145545 0.71938018 0.36889586 0.40864043 0.89373171 0.78180589 0.33468349 0.19815910 0.49436386 0.43098178 0.25566602 0.48418858 0.54928177 0.08879802 0.80606028 0.76799940 0.93666974 0.13361123 0.68805057 0.80077486 0.81570637 0.47885842
0.57535095 0.61495541 0.09732419 0.58536846 0.86113958 0.20652050 0.66228867 0.07939914 0.66388647 0.50361364 0.68490347 0.86424713 0.20572947 0.17586309 0.40990614 0.98534952 0.24543561 0.91394486 0.12562748 0.53711527 0.72161805 0.04038089 0.87824440 0.58429533 0.14176173 0.70025958 0.67996448 0.41152071 0.53874339 0.42451240 0.57823835 0.41170804 0.00891447 0.55857429 0.97360354 0.57735214 0.94444856 0.90570210 0.00052134 0.86829590 0.07753753 0.94691962 0.61857606 0.69538774 0.36515302 0.16850375 0.30066405 0.38150758 0.56047394 0.35312151 0.85030726
0.73976200 0.04071177 0.17217243 0.93198419 0.84322021 0.09094975 0.05458700 0.35637921 0.65138242 0.37974402 0.10127655 0.02670807 0.40564247 0.80461771 0.76462537 0.72278653 0.60932709 0.23421221 0.11886130 0.57626565 0.96746439 0.92874201 0.80983642 0.17346599 0.87725444 0.58153284 0.19169441 0.71150014 0.93228507 0.99180547 0.73309681 0.52888130 0.43185659 0.35250020 0.50712580 0.63357321 0.07134920 0.01682019 0.46667576 0.55944432 0.83038719 0.39330434 0.25109227 0.99634751 0.57262432 0.31162322 0.47001144 0.15955391 0.02429545 0.79992470 0.76679840
0.79102732 0.60824920 0.71943823 0.47667918 0.01803382 0.07599716 0.11318018 0.36360490 0.03383873 0.00238546 0.44298460 0.74508303 0.71075061 0.98581442 0.11271754 0.29565593 0.80753078 0.83150307 0.80541514 0.95740142 0.39119312 0.08611475 0.19821879 0.67977630 0.45747853 0.03913115 0.56136360 0.16131866 0.50479451 0.70968150 0.59610904 0.37216990 0.99316942 0.39710542 0.62138335 0.39907333 0.20277823 0.08934618 0.88004641 0.07345077 0.99585423 0.39534358 0.30305844 0.91835469 0.38130942 0.69591443 0.54347454 0.18153789 0.58314388 0.89217956 0.47206819