0 0.10957871 0.52173225 0.47141666 0.61251954 0.16194493 0.23133315 0.60728823 0.18648678 0.56407439 0.75767544 0.66471455 0.53751247 0.45499637 0.50623286 0.78923169 0.70759874 0.89771238 0.84480634 0.22649492 0.85141841 0.18950108 0.00329140 0.63965840 0.99051208 0.23450645 0.95901538 0.97068193 0.33345365 0.22241467 0.04778738 0.32618632 0.01784982 0.49471947 0.49881187 0.95929897
0 0.66617198 0.27402188 0.95587391 0.66600143 0.58980136 0.88200503 0.31771257 0.81781163 0.82430162 0.17817023 0.90725656 0.81220286 0.43381527 0.21411593 0.06240397 0.93798285 0.68361386 0.51708617 0.73028565 0.52492583 0.74721402 0.99171085 0.54246004 0.77527138 0.58810452 0.16030506 0.15024441 0.85927361 0.53601260 0.34979039 0.30739609 0.69780513 0.86376988 0.47724609 0.30161417
0 0.35208994 0.36322199 0.28629372 0.85684069 0.09396035 0.51725795 0.24296354 0.55509792 0.03960285 0.36991863 0.81238722 0.15960606 0.69557815 0.60767651 0.50660552 0.96018335 0.88797155 0.68236130 0.91897615 0.40743903 0.32384928 0.02983924 0.94211139 0.85402661 0.46876722 0.56843664 0.50397081 0.17923320 0.51489883 0.69723084 0.45067953 0.43743840 0.96141912 0.95671457 0.65483830
0 0.44148387 0.73210175 0.36297295 0.03453591 0.36875298 0.81465742 0.18139463 0.93097116 0.06076686 0.12216065 0.56707158 0.21153551 0.67636212 0.64898384 0.06642500 0.54040416 0.75402248 0.02197689 0.44822759 0.49012743 0.54069452 0.23220115 0.71207484 0.55541060 0.65242601 0.67334677 0.40849148 0.67421501 0.74642246 0.61003332 0.59724160 0.56150901 0.90462581 0.85251310 0.86904356
0 0.01744217 0.85567678 0.72386710 0.86077454 0.38441200 0.99513031 0.37160457 0.60538097 0.49643732 0.40305124 0.09764633 0.87509545 0.78944806 0.70362521 0.65899315 0.40019247 0.72254609 0.66317781 0.42595054 0.47539812 0.29798790 0.88100219 0.87560139 0.00220285 0.26158398 0.79165408 0.14528873 0.45770753 0.51540638 0.46788013 0.27419061 0.62926745 0.38114028 0.39010373 0.32063985
0 0.20908034 0.61511124 0.43140037 0.75866139 0.50399859 0.49496466 0.79615182 0.42927089 0.58322754 0.87317013 0.54607718 0.85039737 0.16020507 0.82396735 0.64909568 0.87386443 0.38484089 0.39806699 0.19448452 0.51868386 0.50842563 0.04336436 0.53205292 0.30698610 0.07590406 0.45011899 0.61356061 0.58223242 0.89883823 0.93549917 0.74136787 0.09892393 0.56727012 0.99508539 0.26231127
0 0.63884261 0.66982585 0.31787164 0.48405725 0.53093040 0.20878606 0.38649972 0.23669369 0.73023211 0.92048037 0.76590594 0.05407707 0.54589859 0.34124620 0.32125606 0.90746130 0.19906673 0.49532558 0.89998837 0.78819112 0.13850360 0.02345544 0.46298126 0.20675164 0.44522128 0.41954093 0.25630641 0.85222316 0.71684081 0.79768334 0.37772376 0.23919789 0.53830258 0.27296668 0.01102050
0 0.15847346 0.01759156 0.60679101 0.67649083 0.14334570 0.89346601 0.24117223 0.07729932 0.96508107 0.40674827 0.22631126 0.50916504 0.37915653 0.46755688 0.83186878 0.34475027 0.95811342 0.64792969 0.82476371 0.80433139 0.86737845 0.18260740 0.49494722 0.08077619 0.86716387 0.47031783 0.51548614 0.89954637 0.65656599 0.53372131 0.63442303 0.76338952 0.91523912 0.51824773 0.01326292
0 0.45658021 0.04353027 0.58837661 0.75056890 0.86501532 0.65371720 0.51448113 0.75903250 0.80616342 0.32300037 0.83417816 0.70051688 0.35681430 0.98315763 0.71919580 0.12595420 0.11676901 0.59227739 0.58209126 0.31561071 0.95305703 0.41074484 0.01672112 0.57011664 0.03196164 0.28666263 0.88218730 0.86379017 0.36508077 0.84514619 0.21205170 0.83916814 0.67084494 0.37144072 0.15893304
0 0.09528824 0.08436010 0.47956567 0.36916999 0.60215106 0.13613806 0.36619931 0.02305440 0.85992253 0.46422236 0.56377481 0.27320931 0.11382063 0.92441310 0.62726634 0.96700644 0.53426230 0.11973960 0.11590177 0.34848834 0.77673032 0.88302430 0.56404638 0.90108037 0.74695197 0.91532798 0.87475997 0.61444852 0.71436417 0.60826029 0.71503699 0.73717898 0.14047301 0.05958583 0.04349776
0 0.51152557 0.71859805 0.42925096 0.85930656 0.47729207 0.15762467 0.07690186 0.62534969 0.67898618 0.18477059 0.37215979 0.58921493 0.51370243 0.09100545 0.67536459 0.40227156 0.01676153 0.89764527 0.74919312 0.02015770 0.09795435 0.88377619 0.78050426 0.85723968 0.61330838 0.78154495 0.26695764 0.56311599 0.18561545 0.41998624 0.25439863 0.59099612 0.37152942 0.97793988 0.79869716
0 0.93579244 0.11386316 0.29274374 0.06967363 0.03402093 0.41478395 0.86377074 0.21494009 0.83811490 0.81892741 0.28851158 0.95793045 0.50451267 0.60501995 0.87378752 0.91708882 0.96788922 0.55042010 0.07580985 0.80213000 0.91315850 0.75505930 0.24018621 0.96848219 0.30238190 0.28958350 0.83660649 0.29246627 0.66547507 0.36706671 0.01282355 0.96746247 0.82161446 0.32848801 0.82867713
0 0.61525959 0.56250144 0.97923437 0.97329216 0.05697781 0.09915043 0.71721107 0.11721528 0.19440128 0.75062538 0.45271284 0.30613637 0.71525177 0.43615604 0.53602812 0.96397447 0.75488066 0.02132411 0.78082000 0.14049073 0.22205080 0.46451640 0.19964720 0.61222324 0.22792606 0.01160088 0.25255896 0.32542195 0.94508134 0.39478792 0.25051808 0.45579438 0.26729065 0.10589866 0.05247635
0 0.05225569 0.84104735 0.33476839 0.34824749 0.83050969 0.39621452 0.09027207 0.62889225 0.18716963 0.81589991 0.35446612 0.41215151 0.91626148 0.05459454 0.85959884 0.41253277 0.42733373 0.83880977 0.22324918 0.12397628 0.48803211 0.06589266 0.72861213 0.71759694 0.64387920 0.95439461 0.99495598 0.24781872 0.50413257 0.29331446 0.14753493 0.90728874 0.02497725 0.58773143 0.86674868
0 0.47427786 0.76994176 0.50478895 0.87309758 0.15584586 0.88230908 0.78668648 0.98749049 0.74586867 0.16542746 0.71628063 0.89572008 0.38909619 0.23420813 0.29609278 0.14142799 0.27072912 0.17473023 0.53296579 0.67364007 0.23557345 0.52875596 0.60830737 0.48296010 0.68165213 0.70609157 0.25780334 0.47476778 0.07022307 0.12011304 0.38467900 0.74827461 0.04747334 0.44040759 0.78703229
0 0.87704956 0.48272981 0.36136558 0.89245789 0.61963360 0.69384621 0.19668943 0.56212645 0.72812060 0.75249801 0.42716980 0.35167852 0.16808917 0.04043538 0.05271154 0.09773819 0.11502877 0.16231614 0.22947475 0.33654681 0.55041037 0.91156002 0.20912945 0.85516194 0.14481024 0.23273646 0.03960501 0.62586301 0.38600310 0.02731789 0.83534782 0.48084918 0.58669869 0.20920144 0.67998460
0 0.14701150 0.48960370 0.63222170 0.38542024 0.67950581 0.67674875 0.38394789 0.39878302 0.90804859 0.88552783 0.46837895 0.12226209 0.24130335 0.63565558 0.08472031 0.79076520 0.06241990 0.27925570 0.55024651 0.83845769 0.99273516 0.70055113 0.41232438 0.37762607 0.50083823 0.41213505 0.44799100 0.01194279 0.69064892 0.72155905 0.05905220 0.71109134 0.61485343 0.97498304 0.03648648
0 0.88484383 0.12898661 0.62388894 0.79001030 0.11206569 0.12664539 0.00636828 0.91698072 0.20375538 0.97776330 0.28625144 0.41938172 0.40910950 0.12957138 0.95135427 0.96846093 0.60973650 0.12381590 0.63637542 0.36365345 0.28952541 0.73399905 0.80648568 0.73575060 0.91630791 0.53285327 0.01440845 0.10384040 0.12633620 0.96295639 0.02679823 0.61136852 0.76373059 0.90233874 0.10498175
0 0.13873727 0.39443466 0.79212980 0.12063417 0.01818133 0.38784764 0.62473651 0.98872107 0.26122944 0.03918751 0.47874140 0.10804377 0.04988056 0.49177025 0.83065296 0.11398450 0.23969434 0.41077388 0.57383731 0.26855477 0.27631582 0.45868908 0.53140432 0.23960868 0.23652405 0.62753994 0.26251750 0.85409063 0.67071524 0.39409259 0.13054182 0.64944444 0.54580122 0.48165104 0.92663903
0 0.69281903 0.86582411 0.73567317 0.82386562 0.18946342 0.48215864 0.25032231 0.07452345 0.85971172 0.19599355 0.41920257 0.65745874 0.92821653 0.50285443 0.02590921 0.03220011 0.83959704 0.23224985 0.83865783 0.26327222 0.49142586 0.89509364 0.42813916 0.04071607 0.85848651 0.76737618 0.08887899 0.54179301 0.37149116 0.61062776 0.81176555 0.65404452 0.30895638 0.45803778 0.22903963
0 0.81132529 0.76269189 0.07966333 0.33292528 0.58212216 0.44536576 0.58098170 0.55521190 0.19341710 0.72286669 0.08611077 0.48748140 0.37354760 0.77469245 0.61034265 0.12030678 0.25396308 0.71235081 0.03620498 0.98463147 0.58247144 0.81876747 0.57308602 0.98967124 0.16951485 0.81095323 0.20252858 0.06906377 0.31420961 0.17369012 0.38961928 0.97062337 0.93832998 0.16375472 0.77546930
0 0.65494159 0.29411101 0.04220406 0.65660320 0.80420665 0.40569122 0.45650758 0.80414284 0.88499794 0.85421082 0.66481646 0.57899390 0.05744483 0.12302672 0.47141919 0.35881204 0.97802086 0.48220077 0.32544078 0.00834726 0.20437854 0.31036308 0.02409957 0.49683413 0.47801148 0.82724751 0.85734488 0.79441667 0.63416472 0.44164184 0.83245517 0.86416690 0.26829543 0.30719029 0.82518549
0 0.90707553 0.57452053 0.22243135 0.11830949 0.01446531 0.96386928 0.71164952 0.80891039 0.03559568 0.16879260 0.97956450 0.99253203 0.77779968 0.54526307 0.44557688 0.46530954 0.62231307 0.19493301 0.73223441 0.92445689 0.26102651 0.34720006 0.30777891 0.29299627 0.53771185 0.16466334 0.46407846 0.84637203 0.31184372 0.76533531 0.94894483 0.27660002 0.85395827 0.79110793 0.36578264
0 0.69386065 0.52856094 0.29435398 0.40370992 0.83595176 0.42391539 0.06317760 0.06773718 0.43277589 0.14761652 0.76071074 0.34128604 0.75604318 0.22267005 0.41498507 0.13227439 0.87363008 0.39087233 0.86329162 0.92919005 0.02354123 0.65860337 0.72857349 0.32502061 0.82417975 0.10471762 0.38527944 0.45460179 0.74563908 0.31103585 0.15823917 0.43489298 0.38098764 0.77301331 0.69050407
0 0.09788260 0.57702452 0.80147851 0.01472965 0.66227262 0.41074322 0.23590777 0.36755891 0.50278581 0.33074763 0.75552119 0.19759877 0.84488518 0.52212250 0.69655538 0.13496448 0.03789030 0.69876836 0.06238931 0.91399941 0.04092023 0.07896883 0.84776935 0.37066097 0.89378854 0.25796572 0.88920038 0.67219583 0.23892075 0.05557568 0.20063973 0.87911046 0.41056023 0.18738942 0.15695139
0 0.78807621 0.21397372 0.78485267 0.94714800 0.75929020 0.28006279 0.37253571 0.43526848 0.89294704 0.79973336 0.90015627 0.93880963 0.48685836 0.51757008 0.82242817 0.46295004 0.18089049 0.09580814 0.02156619 0.61337551 0.57377336 0.34729043 0.57528507 0.75133451 0.38396605 0.38004269 0.98738891 0.95162393 0.41864810 0.39629545 0.51855434 0.97752413 0.71353756 0.74522613 0.68166942
0 0.79627398 0.21112023 0.84139053 0.79909741 0.12449590 0.25600710 0.72975779 0.75849261 0.11505185 0.00351981 0.40345866 0.74930343 0.57513107 0.56123678 0.46180182 0.81385534 0.03994123 0.31311564 0.33380860 0.50491459 0.61719422 0.41193987 0.08646171 0.80589071 0.76464896 0.86822136 0.78705863 0.74034454 0.06629331 0.01232221 0.49550614 0.77422548 0.63231744 0.36144280 0.22508724
0 0.19727024 0.96385212 0.08425565 0.62917738 0.15925216 0.99551457 0.32334741 0.74658203 0.93227946 0.55712581 0.60926416 0.86961329 0.27209684 0.68053307 0.47983776 0.48671784 0.45935438 0.01829157 0.20460455 0.29541467 0.71606405 0.13803005 0.20650943 0.48149575 0.21297299 0.60964491 0.37172225 0.81688845 0.81033997 0.61203799 0.94327530 0.64127370 0.00760945 0.25193333 0.10536425
0 0.46149884 0.31673529 0.90937880 0.68253720 0.72802056 0.41941451 0.70285843 0.60162966 0.32905688 0.02024850 0.60151185 0.89418591 0.48082431 0.26585746 0.80277764 0.05323981 0.98618019 0.96423172 0.74084723 0.50071145 0.28418610 0.60911076 0.49463700 0.77030856 0.31955401 0.39093953 0.42355582 0.76570406 0.02363097 0.95895847 0.57516615 0.11489468 0.11752472 0.68824234 0.78090694
0 0.20902782 0.02316697 0.60101000 0.38436666 0.98761685 0.89955707 0.89328574 0.23116537 0.91194779 0.20912347 0.22600021 0.89032521 0.85461320 0.76308649 0.55387676 0.07407837 0.82549199 0.89490024 0.28595724 0.87638264 0.55312617 0.26729776 0.99837846 0.75998455 0.94532949 0.83115828 0.75301913 0.18769028 0.36399414 0.62336090 0.31489406 0.41557546 0.46644604 0.41598406 0.20668085
0 0.24418457 0.08933110 0.71065627 0.59052197 0.45834129 0.28089797 0.20955779 0.42525254 0.27701165 0.12367550 0.68851925 0.21146270 0.38173182 0.43192625 0.14785767 0.90731045 0.99543268 0.75688962 0.22303652 0.27475923 0.04306410 0.38771162 0.09993084 0.99892201 0.64124143 0.19709067 0.59842468 0.41245182 0.03620784 0.24805190 0.66326255 0.55242584 0.63772546 0.05189487 0.23252268
0 0.57892874 0.98107992 0.24724312 0.34177463 0.29254823 0.29020174 0.25625582 0.36592929 0.60225382 0.81197933 0.16644548 0.50098478 0.31563743 0.24515852 0.68517817 0.94431683 0.55025264 0.39679341 0.51881518 0.74485762 0.39779674 0.66503416 0.93958840 0.96345246 0.21213797 0.06910728 0.62068408 0.60887887 0.03769781 0.32566458 0.04364313 0.79645806 0.24645619 0.90524710 0.91206750
0 0.71388398 0.40985533 0.09343042 0.04175707 0.27284047 0.79613558 0.82828881 0.13978216 0.77517252 0.65414451 0.48913496 0.73363120 0.52882266 0.62141825 0.87106331 0.26645513 0.11143912 0.17734232 0.29564450 0.03556282 0.89850752 0.05145614 0.18018957 0.21870526 0.54805298 0.89247409 0.41632201 0.70631848 0.36540556 0.30535331 0.59316685 0.83777803 0.85921642 0.57174639 0.44128566