0.01107304 0.58297257 0.02907223 0.34236265 0.05147787 0.88018362 0.56700829 0.40610838 0.42431838 0.11047340 0.36505398 0.78383257 0.21134198 0.47579071 0.45167435 0.34308280 0.38585137 0.35858263 0.36564418 0.58129458 0.27363010 0.12572446 0.56687756 0.92378805 0.65156810 0.40316518 0.30412542 0.57544217 0.39698170 0.95132393
0.48388342 0.59758577 0.33988040 0.39334292 0.40223479 0.70684022 0.11594015 0.82662324 0.42498611 0.27409331 0.36970131 0.78263952 0.83133593 0.13948007 0.61551653 0.09085021 0.07245035 0.15319051 0.42803250 0.94959069 0.63870085 0.80212055 0.40449615 0.91015596 0.57795378 0.88882741 0.51793511 0.53985109 0.46218313 0.99194545
0.06326879 0.24560682 0.26081097 0.35616480 0.38766497 0.11182890 0.14656317 0.93506958 0.99196443 0.63446949 0.73326044 0.54157829 0.39175382 0.91787952 0.62484739 0.44842395 0.33467516 0.24182116 0.44109608 0.32505744 0.58481746 0.90308978 0.67780192 0.09755172 0.50554487 0.88951539 0.85792383 0.17453135 0.09887216 0.25368340
0.43500269 0.49484588 0.99250779 0.01953525 0.82132520 0.02165149 0.10494078 0.07707960 0.73068284 0.63276042 0.36445736 0.79876501 0.74920888 0.83856349 0.90972952 0.04563564 0.67765860 0.39652541 0.65762637 0.82221138 0.72463134 0.68519890 0.98815684 0.08610465 0.07261512 0.65089818 0.56695980 0.12170583 0.68736816 0.24661822
0.00251567 0.44684022 0.49603354 0.54548113 0.11826166 0.43711912 0.22051704 0.12993645 0.10905003 0.72477859 0.22004016 0.93313772 0.74689697 0.95711910 0.67041362 0.44036235 0.10272764 0.68423010 0.28745941 0.04603795 0.95883013 0.98650352 0.58814185 0.40588284 0.20098954 0.94951090 0.37535173 0.82386437 0.99978099 0.24713855
0.73091955 0.07012355 0.51725786 0.90344627 0.30631734 0.53871009 0.20827991 0.76953459 0.11164089 0.32291701 0.52498335 0.37377670 0.32084756 0.61119977 0.97840286 0.58209060 0.83485682 0.78810944 0.06301353 0.93949821 0.47400467 0.76236534 0.50796807 0.65503797 0.70747465 0.33813780 0.68306304 0.93916777 0.76971177 0.89580684
0.75797525 0.80611562 0.86245834 0.25490783 0.39006723 0.51320557 0.89593340 0.35467072 0.29906892 0.52500696 0.88381017 0.30650484 0.07620019 0.26222485 0.67402899 0.44797588 0.97080661 0.92357060 0.17111582 0.25926815 0.19933885 0.35342103 0.58555953 0.39081926 0.52951384 0.26889562 0.53193333 0.59476062 0.50675380 0.15705107
0.98982938 0.05299209 0.71050649 0.80621288 0.24030776 0.45116432 0.85480872 0.74503442 0.89544400 0.16053799 0.38046221 0.82869339 0.04969250 0.05863392 0.42544910 0.83370682 0.39916516 0.84478418 0.70572206 0.20116534 0.89855860 0.18813861 0.89026195 0.00275818 0.15534469 0.68337726 0.51230350 0.79478066 0.29697332 0.38332434
0.32288752 0.27238578 0.48921816 0.62785437 0.26340601 0.53966267 0.63242927 0.99492695 0.91056415 0.37069404 0.01733966 0.46228141 0.33019083 0.05256582 0.88320499 0.28726825 0.76558797 0.27337214 0.88843884 0.68748949 0.48161559 0.04657900 0.47753893 0.13636544 0.38746820 0.84768076 0.00798177 0.97544047 0.76910565 0.97990344
0.28689733 0.08918590 0.57655943 0.68277912 0.85971640 0.58825349 0.23184292 0.65073669 0.99161785 0.80357803 0.84995246 0.43842351 0.78748443 0.40642317 0.09845364 0.69529372 0.30720966 0.13840972 0.66040451 0.29406880 0.85058023 0.46076107 0.41087650 0.19599647 0.80959180 0.41344559 0.96909021 0.33040403 0.61593866 0.11259142
0.24619194 0.85686323 0.34755050 0.60849408 0.97295468 0.92535315 0.50043252 0.27673265 0.96219425 0.45312876 0.28069734 0.52135610 0.03745008 0.49657252 0.52656129 0.33179570 0.14248760 0.51212687 0.03120872 0.15410596 0.13543637 0.17247620 0.60481220 0.61233052 0.16688727 0.43246625 0.68762870 0.84723615 0.34302819 0.22382031
0.70597470 0.62735195 0.58290724 0.49853108 0.64901587 0.93119722 0.19316858 0.33787769 0.53669016 0.39977625 0.70411544 0.49733771 0.54771570 0.91486372 0.93771115 0.06723420 0.58151741 0.57129959 0.11113807 0.89477830 0.93903980 0.48045796 0.01879159 0.03523780 0.62479564 0.16724950 0.98109386 0.77828312 0.49613294 0.80446217
0.30027036 0.73013173 0.11558619 0.16594087 0.42124001 0.02293262 0.69830953 0.97405107 0.86002696 0.96990312 0.98897380 0.26706770 0.23261063 0.38805007 0.25114037 0.51857541 0.39388788 0.36987794 0.80700939 0.50366141 0.77942921 0.50130691 0.72657134 0.32562815 0.53196886 0.39509404 0.33257479 0.59214757 0.89007609 0.93737116
0.16135493 0.46122446 0.61821308 0.82948314 0.89945146 0.16503194 0.96539264 0.84813083 0.60207611 0.66362661 0.75390644 0.74389317 0.19187380 0.28074721 0.72010290 0.85152303 0.83505359 0.53034522 0.15595094 0.29498218 0.29684872 0.85519147 0.23313418 0.13600046 0.78939791 0.66784803 0.13067780 0.93701515 0.14252253 0.90949004
0.23261788 0.98766633 0.35150750 0.32350739 0.21398131 0.87859480 0.68587642 0.77851152 0.79135171 0.19710891 0.57928393 0.26931781 0.27855477 0.86635773 0.46303185 0.67466960 0.85850459 0.05296713 0.55434763 0.95691478 0.65900965 0.62766726 0.36544701 0.25154170 0.30334556 0.87925834 0.36053549 0.21342604 0.59565935 0.55433394
0.75528569 0.06183577 0.39677760 0.32349948 0.92696127 0.99768673 0.54774885 0.45939526 0.28323971 0.05423651 0.90645830 0.85265309 0.72392041 0.98634954 0.17691113 0.48898570 0.02208625 0.50366217 0.23128769 0.16392918 0.54992022 0.00942097 0.05163236 0.52132816 0.77926129 0.01946339 0.25104556 0.46747428 0.89811673 0.60475535
0.37350606 0.63487856 0.70173038 0.52609493 0.81695843 0.84797900 0.64043985 0.21103746 0.27605864 0.47765422 0.53643808 0.36079209 0.05897836 0.16223537 0.01768739 0.76878526 0.49692647 0.61977776 0.15961724 0.88278248 0.93555408 0.17967493 0.17386975 0.74890379 0.47416672 0.22126742 0.23823935 0.23856506 0.70167641 0.92291927
0.72308642 0.87832172 0.16748235 0.59710543 0.13688726 0.17778688 0.22097855 0.41537379 0.08721528 0.08224155 0.15514316 0.51161524 0.43333169 0.06424953 0.29767296 0.29289641 0.59269632 0.41253495 0.80738382 0.28417922 0.65609228 0.47657613 0.45410585 0.98657205 0.56469069 0.98181417 0.58706009 0.03832786 0.10726500 0.04307026
0.82971064 0.43362435 0.90689663 0.17271127 0.77834487 0.67623196 0.88389692 0.40529795 0.12714155 0.52349595 0.90530326 0.64189582 0.19424468 0.41062860 0.46118941 0.45492409 0.78136869 0.73612833 0.24416377 0.88836282 0.66371848 0.93621278 0.45081139 0.23833460 0.77751565 0.67947280 0.47246883 0.40552175 0.34917970 0.57252545
0.39760355 0.17357536 0.79322138 0.48326341 0.40920213 0.68661830 0.19516279 0.96036935 0.72795516 0.47413922 0.59130670 0.25608362 0.22565850 0.60301970 0.05893553 0.14378410 0.21313416 0.92413272 0.83852781 0.06275749 0.19310653 0.92489521 0.32383856 0.11961143 0.56085242 0.39935309 0.77619701 0.12909693 0.33407661 0.00382271
0.04613311 0.18668204 0.99834688 0.77880733 0.41845270 0.23103599 0.46555568 0.88685310 0.93613811 0.67665552 0.96025825 0.14120445 0.20395930 0.47518387 0.37236998 0.38156311 0.72443850 0.89854395 0.24458820 0.39095197 0.27681874 0.92782735 0.09903710 0.84162835 0.71394515 0.37895112 0.25001644 0.70818829 0.82247457 0.79941448
0.59836842 0.69244766 0.56858840 0.73005830 0.15785891 0.46738170 0.13438993 0.14155014 0.22510329 0.96634981 0.63942607 0.72738778 0.17194835 0.51902771 0.33728098 0.26353538 0.81285634 0.36691417 0.37894710 0.42937543 0.17971847 0.97897567 0.94268631 0.32548120 0.32265892 0.63193618 0.64435254 0.42078376 0.44777302 0.91991617
0.66265443 0.81502853 0.30137592 0.21456924 0.94059458 0.51198645 0.21522090 0.60956016 0.15732992 0.86470515 0.63827959 0.55217415 0.90395524 0.47615574 0.29805872 0.19004135 0.64221995 0.61695135 0.35806114 0.44240715 0.57694592 0.65638385 0.06788182 0.94307290 0.53092201 0.09384507 0.43856163 0.29607816 0.27530879 0.52476988
0.41820546 0.53538990 0.53909457 0.27855810 0.89150342 0.28631020 0.09790186 0.52550305 0.58167672 0.88900859 0.92545141 0.36557447 0.59450318 0.66353127 0.38024810 0.78397407 0.91145908 0.57083378 0.79556140 0.38670234 0.61264820 0.75583016 0.64253084 0.51394530 0.99007048 0.84614573 0.64423437 0.66991050 0.99791654 0.42420714
0.83281583 0.20481149 0.67895624 0.79049758 0.56227498 0.83802089 0.30472304 0.99225101 0.91628194 0.92098187 0.97207819 0.10455469 0.78338533 0.30428841 0.30987184 0.91977361 0.11124116 0.29541535 0.76680097 0.52640721 0.49699778 0.47189893 0.67519685 0.73993302 0.32272946 0.04933945 0.91535719 0.98588698 0.10281926 0.09441732
0.54117177 0.02937709 0.57444981 0.12018493 0.17017223 0.89542000 0.33286812 0.50421620 0.28977022 0.43093782 0.48984838 0.72976672 0.88633034 0.22194588 0.91678505 0.66591706 0.96485786 0.99840861 0.12310532 0.97474284 0.59446293 0.23443557 0.71619912 0.26187472 0.08839733 0.38293506 0.69082137 0.77138235 0.80734062 0.07153815
0.50393020 0.26673651 0.86074764 0.63055088 0.00518151 0.23667360 0.67345005 0.52388857 0.81380914 0.71810756 0.98333883 0.61039008 0.65937687 0.83780413 0.34083684 0.67560712 0.53689678 0.64035301 0.59200345 0.34310665 0.26606625 0.89204334 0.14449599 0.29952215 0.18988328 0.32856898 0.03924608 0.74903295 0.29965843 0.24905933
0.98059072 0.15064708 0.03144867 0.44975302 0.51373204 0.58560829 0.34319652 0.23770089 0.48078135 0.55244307 0.45236623 0.66820571 0.73527662 0.59360862 0.79062552 0.20927636 0.84994518 0.92039870 0.31512988 0.75219421 0.21361595 0.12170876 0.30522461 0.25935999 0.48056879 0.11745768 0.16888637 0.36890957 0.80924097 0.74890850
0.58498514 0.96015770 0.70709390 0.78582595 0.51545440 0.02474855 0.58457564 0.67435361 0.23571567 0.18546288 0.31349817 0.04968950 0.55221099 0.85795135 0.18378052 0.89408318 0.80265524 0.36023402 0.65739206 0.23337406 0.06762707 0.24062681 0.22946321 0.43423446 0.26137642 0.71682503 0.52391304 0.48947784 0.41523299 0.39719577
0.47457676 0.16023644 0.51875888 0.38989963 0.07269843 0.48150891 0.74179576 0.49628431 0.69778723 0.93152354 0.72481522 0.43206121 0.49121822 0.51555780 0.89548862 0.92309794 0.58059185 0.12130045 0.44615001 0.08222905 0.21774868 0.76553755 0.68983484 0.68930787 0.05446884 0.77088958 0.00183334 0.86879269 0.84726876 0.48652136
0.44920656 0.18748094 0.85634027 0.89819229 0.51247029 0.37957498 0.08355981 0.36071002 0.01165994 0.74708401 0.28062909 0.72979499 0.46324736 0.78063588 0.35079016 0.37055981 0.61488827 0.69909454 0.36619178 0.87625173 0.83173719 0.41594741 0.92786606 0.84360236 0.34107376 0.90624832 0.00640758 0.72007411 0.08124302 0.06997194
0.71882967 0.56348756 0.04641960 0.96595548 0.72070576 0.53596015 0.57046353 0.72517405 0.02258592 0.09178100 0.95114341 0.54291642 0.07581225 0.11279294 0.18026025 0.89649803 0.91523903 0.69504694 0.31571347 0.53846862 0.99499655 0.89694081 0.20830788 0.87484194 0.10832036 0.52174824 0.87910874 0.05369563 0.44360055 0.92638992
0.83240937 0.46155936 0.39618838 0.92349442 0.98488412 0.35332964 0.22913026 0.07524045 0.69325668 0.02602040 0.05588246 0.06516909 0.57082213 0.28747845 0.90419179 0.37809815 0.39741863 0.96826288 0.81271140 0.21846805 0.44795227 0.87820883 0.01055276 0.45389185 0.99133715 0.91876516 0.23485815 0.38337930 0.54471937 0.02801674
0.15261065 0.29864868 0.70711292 0.25737190 0.67028178 0.13213615 0.04208188 0.55721620 0.63854886 0.96675793 0.53086190 0.78340373 0.08919823 0.82017476 0.57532189 0.02727774 0.67746218 0.91025511 0.39442387 0.61898232 0.44542080 0.55862727 0.92834771 0.05714784 0.37073279 0.99565700 0.04120440 0.67760211 0.41984176 0.59288192