0 0.89627022 0.08958075 0.98593779 0.46787956 0.86693108 0.27997973 0.65933636 0.98174126 0.24203466 0.81451346 0.25156999 0.38076924 0.28610593 0.74921263
0 0.87437047 0.72170969 0.92288865 0.70651559 0.66085265 0.26377969 0.42493453 0.06727797 0.40859303 0.71094181 0.01246796 0.38334522 0.02292999 0.04432442
0 0.19151368 0.92490314 0.14369463 0.19738245 0.99428122 0.74264186 0.74971425 0.49533715 0.02405848 0.74683899 0.85281351 0.60563008 0.35237473 0.08378789
0 0.61667074 0.72757091 0.86795022 0.52456740 0.36577007 0.88705441 0.63495883 0.67196978 0.98582232 0.49616711 0.18238642 0.53847380 0.15941135 0.78769970
0 0.41677681 0.45147014 0.72925408 0.34102595 0.02741401 0.30151670 0.23634651 0.67850509 0.83599781 0.86522209 0.34139994 0.83050923 0.53212729 0.30642474
0 0.40535478 0.84237284 0.63141491 0.98765708 0.97839232 0.42800709 0.29481141 0.40845286 0.32674702 0.36261621 0.85572957 0.42787730 0.41275579 0.75089965
0 0.51581308 0.92572903 0.93596199 0.00731774 0.69070385 0.71018421 0.14172641 0.24144499 0.91391966 0.78922225 0.10867890 0.75412968 0.03996149 0.08899413
0 0.13747781 0.51912452 0.72702754 0.32436358 0.68072733 0.85004734 0.82521915 0.00517243 0.97753509 0.93397736 0.34788149 0.49635125 0.18607563 0.55068695
0 0.16172917 0.64081724 0.34365813 0.09045447 0.39566611 0.70117094 0.92617927 0.93359920 0.83871487 0.27952436 0.12747533 0.36132429 0.27423049 0.43436291
0 0.23397026 0.43014955 0.78057991 0.42916417 0.63114905 0.66116063 0.51772736 0.41956664 0.04576905 0.97049676 0.41467268 0.91420204 0.60135411 0.99894461
0 0.47444822 0.02887485 0.14439986 0.88620085 0.12138729 0.39459357 0.08485048 0.57931152 0.12963535 0.07702766 0.68679104 0.96499166 0.19238214 0.01828561
0 0.34393143 0.47197379 0.11805221 0.32147842 0.87934138 0.30222924 0.97269730 0.16435467 0.32002848 0.11885171 0.22709341 0.25036228 0.91433402 0.84358752
0 0.11255233 0.48381352 0.38375440 0.19844279 0.94121538 0.99039903 0.53067867 0.76349232 0.10460530 0.69511794 0.35966520 0.61696121 0.82846924 0.41676102
0 0.81226394 0.07384484 0.53245464 0.84140385 0.06402291 0.64577841 0.81991676 0.79693787 0.08720070 0.10756244 0.70616473 0.96648716 0.84383986 0.47469640
0 0.68271109 0.55062896 0.04123779 0.77146713 0.61059689 0.41665680 0.85548616 0.70058470 0.23762318 0.95769485 0.40863127 0.71305368 0.34232661 0.22529253
0 0.07114122 0.52091228 0.12179525 0.89619928 0.85374875 0.79566841 0.46092855 0.28733868 0.25137085 0.65170582 0.14750261 0.94257259 0.90668959 0.52662970
0 0.93041052 0.28066516 0.37211112 0.23946561 0.55770492 0.41592800 0.06620265 0.33282186 0.57657744 0.54134688 0.24434020 0.28656990 0.72916841 0.19856200
0 0.43318250 0.82829315 0.23610691 0.34989284 0.31471936 0.35969968 0.12394006 0.41467004 0.48802561 0.46838976 0.02311743 0.33545627 0.88548456 0.60081437
0 0.53995502 0.29930882 0.87512765 0.23495626 0.38901043 0.95505690 0.24186978 0.31021021 0.96155880 0.83963646 0.30780298 0.24713468 0.90136759 0.25484672
0 0.42534315 0.62119242 0.56072490 0.02046159 0.95690808 0.44229255 0.91768462 0.37045048 0.64093764 0.03589231 0.64974986 0.75613302 0.93644948 0.72161188
0 0.57972254 0.47341206 0.53695691 0.84176076 0.63620645 0.84080072 0.74945803 0.20486994 0.80425800 0.12077808 0.84533819 0.67826904 0.28093636 0.49907991
0 0.80741058 0.48894305 0.19601387 0.21485003 0.12095286 0.77334860 0.80986373 0.36914895 0.38647998 0.05456507 0.05855107 0.03013605 0.56812657 0.61910085
0 0.68041078 0.00031281 0.63389528 0.21587117 0.92890317 0.01453370 0.19265956 0.10630796 0.05329675 0.19706298 0.48769286 0.25725883 0.31173492 0.32177482
0 0.76762889 0.38727658 0.27050128 0.79166521 0.62313991 0.65209671 0.53880595 0.28216404 0.35125369 0.98654500 0.89017363 0.67730639 0.78911167 0.50781316
0 0.92952087 0.26864188 0.34510454 0.92898553 0.07926912 0.18383180 0.14770337 0.63189513 0.67834703 0.66520377 0.33093829 0.90483297 0.41469357 0.12810378
0 0.48035833 0.86332917 0.14488135 0.89470639 0.17443988 0.74117082 0.39373753 0.12101341 0.37379349 0.56401548 0.47234707 0.71309240 0.13415176 0.69940604
0 0.20458126 0.96317615 0.74900352 0.41468637 0.71030220 0.22706486 0.96387301 0.36826403 0.55765166 0.21134290 0.34662474 0.90986038 0.86734044 0.34224263
0 0.24680845 0.17183466 0.62861260 0.24755755 0.03194022 0.19636324 0.56956610 0.59882805 0.44974993 0.76220105 0.41376980 0.43309252 0.03280715 0.14994713
0 0.25062425 0.60181790 0.43557034 0.81618195 0.04867148 0.17919306 0.47378801 0.83453909 0.04906719 0.50278926 0.42231191 0.00571922 0.89068601 0.01666236
0 0.81976639 0.73865026 0.83883871 0.24029123 0.62715008 0.16144155 0.41633797 0.99631780 0.09232908 0.43347701 0.06865711 0.49587381 0.08351399 0.89893570
0 0.23418373 0.00235024 0.97219535 0.54722510 0.33607864 0.57278534 0.36964513 0.22725653 0.76400772 0.81061744 0.15097510 0.20018832 0.87202213 0.65436961
0 0.23687497 0.90920703 0.38312091 0.97390264 0.54553664 0.29511277 0.36153640 0.14919392 0.37590333 0.59291967 0.09054249 0.86616984 0.23826562 0.30737804
0 0.77659163 0.07993931 0.80935838 0.98427011 0.98984617 0.46784697 0.25649654 0.46952639 0.14667587 0.72308432 0.64891958 0.57965495 0.14145221 0.72416790
0 0.55439754 0.49467166 0.44297783 0.95641339 0.20528494 0.72866421 0.58514648 0.55860515 0.81059031 0.23331842 0.00193775 0.02138126 0.68926378 0.04618030