0 0.58360797 0.87342376 0.90478598 0.90812329 0.16394666 0.65736463 0.99227612 0.44343439 0.38772569 0.11938838
0 0.18671843 0.82112937 0.05297625 0.81483207 0.28454016 0.29755159 0.07448646 0.26665415 0.90065622 0.67800493
0 0.67292000 0.40446390 0.41922898 0.52911614 0.25821468 0.25887313 0.37877432 0.92381786 0.74642684 0.78925286
0 0.38087768 0.60728788 0.72594557 0.28254709 0.86666705 0.73487696 0.97200912 0.97661703 0.26632231 0.75200121
0 0.29771264 0.43365843 0.09428329 0.56117155 0.62520529 0.71755623 0.53645178 0.85277788 0.46253137 0.61360978
0 0.95556536 0.36394010 0.67957940 0.96988309 0.52705395 0.87368471 0.59085950 0.73650440 0.91007270 0.94289986
0 0.87333801 0.43256010 0.45703733 0.76396773 0.77431608 0.57979773 0.96987180 0.99766827 0.39734625 0.10817382
0 0.42230942 0.14389357 0.59343969 0.86035204 0.38497331 0.81790743 0.13032375 0.10057770 0.11359298 0.28532999
0 0.36426765 0.36792515 0.39059793 0.74672307 0.59700232 0.10473437 0.24646173 0.15659607 0.66451724 0.23812425
0 0.62955206 0.81184913 0.07502616 0.29578908 0.94187641 0.55111391 0.19015024 0.69685663 0.11299453 0.16914921
0 0.52637595 0.57440521 0.54550253 0.56939274 0.24310198 0.85830802 0.83287586 0.25296625 0.27909814 0.37539345
0 0.62409129 0.97387683 0.40095618 0.40848006 0.38933099 0.77785143 0.63512082 0.49666540 0.12720449 0.18618845
0 0.16934698 0.25631812 0.24630687 0.98620396 0.82993697 0.65554330 0.95256513 0.94629702 0.66786907 0.48446075
0 0.47870627 0.78635250 0.01993699 0.72945701 0.40331478 0.90314587 0.65027748 0.18164176 0.12432886 0.67560992
0 0.22317100 0.88805930 0.27545858 0.65626768 0.40975819 0.98877677 0.50389088 0.59283243 0.38932300 0.07379090
0 0.56378005 0.01791999 0.37005073 0.44076462 0.12240483 0.09501424 0.02467735 0.53792661 0.02450581 0.51527206
0 0.41320414 0.43603575 0.01520010 0.50244924 0.04785941 0.38913356 0.08300249 0.40217404 0.24474737 0.41587815
0 0.65186602 0.90699069 0.80213115 0.36157270 0.82478636 0.70004011 0.34705569 0.08557262 0.76139863 0.18794056
0 0.40002340 0.25957546 0.05812722 0.03737656 0.32169386 0.75936812 0.69183205 0.43009913 0.82608567 0.78592592
0 0.68652798 0.30748613 0.67151794 0.66132889 0.16763631 0.38850684 0.47353483 0.71078045 0.87936072 0.41387986
0 0.32331629 0.76408433 0.55816225 0.89440911 0.04058406 0.58825572 0.77894098 0.62292780 0.44177170 0.99751295
0 0.02041521 0.34697556 0.96223329 0.47771643 0.73232099 0.29327954 0.33552532 0.90939169 0.12943847 0.68530492
0 0.80330208 0.37679399 0.28608371 0.00158636 0.50612412 0.11004178 0.85958788 0.48524681 0.28848668 0.32316740
0 0.43241837 0.33405544 0.14063259 0.08300250 0.02997886 0.07557169 0.89522216 0.37213762 0.84475914 0.86336824
0 0.59869061 0.19376387 0.57738692 0.81802015 0.18513089 0.90702660 0.09126801 0.08049369 0.69479804 0.97858992
0 0.26988314 0.94576286 0.29983880 0.98943233 0.06444305 0.30092766 0.82660790 0.04546328 0.72448575 0.60480254
0 0.29694064 0.70637101 0.11513353 0.81489009 0.25000881 0.16918279 0.84210897 0.99284885 0.25189509 0.72133780
0 0.62924305 0.80101070 0.05177850 0.41264510 0.02309063 0.74019783 0.30163178 0.48631710 0.03540178 0.77303483
0 0.62058918 0.35634164 0.77657958 0.92714696 0.05565054 0.82177399 0.48188923 0.57908055 0.66714630 0.76810213
0 0.58706407 0.38247712 0.05039478 0.82165769 0.67108892 0.22297821 0.09424184 0.29511599 0.15132275 0.15753262
0 0.17268011 0.29044866 0.58975578 0.02722392 0.26750343 0.01026273 0.34907915 0.32043073 0.22795926 0.16928024
0 0.12337793 0.90707786 0.48762044 0.89478283 0.56064097 0.46493176 0.07920466 0.65816632 0.79291401 0.77533894
0 0.71482846 0.58932000 0.19480555 0.57850116 0.03219008 0.99136629 0.10218706 0.34732706 0.84643329 0.99536645
0 0.54031278 0.16409454 0.39295235 0.07291826 0.23421659 0.86560399 0.09815573 0.55914214 0.30412644 0.76019740