0.27356922 0.92071582 0.68425659 0.08531062 0.33503488 0.59750035 0.14411026 0.34762315 0.41249598 0.98907370 0.07611155 0.00744479 0.55210450 0.48654274 0.59759659 0.57876696 0.64276069 0.16113337 0.70839355 0.76634877 0.67818736 0.87959852 0.04057198 0.23550624 0.43277774 0.12610137 0.36475460 0.62025239 0.34250703 0.31917855 0.48461349 0.04325633 0.38317471 0.01492720 0.91777469 0.41425317 0.52047091 0.02134864 0.80920686 0.29795103 0.86983678 0.11382062
0.85227055 0.19814562 0.04881547 0.73795908 0.60295703 0.69166599 0.33056686 0.81366968 0.46444671 0.96394059 0.11444545 0.51297781 0.79196874 0.94738539 0.91801794 0.67426585 0.02204509 0.44448070 0.56462307 0.33683416 0.46555405 0.32931766 0.49155326 0.73224276 0.42064928 0.16455813 0.13616363 0.95267885 0.55942267 0.34516726 0.17069131 0.43163426 0.12130005 0.18594136 0.95129370 0.31846693 0.30651147 0.20676762 0.92279142 0.80595852 0.40457794 0.23771662
0.87782818 0.47876969 0.61560943 0.86548267 0.90763620 0.79073428 0.22630950 0.17335062 0.60132242 0.85022157 0.78793414 0.68878246 0.55156748 0.79533549 0.21005332 0.94588069 0.50685572 0.17450906 0.23181631 0.09439940 0.57383142 0.91309043 0.56152202 0.54263872 0.71810240 0.64280689 0.08564851 0.70847130 0.43778959 0.39853182 0.94009659 0.57091483 0.89134672 0.94556847 0.90925409 0.86407739 0.94965183 0.29070414 0.57258925 0.43596747 0.61209794 0.25157655
0.85383296 0.50657394 0.97738753 0.31143416 0.14441112 0.30278579 0.49196167 0.37016032 0.97064027 0.82213507 0.51247116 0.41747116 0.25330081 0.28301079 0.31342386 0.60048528 0.56855403 0.15590564 0.54711870 0.63540312 0.46077045 0.53842131 0.82020360 0.02182226 0.78068856 0.03617214 0.48967097 0.05825489 0.22642519 0.24239137 0.00083108 0.22870145 0.75020911 0.37095778 0.09078017 0.13267489 0.26031245 0.59072483 0.96310679 0.76485805 0.09550475 0.13344844
0.10305598 0.61561625 0.07845723 0.30327377 0.74709845 0.75987582 0.56487528 0.10265505 0.14682721 0.82941907 0.79673976 0.30774683 0.67433170 0.52243431 0.04088854 0.47571931 0.50467561 0.09419956 0.44827160 0.54711370 0.08083091 0.09406668 0.30456447 0.41826867 0.81739781 0.46645279 0.35942654 0.10201209 0.53166630 0.01733378 0.21954191 0.86922685 0.90405172 0.16277485 0.36968262 0.06956344 0.86466374 0.82232110 0.24638482 0.16648612 0.17874372 0.29761107
0.93043129 0.89000340 0.66093337 0.98536469 0.44718362 0.30984778 0.38681272 0.81393629 0.36791034 0.06253371 0.98987324 0.36391242 0.39060836 0.92763682 0.63306756 0.73577346 0.84541622 0.44180140 0.52630440 0.36142653 0.61756986 0.26339730 0.92473376 0.12145697 0.80995286 0.55641167 0.38739352 0.32623417 0.57764477 0.74907435 0.70176614 0.34654682 0.95847246 0.64088076 0.28701942 0.93823184 0.19642137 0.98108938 0.07718328 0.59529987 0.00886489 0.32243510
0.85523963 0.58735002 0.48392163 0.16571461 0.76008028 0.68960456 0.81085193 0.15406262 0.22051334 0.99768448 0.84425661 0.35015311 0.88397590 0.63428511 0.58194252 0.43522306 0.20233690 0.60120014 0.99667071 0.00573061 0.21315060 0.50768186 0.30360523 0.01162309 0.71194827 0.41491407 0.66813138 0.77960550 0.44963132 0.57641339 0.56281437 0.99546255 0.20875648 0.42546369 0.46762065 0.48140309 0.61347972 0.76322736 0.37412581 0.59755830 0.31015242 0.73496655
0.60228438 0.62118038 0.71903966 0.84684578 0.76743884 0.51275156 0.90235730 0.97207767 0.34559581 0.06512775 0.21980067 0.02271109 0.17660037 0.55000541 0.34996492 0.72215120 0.41768939 0.62541363 0.94453302 0.70353966 0.91400765 0.44859830 0.65183406 0.98041197 0.68802141 0.65057854 0.49735150 0.68858840 0.26636570 0.07182012 0.64098715 0.88204384 0.86051343 0.93288464 0.34436318 0.08054104 0.99675579 0.41957683 0.57617163 0.21310062 0.05133491 0.49902718
0.05955630 0.57892046 0.28817140 0.15131023 0.72274010 0.45614611 0.41948128 0.10061397 0.45258576 0.02893292 0.41367742 0.56063871 0.77050561 0.37452936 0.26030359 0.47081908 0.55111221 0.35465085 0.66834930 0.19312556 0.18622822 0.38920135 0.22214621 0.66361733 0.66035035 0.25544013 0.34814826 0.54858104 0.84838924 0.25197951 0.55624852 0.04200536 0.97248299 0.29453840 0.81088870 0.55930413 0.56190927 0.76916630 0.56006711 0.73161586 0.44859717 0.25869031
0.90445416 0.78567079 0.30046639 0.57942788 0.62417462 0.60613120 0.94579848 0.91774630 0.29741817 0.52047445 0.27407063 0.23983944 0.54289151 0.12090246 0.81215979 0.56313102 0.49722593 0.24342525 0.16955106 0.12400318 0.99880699 0.56118042 0.42216074 0.95408748 0.59109350 0.11721426 0.16161172 0.88614537 0.38134530 0.52136455 0.37527420 0.55060344 0.99478034 0.46654884 0.54211275 0.49509854 0.34953367 0.68167631 0.33035601 0.16192618 0.74439180 0.43156541
0.06523271 0.09207542 0.79912834 0.19866306 0.69849405 0.38957189 0.11636749 0.23702607 0.35616859 0.17614028 0.14425442 0.27593872 0.66697322 0.49373588 0.61081206 0.76870496 0.98102959 0.87128467 0.07371654 0.73156759 0.27701221 0.56200999 0.58332438 0.39837092 0.02558116 0.27901303 0.19213586 0.62849737 0.52792863 0.10931336 0.06048169 0.24877261 0.28049524 0.17034510 0.20607014 0.28444786 0.73038855 0.48794281 0.52413465 0.34003221 0.38076304 0.52114092
0.56527287 0.22766141 0.58139675 0.73664907 0.69966962 0.30885427 0.49692698 0.64465492 0.71924803 0.91492146 0.68368396 0.74764529 0.63339473 0.64195548 0.42578731 0.92522522 0.39925621 0.27824532 0.48214743 0.88045372 0.59420539 0.61512212 0.17824037 0.40700439 0.58592877 0.41665774 0.84000071 0.40149717 0.58468612 0.37930101 0.41190439 0.74163809 0.07264634 0.99945094 0.72728941 0.37834124 0.49680458 0.88513055 0.30618903 0.24879761 0.78483738 0.19733809
0.74442881 0.90749379 0.19735399 0.58731794 0.72746515 0.09347269 0.26535368 0.20790582 0.45341977 0.80466773 0.07830056 0.12026869 0.78199091 0.83393081 0.98607865 0.69177238 0.73939896 0.13641340 0.85719186 0.38637499 0.10425032 0.84424938 0.39592483 0.68585773 0.67518005 0.22202695 0.66278241 0.74836898 0.47836085 0.36532669 0.86537671 0.81017157 0.61144156 0.98464068 0.69103286 0.26714712 0.64020598 0.18827835 0.93773534 0.83452562 0.46521829 0.78040192
0.96663906 0.17647212 0.35794917 0.22412512 0.54722071 0.92157677 0.42935191 0.08464642 0.99524695 0.03595852 0.13858544 0.46367842 0.11408845 0.11260660 0.57555745 0.66397270 0.34150984 0.25374817 0.15818674 0.08153004 0.67691683 0.87244445 0.07376176 0.11312350 0.41814438 0.92028197 0.26349743 0.68805200 0.47222037 0.75993931 0.00037009 0.88558058 0.02114103 0.14457397 0.14253617 0.98331276 0.62154655 0.54038780 0.95811721 0.19677921 0.39628573 0.33439425
0.01186030 0.31681651 0.83621147 0.30632347 0.98015927 0.42884842 0.87214890 0.11176672 0.41814922 0.90697117 0.29983113 0.42307455 0.44106261 0.91578360 0.34469780 0.80518802 0.00176270 0.72419184 0.13880410 0.36549575 0.94734573 0.23795723 0.14868885 0.70997398 0.31993063 0.29154560 0.14090241 0.76228084 0.43023088 0.40487439 0.10099595 0.55813976 0.07723038 0.90684418 0.63212633 0.21426180 0.91326122 0.55507910 0.75103093 0.88921975 0.36100799 0.04009062
0.67197975 0.70310140 0.67744007 0.05211778 0.12341274 0.26343402 0.72939939 0.91018609 0.97732212 0.65678466 0.79654827 0.10546620 0.48804136 0.50860681 0.24960805 0.49480332 0.23495333 0.98831619 0.26529613 0.29532583 0.94273266 0.44224403 0.83409526 0.47733273 0.71308776 0.67402923 0.19296601 0.63019631 0.84357067 0.76017548 0.47233912 0.88480763 0.33187364 0.68791284 0.78520192 0.01612985 0.36813327 0.03316839 0.20581876 0.42071452 0.60311435 0.35836323
0.08660237 0.26657423 0.74674776 0.00291842 0.94387980 0.74659507 0.09934721 0.46376584 0.70677254 0.03171017 0.94693241 0.61882414 0.46813759 0.21634579 0.36243682 0.63331412 0.00249248 0.27618981 0.84618036 0.50695181 0.22307402 0.81712166 0.41183860 0.86947155 0.43865684 0.18418215 0.17824191 0.81259595 0.74048465 0.32075002 0.26268900 0.25848262 0.10064333 0.62063195 0.78806176 0.60784274 0.79543214 0.89956105 0.11387872 0.18533984 0.58076518 0.52763834
0.98052724 0.30554173 0.64136223 0.71054091 0.11626500 0.61961211 0.71146467 0.88485905 0.99818374 0.77109285 0.92203855 0.20171397 0.88117930 0.28854162 0.86790347 0.11284708 0.91307372 0.07345431 0.10795267 0.14466016 0.13938677 0.80381459 0.81260618 0.04822554 0.46785569 0.06677821 0.55486529 0.64707396 0.21065357 0.05841296 0.30481348 0.86960717 0.65135878 0.24407956 0.53213524 0.64927109 0.19407818 0.45995268 0.94720087 0.60316479 0.04373014 0.55434549
0.81849210 0.65854920 0.03934340 0.81691516 0.99261940 0.08675883 0.21633044 0.12449055 0.71290915 0.72530879 0.90904487 0.94417800 0.08351473 0.52152820 0.72153442 0.07756437 0.55823253 0.91484070 0.49225244 0.30425128 0.14668052 0.98985098 0.45759228 0.88861815 0.12522300 0.77868635 0.17946083 0.25062570 0.91600265 0.56858062 0.44370857 0.96963604 0.45466658 0.57947683 0.25908565 0.68963880 0.80585036 0.91646472 0.29049441 0.42493772 0.00521029 0.27315750
0.54566099 0.22726539 0.10777060 0.46465185 0.90094957 0.16845834 0.20457923 0.50250387 0.09989507 0.11723865 0.73314190 0.58919309 0.18713075 0.84431225 0.75183127 0.10583533 0.95073997 0.57690806 0.97444397 0.39444456 0.83766176 0.24204665 0.26830557 0.89483293 0.97963181 0.28724030 0.00779918 0.98627696 0.42124269 0.14799145 0.14492113 0.70536734 0.37705745 0.14336957 0.10944235 0.36399846 0.36131350 0.82411147 0.68348189 0.97524325 0.33160433 0.57210334
0.80877498 0.30989739 0.56702885 0.55576745 0.87964421 0.35276677 0.86164928 0.98279011 0.45066024 0.90531057 0.75570017 0.95979195 0.44520330 0.09004153 0.94984287 0.16795508 0.88961490 0.55212405 0.75186119 0.99428645 0.91735471 0.22490019 0.39054532 0.72011015 0.28855444 0.62861190 0.29811334 0.86154587 0.95258726 0.80537757 0.01037032 0.78114459 0.24474772 0.15851994 0.16290721 0.24551678 0.15286347 0.66063120 0.17199315 0.69070237 0.71563730 0.12230020
0.58041617 0.57519566 0.02174378 0.47221627 0.72137905 0.34995279 0.46718181 0.28940245 0.30765865 0.25537316 0.89811107 0.14962055 0.78858832 0.36716014 0.01737642 0.70052923 0.83402514 0.05613094 0.96515139 0.76396582 0.10231435 0.30145908 0.29760798 0.17876051 0.52836623 0.10249720 0.68224723 0.54378236 0.72831071 0.57124196 0.50450060 0.49845404 0.75879797 0.15566706 0.23743982 0.68676202 0.39186381 0.84356389 0.86490852 0.09082812 0.27038073 0.12719421
0.86811634 0.99139684 0.79446705 0.97097245 0.28671193 0.41513252 0.35582785 0.01756001 0.14757861 0.56240906 0.58485308 0.79216769 0.11807244 0.37431410 0.60440032 0.72052618 0.58514932 0.09387887 0.89453996 0.36289924 0.48780423 0.40408336 0.26414379 0.38467759 0.13747213 0.48397633 0.59804796 0.43350620 0.94951706 0.11428805 0.50262407 0.27356108 0.47866179 0.78520323 0.70794292 0.23950649 0.40218769 0.61150016 0.10131743 0.31582681 0.12696073 0.74405174
0.56486254 0.92164184 0.50981571 0.88172259 0.36881188 0.78677831 0.77555824 0.43398574 0.73268179 0.14178435 0.09281988 0.86212170 0.30797586 0.81273745 0.42522832 0.73565106 0.75897379 0.71111142 0.21383184 0.08069186 0.32225039 0.63963058 0.16644287 0.66822099 0.21092231 0.29695479 0.93054271 0.99275861 0.99622092 0.85720210 0.70861600 0.82578351 0.64684220 0.52473017 0.93825931 0.39322623 0.73562541 0.02026182 0.00413619 0.42267595 0.43346404 0.04135377
0.57482606 0.53347628 0.30195453 0.35837213 0.56484205 0.70167388 0.56913897 0.35655182 0.91056886 0.82182332 0.52680044 0.51538148 0.31859832 0.70894017 0.92312052 0.52846944 0.89591724 0.23643389 0.74111047 0.51021021 0.10362819 0.68964057 0.55107906 0.00998514 0.78936090 0.82961521 0.70450153 0.36029511 0.14825821 0.60813199 0.99700558 0.22213689 0.33839705 0.95237977 0.06979225 0.05909892 0.13373200 0.54662997 0.74166079 0.67106662 0.43612463 0.07819196
0.66790824 0.84909103 0.68774923 0.98626113 0.20772600 0.67488878 0.22614185 0.35480312 0.14831740 0.98160562 0.40638568 0.22440731 0.98181164 0.01688948 0.87840320 0.26308128 0.76015108 0.40498341 0.75205115 0.43224745 0.16348037 0.09146258 0.50869202 0.01174172 0.30916776 0.07240358 0.42514101 0.10640340 0.00144012 0.35918874 0.96436531 0.54688461 0.57571498 0.81081152 0.05703806 0.91859606 0.22706423 0.17746383 0.44902655 0.30524616 0.72884630 0.94234944
0.32212054 0.21721797 0.74539414 0.32308282 0.20878304 0.09006926 0.52174913 0.09969527 0.81643284 0.68472859 0.59378148 0.77318570 0.75274404 0.69850012 0.30363999 0.92671681 0.30067508 0.90477886 0.32832544 0.56097120 0.33041579 0.17941695 0.13328312 0.60584691 0.15516772 0.84297066 0.24826192 0.77258493 0.63864979 0.85059707 0.52928904 0.40358613 0.14444749 0.49515799 0.11846043 0.00158829 0.98080058 0.45412857 0.64234911 0.67553911 0.83915107 0.20719586
0.30018523 0.82741379 0.35074922 0.07897304 0.88456230 0.02239086 0.29284250 0.42004309 0.45027702 0.13421378 0.16444867 0.72958512 0.30101054 0.53822924 0.82144064 0.84412558 0.19891102 0.33650841 0.61164755 0.66949578 0.21873893 0.34261991 0.98290308 0.31686585 0.46608811 0.82803898 0.85044823 0.91876491 0.95829684 0.83783987 0.10482271 0.84728549 0.32701522 0.22023343 0.51735570 0.53421009 0.64299642 0.38267613 0.95759285 0.60158650 0.58653088 0.18668958
0.27547343 0.55131719 0.39104453 0.32419542 0.42079785 0.83361799 0.47273273 0.98008286 0.37350241 0.71673953 0.42570465 0.57889139 0.24048474 0.01413434 0.10996268 0.93790458 0.43819971 0.39029172 0.88864455 0.20461543 0.22497268 0.66275106 0.68130633 0.54343703 0.97295272 0.24534414 0.39162649 0.65469759 0.47685607 0.63650476 0.44076292 0.85837153 0.28512537 0.64652484 0.59169582 0.65566357 0.50885799 0.87892328 0.98524170 0.39347601 0.81483258 0.83363461
0.32502438 0.89995414 0.34118972 0.88351234 0.44654142 0.73371794 0.08779923 0.29068173 0.08456503 0.99505332 0.92807310 0.37556507 0.51346889 0.48424920 0.76495975 0.92894267 0.87667331 0.36043151 0.51108158 0.96620033 0.44425289 0.35365900 0.51145479 0.96295482 0.74185272 0.01370969 0.74695643 0.78253643 0.47940993 0.44090109 0.65768100 0.60834770 0.47477993 0.43745122 0.70755430 0.32790629 0.31521765 0.04230158 0.87505042 0.98041862 0.32876562 0.96798721
0.09958237 0.07602045 0.54795266 0.54505343 0.33911546 0.82235951 0.73980813 0.39768192 0.30177728 0.55298400 0.24904861 0.22360432 0.10271597 0.94204060 0.35539517 0.73204426 0.06718432 0.91107369 0.08133093 0.00534347 0.65180436 0.48625760 0.90321063 0.29309180 0.98819280 0.24818173 0.61648460 0.52199426 0.86660547 0.43134851 0.68490232 0.61037349 0.07198414 0.17683219 0.76391094 0.01311861 0.86076685 0.91908635 0.73006695 0.79105722 0.02404863 0.39667651
0.47112986 0.89813941 0.42115627 0.31675384 0.89560871 0.31048869 0.08742761 0.27437417 0.10588382 0.08328722 0.02096224 0.13030675 0.44562758 0.41462763 0.53533663 0.68476495 0.18009967 0.31987769 0.62875419 0.14953155 0.89699381 0.57576776 0.16482642 0.61723883 0.32586459 0.18032564 0.78615828 0.45410423 0.16576446 0.69294670 0.38913774 0.30121005 0.68357253 0.46830225 0.67680520 0.15945604 0.29959866 0.97845199 0.77640614 0.85460131 0.11239725 0.12944162
0.15920604 0.03135276 0.33132760 0.72182968 0.13237328 0.70924448 0.88324828 0.97900283 0.98621304 0.34809343 0.03883553 0.37280156 0.47476067 0.31710410 0.76436615 0.81289386 0.68372056 0.63923521 0.64640811 0.63449714 0.49696238 0.89122990 0.65971271 0.71846352 0.81126343 0.17975003 0.75270413 0.50840728 0.36871275 0.18534448 0.21031360 0.65146780 0.57716822 0.36851998 0.02050730 0.48246472 0.97138561 0.56597268 0.01870818 0.59561668 0.03091422 0.37007705
0.41341378 0.30365872 0.91558084 0.88101842 0.40666383 0.87110776 0.30535999 0.64849387 0.01461221 0.02658937 0.93865508 0.87869586 0.86631070 0.40855314 0.63149196 0.27233160 0.71291210 0.27936834 0.52985225 0.18072055 0.61485299 0.05470526 0.09835119 0.11955113 0.29117720 0.93827176 0.88069061 0.06366728 0.91301323 0.22638870 0.38079470 0.36129396 0.70231974 0.65255209 0.50826241 0.55240051 0.05736565 0.47904352 0.90774739 0.85343891 0.56801200 0.91081482
0.14910221 0.57948398 0.20671505 0.80628680 0.19360102 0.31484100 0.18527145 0.59036619 0.77128054 0.21447547 0.45267731 0.73689842 0.30541649 0.42115876 0.57607574 0.18093874 0.80237873 0.21701296 0.79461768 0.54563747 0.68858532 0.19317601 0.36516348 0.12420007 0.92100145 0.41759891 0.92910343 0.14429547 0.82360722 0.30852465 0.52117761 0.96045203 0.00948299 0.67998802 0.01402672 0.46939260 0.43663931 0.21571457 0.24630705 0.22392570 0.11544369 0.44908576
0.81755436 0.43292324 0.23647376 0.17937689 0.54958335 0.27807902 0.51985279 0.13826296 0.91206020 0.75255723 0.40059984 0.63562687 0.28898818 0.53230308 0.25925378 0.85999357 0.82319692 0.22770279 0.28300666 0.48645266 0.71752829 0.73144335 0.69980859 0.25372102 0.29426304 0.27783748 0.06638293 0.21203619 0.81843380 0.25954205 0.01081695 0.41486016 0.07602182 0.80951367 0.33136992 0.92991252 0.96463651 0.64920801 0.63536706 0.17884054 0.90212784 0.72844435
0.76552399 0.77987362 0.68768403 0.73802025 0.10577387 0.26409742 0.56031779 0.66307592 0.48464458 0.26352328 0.59124631 0.16337140 0.80146116 0.02791689 0.21952182 0.71605395 0.68912447 0.41738900 0.69437074 0.13715741 0.49694383 0.83904122 0.42305142 0.30998838 0.62797815 0.94849721 0.73964187 0.69171967 0.79756635 0.32094061 0.40802018 0.44392402 0.09320455 0.71131828 0.25140239 0.83844586 0.81065404 0.96965788 0.66115378 0.92692328 0.91714070 0.15498724
0.37919117 0.33043556 0.64973299 0.90013192 0.87114543 0.40516653 0.19546218 0.61970682 0.81155505 0.97063736 0.61947521 0.72490664 0.68771289 0.24897714 0.20848691 0.61123870 0.29539022 0.65686308 0.17902509 0.81913130 0.94751335 0.61617674 0.26343837 0.43238938 0.54596980 0.60508602 0.03136344 0.47575850 0.27707267 0.25817772 0.93032456 0.80039712 0.58281351 0.44242877 0.93636537 0.70484645 0.23288482 0.88521834 0.39408884 0.32912583 0.77655615 0.11124762
0.09520832 0.68087116 0.38883807 0.15714750 0.89568912 0.00497238 0.14197062 0.77571903 0.20378636 0.09195547 0.03112415 0.61616494 0.48476155 0.03539358 0.66230206 0.17233514 0.52278719 0.89492047 0.37078642 0.12792316 0.55652471 0.69895901 0.68006928 0.09571385 0.56208791 0.23006630 0.43406360 0.64739769 0.89558099 0.07583600 0.63948977 0.96113048 0.22712587 0.49958786 0.04068504 0.37593139 0.19927117 0.78761289 0.71568444 0.63517657 0.52490093 0.86353233
0.53027403 0.62585940 0.30323830 0.12536714 0.11581832 0.97595253 0.17726536 0.65720419 0.14701518 0.95912105 0.58185759 0.19488402 0.08733377 0.77420017 0.73915739 0.48392441 0.24274209 0.41626461 0.24618792 0.95793277 0.91843198 0.03678143 0.06943507 0.98704981 0.70860206 0.90225150 0.51210190 0.29850572 0.46595941 0.80390954 0.25196642 0.55515896 0.29545326 0.04546606 0.86125022 0.49292753 0.99585515 0.94153900 0.31463209 0.46431083 0.73315135 0.09633707
0.86751678 0.71273989 0.37131572 0.60032023 0.34389692 0.21128243 0.80888148 0.68197744 0.31162074 0.43926854 0.87383329 0.28252567 0.84260673 0.04169169 0.81469173 0.48324803 0.55652183 0.91877871 0.19226370 0.70835321 0.42866621 0.92691191 0.02438484 0.15065233 0.40628523 0.03712501 0.36508047 0.92301335 0.22225457 0.49368391 0.10992375 0.02546758 0.92106196 0.24280246 0.71097126 0.33600617 0.51923501 0.66033218 0.65750767 0.48251937 0.91084143 0.39730432
0.03293267 0.63399475 0.59841431 0.98349125 0.19347498 0.96100519 0.08063209 0.68169364 0.63101999 0.75868077 0.76030866 0.96924874 0.38018871 0.99977378 0.04972664 0.93829418 0.90890781 0.39108896 0.94507228 0.85261087 0.29206146 0.84346620 0.71770797 0.07640734 0.60941809 0.63366637 0.52724461 0.59919730 0.93187562 0.43592502 0.69985192 0.42096118 0.96417166 0.83160307 0.13497293 0.13307097 0.39755521 0.86727769 0.80458348 0.13299782 0.29251951 0.72477991
0.59136607 0.04460953 0.35954576 0.59110071 0.77564228 0.08090549 0.83491022 0.37175036 0.32563582 0.28232458 0.75895817 0.97807044 0.77161391 0.79130141 0.85584950 0.53716201 0.85168212 0.58253483 0.88663316 0.02250697 0.30548319 0.35847186 0.30160835 0.48402444 0.16177852 0.64079956 0.25328228 0.26821741 0.61686567 0.44127560 0.54783613 0.36222942 0.13301377 0.27901859 0.91086182 0.27004469 0.69957349 0.72641687 0.02223443 0.63472983 0.29414615 0.11210494
0.13533596 0.15752819 0.45717219 0.48699441 0.73744842 0.23278359 0.55052657 0.46813663 0.63098521 0.11708239 0.70918428 0.11523239 0.01933158 0.38166868 0.71474682 0.56589351 0.66641663 0.85909994 0.02059609 0.75829998 0.96574039 0.28827567 0.94066921 0.20368584 0.80243191 0.38638511 0.57732425 0.43612531 0.42101485 0.13198387 0.40849360 0.46338050 0.12190960 0.63032432 0.58029760 0.27011047 0.50130154 0.05022755 0.85851858 0.18353113 0.12185775 0.77119954
0.88081130 0.70165357 0.95587489 0.06015817 0.82125248 0.20551873 0.67779325 0.30905105 0.82980912 0.82938416 0.89961355 0.10780929 0.64153096 0.64660854 0.74060404 0.20149570 0.56375017 0.24401835 0.70178766 0.68616985 0.64429689 0.70382988 0.67605041 0.63490722 0.19971631 0.98973972 0.06631326 0.71357278 0.03969947 0.74258476 0.40706198 0.24536436 0.66241662 0.53101254 0.58863058 0.61380441 0.41516812 0.67389202 0.76898590 0.85577337 0.11574506 0.85373303
0.32436177 0.78934162 0.91211784 0.87417273 0.73794350 0.04557121 0.22154760 0.07962561 0.15490484 0.92912257 0.43494225 0.15148345 0.44245052 0.11941538 0.69825502 0.22278982 0.98511990 0.84225726 0.48995032 0.51210356 0.11845824 0.29126697 0.90203785 0.96730441 0.05826386 0.75908454 0.50190328 0.73138271 0.41797104 0.15027291 0.40313925 0.59479488 0.92332996 0.29098135 0.70580794 0.98275481 0.73139681 0.72485389 0.78004268 0.44087054 0.83994827 0.49033068
0.96162244 0.02882488 0.43378672 0.71140395 0.10413003 0.50933748 0.65600361 0.70205450 0.08953099 0.72843476 0.21512026 0.68400839 0.83748695 0.12309375 0.44312686 0.14811801 0.57344373 0.86361416 0.90479190 0.35158562 0.11651115 0.74061283 0.42521609 0.43641105 0.73037772 0.54032320 0.45045583 0.17886004 0.64398042 0.31692177 0.98514385 0.43541346 0.69337584 0.66689266 0.96138477 0.93757129 0.66223621 0.83798012 0.78480657 0.20605026 0.80561929 0.26406829
0.97649904 0.00432688 0.73013924 0.90736617 0.28367261 0.93214302 0.27339027 0.61056539 0.36722262 0.47150392 0.27645332 0.51417646 0.19098501 0.04086370 0.17554103 0.47803978 0.53532180 0.38760666 0.15231373 0.36104479 0.63677538 0.95459724 0.17712553 0.95938164 0.81588318 0.69348557 0.65543607 0.38118739 0.09684495 0.16561895 0.54484990 0.64423839 0.24558703 0.67082472 0.74872245 0.32337997 0.35686930 0.57499314 0.31199794 0.14567255 0.10643223 0.96930330
0.44592058 0.53377335 0.05078275 0.28709934 0.69048818 0.23186152 0.90506935 0.52883786 0.58699250 0.31345350 0.55859881 0.30119202 0.07771830 0.06674476 0.69789754 0.96331125 0.47584897 0.48065269 0.29882302 0.79140029 0.25585351 0.31352515 0.92208214 0.22219464 0.10310592 0.01651751 0.70061416 0.91657390 0.63121506 0.10493059 0.14264882 0.59646891 0.92651900 0.92334063 0.39085036 0.35138155 0.61142502 0.13414202 0.37581068 0.38525164 0.43175266 0.67416174
0.38125622 0.98006796 0.46796370 0.37029432 0.89868436 0.78953574 0.94613999 0.88264476 0.29074722 0.44427590 0.28179590 0.15245608 0.70555182 0.84944639 0.42808946 0.07213699 0.88814759 0.48633932 0.81972227 0.66599472 0.02082346 0.49142204 0.20479498 0.67281658 0.49043814 0.27945405 0.43911202 0.05523311 0.52885953 0.00172619 0.88090524 0.62583488 0.00168988 0.18613205 0.36867323 0.67630384 0.23080535 0.49269591 0.89080912 0.22335934 0.62784016 0.63634574