0 0.96291697 0.24410769 0.08859711 0.17813338 0.41719258 0.06342384 0.55246727 0.06676844 0.77797159 0.87728208 0.86629435 0.52424674 0.64852434 0.24849218 0.10871959 0.11251723 0.56640328 0.29508633 0.82889527 0.59254671 0.59812548 0.20664134 0.23255633
0 0.49280456 0.53869924 0.67010945 0.20879125 0.14110466 0.95748026 0.76427051 0.23245483 0.28190481 0.48906981 0.89070699 0.60001676 0.30057914 0.70644347 0.34924239 0.16074210 0.50684196 0.63322552 0.23707319 0.69045090 0.89141642 0.45300134 0.45336264
0 0.32170561 0.26320479 0.25578561 0.72485460 0.99212698 0.69863177 0.72524179 0.73310423 0.70164040 0.79049574 0.51497411 0.62021148 0.47980608 0.27057749 0.68819031 0.37748251 0.35598844 0.19841961 0.00225975 0.88023312 0.29797116 0.05810398 0.00816804
0 0.62198740 0.03872640 0.78551874 0.90459607 0.52261357 0.94639771 0.96052032 0.83732781 0.53747900 0.60915834 0.14156022 0.86691767 0.17849369 0.60445748 0.59476001 0.14102489 0.47295286 0.00126939 0.47508219 0.90254924 0.33237605 0.50431114 0.85415900
0 0.84067827 0.78108108 0.79079668 0.85750476 0.94918347 0.00301895 0.51314658 0.57325151 0.49477908 0.70543558 0.64517388 0.32521235 0.91808380 0.86921536 0.33461876 0.36499010 0.49070213 0.55829965 0.19150546 0.03101340 0.33416886 0.09436382 0.98964740
0 0.94679662 0.96997685 0.56797426 0.08772697 0.88638362 0.91463417 0.35373662 0.48672898 0.52184963 0.95967419 0.02448518 0.33210770 0.38589952 0.68376796 0.81835242 0.84191909 0.03201514 0.43256526 0.60259724 0.09625178 0.55526775 0.47161699 0.09935872
0 0.85864131 0.34882649 0.26870832 0.99104198 0.61675412 0.21435713 0.89415860 0.40683122 0.32747927 0.71891993 0.34112018 0.20686486 0.93066738 0.99663933 0.16263558 0.42689558 0.55610767 0.03033198 0.19818834 0.22379846 0.48993616 0.81644442 0.31970972
0 0.67107844 0.38951865 0.71606475 0.06548016 0.79356779 0.93995481 0.72543766 0.75009052 0.30179362 0.13070010 0.36132570 0.13960517 0.58903384 0.59740502 0.34972375 0.06329521 0.68786973 0.02192159 0.33084802 0.39678684 0.04808193 0.41252938 0.34898470
0 0.69619643 0.19402572 0.19678463 0.98269757 0.38880024 0.54716089 0.45099730 0.58905773 0.83301374 0.95820016 0.26319326 0.28497320 0.74893140 0.78337930 0.18051932 0.96935933 0.49040512 0.66064113 0.92740136 0.90180615 0.38061518 0.49406515 0.09736649
0 0.09656166 0.86531506 0.53866230 0.31929279 0.06506515 0.55140738 0.89269525 0.47795046 0.24592788 0.29323493 0.15097191 0.92905085 0.79817327 0.36494768 0.45010025 0.29062104 0.30171211 0.41453250 0.64548071 0.31537290 0.30844289 0.33356965 0.89985205
0 0.55283736 0.61803092 0.39650632 0.53449527 0.99538681 0.61433486 0.02421372 0.59673949 0.66886855 0.99161191 0.30882162 0.23120257 0.17642545 0.72404847 0.00029986 0.60723857 0.53318071 0.18782627 0.99998369 0.85135259 0.23981491 0.93184798 0.53221589
0 0.16088375 0.43466606 0.71141114 0.07250521 0.03404468 0.13683366 0.04853231 0.79907775 0.34144621 0.04687068 0.76328821 0.80442354 0.78552433 0.10699791 0.63245418 0.55441808 0.14682559 0.03937695 0.57488471 0.11482451 0.59989649 0.37883022 0.53749454
0 0.47845910 0.29656124 0.09549701 0.56136311 0.92102874 0.36066139 0.76326704 0.34439908 0.68962644 0.41586957 0.37143373 0.98516583 0.48509672 0.77697967 0.29986182 0.49188268 0.13795970 0.47511324 0.68206485 0.07128106 0.59730916 0.35857257 0.36593966
0 0.17390822 0.85307646 0.61360895 0.94850726 0.76563603 0.69427861 0.18316374 0.90885996 0.31954578 0.26934560 0.72667978 0.69261714 0.57802402 0.25934855 0.96036858 0.71154313 0.22181907 0.10092645 0.44485843 0.61358229 0.20097125 0.10293661 0.14593794
0 0.85141788 0.63194443 0.48932976 0.38414753 0.53176325 0.84595001 0.37047758 0.11026179 0.76294491 0.38536947 0.39615714 0.79624340 0.23493897 0.48834422 0.37562301 0.61503947 0.56387382 0.87601725 0.46367468 0.99762938 0.01211368 0.46257364 0.60635322
0 0.10202278 0.55538892 0.94514210 0.81587761 0.20644515 0.91004093 0.09878312 0.50165834 0.54773789 0.05630058 0.00120370 0.52270156 0.66603800 0.99762122 0.34250287 0.84644428 0.88809276 0.98143824 0.43716539 0.70003744 0.18410263 0.17332942 0.54868643
0 0.88232020 0.26677577 0.82440124 0.66162298 0.46820548 0.46631553 0.30082820 0.89153208 0.48192339 0.61135240 0.95482391 0.31017055 0.24154518 0.87337020 0.70792376 0.08149423 0.98443818 0.29096566 0.39031108 0.45340914 0.07177707 0.48031958 0.33402008
0 0.33089123 0.53996489 0.85954691 0.45320013 0.86800491 0.01779289 0.56713179 0.06122800 0.75951534 0.06039507 0.13844322 0.97230602 0.68720269 0.76453011 0.91936552 0.01428527 0.68165152 0.12444940 0.14236730 0.93980555 0.99720156 0.96358716 0.56787126
0 0.86444393 0.46591119 0.43453437 0.60257666 0.78341691 0.19579823 0.01823570 0.84642484 0.42248120 0.90928706 0.67307422 0.09118791 0.66403097 0.17970505 0.28548617 0.89619903 0.05599017 0.31683556 0.85597399 0.00053246 0.45895044 0.67694835 0.91786257
0 0.99598004 0.71610657 0.72839286 0.53087033 0.88146026 0.34089320 0.29075363 0.81754323 0.34703485 0.60882771 0.98373084 0.41782618 0.89449721 0.11291606 0.07132392 0.42552343 0.19153551 0.79608001 0.56755922 0.34012539 0.37776308 0.70941517 0.68191743
0 0.31845628 0.39344704 0.26169148 0.42578031 0.54282383 0.78555581 0.52335927 0.47563057 0.83582798 0.86078478 0.22742487 0.19440214 0.74671308 0.50150861 0.46991229 0.04929314 0.21012393 0.43814776 0.75422845 0.53251689 0.53535287 0.28022597 0.94660110
0 0.09088127 0.92264176 0.14843406 0.91386020 0.50075014 0.92282878 0.32130512 0.10018515 0.58685484 0.25760753 0.91264468 0.06604169 0.17658794 0.19989109 0.22964877 0.06038386 0.70582541 0.27725154 0.12668191 0.02629817 0.94798723 0.40613136 0.36597577
0 0.05061831 0.92496100 0.69049965 0.72404875 0.15964083 0.17667647 0.02585293 0.34143566 0.53592317 0.21553390 0.33793681 0.60335528 0.68524759 0.17255226 0.75529126 0.66023358 0.81818549 0.35401787 0.26569866 0.54953847 0.72729879 0.67057849 0.43884090
0 0.76417159 0.73886619 0.67514074 0.61094760 0.02770170 0.89712375 0.25159430 0.52194485 0.98301280 0.39936091 0.83329908 0.77158970 0.47848005 0.44181472 0.39843669 0.61830294 0.14457449 0.05915610 0.38874063 0.58288846 0.99383780 0.24446439 0.12878459
0 0.03905508 0.84845644 0.62193692 0.28492141 0.47363183 0.50220421 0.21118311 0.39613027 0.38159613 0.65731087 0.36980291 0.53344297 0.82450878 0.84185402 0.83005215 0.70028441 0.52567820 0.70956001 0.85574791 0.67297688 0.00135143 0.35143888 0.93716934
0 0.59882117 0.63445676 0.50746779 0.11456040 0.81858203 0.78589930 0.85657568 0.97494309 0.06086941 0.00813702 0.88447166 0.60230042 0.36782118 0.17674179 0.18139847 0.27779129 0.85465640 0.88787644 0.40568106 0.52450945 0.68008344 0.78309494 0.56398003
0 0.17040138 0.41021013 0.55760009 0.70544843 0.46330947 0.29551809 0.28406917 0.60452911 0.91370737 0.84862668 0.34138461 0.51591957 0.46354743 0.50998688 0.67608377 0.62526997 0.78374062 0.11930871 0.34406745 0.39046879 0.98814128 0.37244040 0.28108479
0 0.57091028 0.81851053 0.43658138 0.03273731 0.37592607 0.40278404 0.42112509 0.73822232 0.82860359 0.01807089 0.45709200 0.00676235 0.13750148 0.90016201 0.72502703 0.45164342 0.59631273 0.03292890 0.88939960 0.55401206 0.29031404 0.02384333 0.04695893
0 0.21705717 0.67848028 0.62595245 0.47716076 0.84092941 0.94143052 0.20199311 0.19469628 0.99972784 0.83791251 0.44293236 0.54731766 0.83410917 0.69632087 0.95107181 0.87656903 0.08655259 0.08278292 0.87695557 0.56469518 0.30103894 0.63363648 0.65967243
0 0.62791540 0.08487987 0.51766147 0.06174557 0.38441262 0.48765911 0.00221726 0.11265319 0.62480330 0.49072475 0.63747633 0.27912652 0.14351669 0.32039760 0.64423413 0.16572202 0.45142651 0.79903753 0.19331366 0.31576701 0.98324221 0.23033635 0.39837294
0 0.23062886 0.13758104 0.37868186 0.00896212 0.55435994 0.04330598 0.94716513 0.98696616 0.48112200 0.03262864 0.58477843 0.37710836 0.83439462 0.41964108 0.86057925 0.14097858 0.93982508 0.33235309 0.83107081 0.91408953 0.36767741 0.02697713 0.79677751
0 0.96675325 0.85619058 0.32511601 0.59496936 0.00210915 0.24375728 0.55767304 0.30771628 0.80842392 0.03568620 0.67371823 0.57792984 0.19782277 0.31041219 0.97820837 0.82077637 0.10990034 0.03037054 0.29937270 0.49382232 0.23619925 0.46435292 0.25473980
0 0.24649857 0.03033230 0.35101411 0.68419595 0.20794767 0.50856448 0.63730038 0.24912864 0.89204446 0.81695926 0.11092187 0.65862337 0.19935661 0.14373315 0.01259264 0.97684582 0.77803850 0.18925119 0.76161400 0.99015542 0.56912875 0.07113545 0.25747815
0 0.66816067 0.70644760 0.23824742 0.83052052 0.33984045 0.06726718 0.69484444 0.80625110 0.32401947 0.67715478 0.59499921 0.82084644 0.40290064 0.86086481 0.05741062 0.47938540 0.70802033 0.50088267 0.87202294 0.68376364 0.29990738 0.01619940 0.62240995
0 0.97382333 0.96589042 0.70612362 0.63166931 0.52308554 0.53491194 0.91741260 0.05461134 0.00957545 0.31387201 0.08773208 0.38531591 0.44258096 0.08693827 0.09442996 0.62667015 0.16778755 0.48742327 0.49483624 0.37728816 0.69608348 0.45124364 0.18277794
0 0.13125378 0.70543125 0.89164046 0.70572429 0.15741597 0.55055234 0.69675368 0.98795392 0.42750563 0.88177441 0.64480743 0.48736252 0.19613176 0.52224127 0.85607800 0.87700602 0.00075373 0.58178754 0.95647886 0.18720065 0.04601608 0.89613166 0.21451267
0 0.96997823 0.16437015 0.27164247 0.53150337 0.45492111 0.80369750 0.68878578 0.31443556 0.85387795 0.78268765 0.57145955 0.94139297 0.94178852 0.87601257 0.46477706 0.74150125 0.79182133 0.64387959 0.98045978 0.15444482 0.07525542 0.30433229 0.66685292
0 0.00904138 0.65001348 0.86170969 0.53967774 0.66602175 0.25648062 0.15096147 0.36998715 0.10707682 0.01521907 0.93505736 0.46739199 0.92039761 0.07841634 0.70151691 0.61947724 0.53234792 0.22538012 0.34412543 0.05242890 0.96557402 0.41212061 0.48719099
0 0.76324379 0.86576907 0.28603688 0.81223608 0.34049633 0.53247439 0.45895078 0.38080672 0.43848755 0.21371387 0.89520831 0.61212146 0.39870338 0.97992163 0.11629493 0.27057045 0.12286083 0.07953706 0.04938817 0.54561531 0.19342222 0.79680593 0.25449677
0 0.06542867 0.41030906 0.48173951 0.95331307 0.47565142 0.36664877 0.60284858 0.75263096 0.03593512 0.42173933 0.38518257 0.20615895 0.53947579 0.44601788 0.83936839 0.39078455 0.74453432 0.01067154 0.76175798 0.48682173 0.42197820 0.27362970 0.59145664
0 0.94650124 0.06916778 0.67402895 0.84691960 0.21093888 0.31804974 0.68884329 0.23296706 0.09304417 0.07410940 0.32822389 0.40848311 0.88230794 0.46287248 0.75019380 0.83572701 0.94713419 0.73193602 0.36069544 0.09410024 0.11135820 0.35904746 0.03158936
0 0.53437612 0.36381911 0.75053943 0.61705479 0.17381336 0.52333196 0.07946740 0.77794410 0.28823849 0.32613089 0.00908621 0.23399474 0.24409687 0.02883135 0.27484022 0.95540341 0.73163496 0.02718633 0.35683161 0.47811982 0.70979193 0.17938728 0.76476965
0 0.48131765 0.05404158 0.49238818 0.77869349 0.00085288 0.11034024 0.58070651 0.84129936 0.16912081 0.10150042 0.83938240 0.18149303 0.16957464 0.60672343 0.58625328 0.66382657 0.17327014 0.14068914 0.52342805 0.30476802 0.38515250 0.19551431 0.74382152
0 0.37429164 0.96940296 0.97705550 0.16583607 0.51006514 0.54601452 0.46644628 0.71775430 0.81154974 0.15486717 0.36842305 0.81313315 0.45261764 0.06892540 0.96990688 0.65946612 0.95383090 0.60478145 0.92547425 0.72460692 0.88931433 0.12662006 0.51076199
0 0.24892499 0.46819468 0.76878149 0.94051730 0.03588874 0.12686655 0.01245153 0.93491679 0.87975019 0.99588581 0.14360853 0.83594290 0.89623036 0.86407891 0.79220924 0.22502005 0.71058179 0.05249683 0.20669648 0.17377724 0.92713071 0.43213047 0.65326395
0 0.97171724 0.55537862 0.67184415 0.34591375 0.41773730 0.09996885 0.68677228 0.61119561 0.53685968 0.83530066 0.17246381 0.57061613 0.88919505 0.38029991 0.05634783 0.48406032 0.47507525 0.06483206 0.67563301 0.03916699 0.60845642 0.73646939 0.49954233
0 0.29445285 0.03010728 0.59480125 0.25382387 0.68808095 0.96276157 0.36020289 0.37676740 0.50952057 0.77232767 0.58495417 0.83849549 0.49794753 0.39241247 0.19682713 0.48908714 0.77908552 0.69383062 0.42873703 0.26613068 0.18129041 0.53643432 0.13277851
0 0.78859206 0.08203061 0.32751315 0.10294491 0.09142357 0.32751954 0.52917683 0.43805553 0.51412692 0.44110603 0.70654881 0.16489196 0.04652427 0.29013135 0.38926170 0.31127128 0.75627885 0.61631261 0.23066046 0.36976032 0.27524711 0.35131387 0.69228254
0 0.62496240 0.70553210 0.43701786 0.75559893 0.13078315 0.72114824 0.94911297 0.96866355 0.21881050 0.08749528 0.68296132 0.47223315 0.29491846 0.29837936 0.00231581 0.51808298 0.33843249 0.53910786 0.67430518 0.39165868 0.95667001 0.72422335 0.61820781
0 0.58186796 0.06739603 0.92973181 0.98088670 0.50273028 0.28271137 0.14221851 0.71835944 0.06476665 0.85011619 0.88103474 0.91082846 0.91842531 0.56996941 0.91477718 0.36759901 0.24750419 0.45328998 0.98957079 0.68866280 0.57744364 0.00982364 0.21420550