0 0.84132790 0.18152842 0.96352443 0.50596559 0.48312658 0.31745087 0.88107736 0.29103009 0.71633399 0.70735200 0.66881495 0.47461137 0.69478283 0.38637086 0.14435710 0.54853819 0.52026027
0 0.28789685 0.92152996 0.58777870 0.16362503 0.70813364 0.66059663 0.80243752 0.72488418 0.09824724 0.33055824 0.25805087 0.20682070 0.46928526 0.50626155 0.35454176 0.11836439 0.06321789
0 0.88027485 0.66298730 0.64675042 0.84286578 0.10797093 0.75938847 0.84161110 0.78414341 0.82398253 0.76592231 0.23949843 0.91596144 0.16917211 0.41269517 0.62393605 0.54629476 0.44948413
0 0.56680518 0.16395122 0.13733743 0.61152509 0.34056019 0.00313869 0.84832989 0.06444274 0.08698820 0.48166020 0.85155752 0.00365250 0.81831423 0.56518449 0.14518399 0.79918580 0.84186859
0 0.72762483 0.73599675 0.19991166 0.69792923 0.48863191 0.74580609 0.07460906 0.80529064 0.04215239 0.20715339 0.16184477 0.57289051 0.92896405 0.05714800 0.83283711 0.11961450 0.50395073
0 0.11266650 0.18496364 0.15943860 0.02798145 0.61581203 0.87829633 0.05535755 0.57460999 0.27544534 0.00352514 0.52308685 0.58341209 0.59876360 0.92685690 0.97431493 0.81463003 0.70631670
0 0.49595356 0.02932132 0.66389492 0.75451505 0.21069964 0.30006524 0.28114920 0.55159680 0.96356623 0.14738888 0.70449321 0.94618689 0.73656445 0.74976771 0.26753125 0.09199354 0.20525871
0 0.48608011 0.86789403 0.74785282 0.54503617 0.33115723 0.29496633 0.35924558 0.86080546 0.69041295 0.70644974 0.78557452 0.56852439 0.85864331 0.51624230 0.18690464 0.74543274 0.07812347
0 0.41021831 0.76453274 0.93559327 0.99241929 0.94184293 0.76166700 0.14831962 0.14487018 0.17615827 0.37366091 0.81929785 0.05448812 0.14852870 0.99166053 0.31768340 0.31705775 0.48363478
0 0.50918727 0.17718284 0.12551074 0.38055713 0.25809364 0.60510590 0.58118683 0.31139280 0.50849206 0.98060016 0.17638374 0.20369813 0.36667226 0.99175658 0.86863581 0.58115408 0.33568585
0 0.78100187 0.23845197 0.12220134 0.76519109 0.96916896 0.32478102 0.36299374 0.91031531 0.71086425 0.86626281 0.81887114 0.34370547 0.99722656 0.84136164 0.62765284 0.02060277 0.26689940
0 0.39676825 0.92840601 0.38369004 0.01201440 0.48099539 0.58094347 0.51262555 0.47321091 0.75888081 0.50415816 0.47259051 0.70619264 0.67275137 0.86540212 0.69684162 0.27204946 0.83728986
0 0.58846991 0.45017461 0.55454834 0.30768637 0.16434800 0.16336764 0.23982483 0.64444433 0.54674285 0.70308889 0.80738179 0.11325059 0.99350231 0.44741567 0.97603051 0.80460826 0.07539637
0 0.37402695 0.92438344 0.93546952 0.71532486 0.23629494 0.76273713 0.10389535 0.04387141 0.30191607 0.17165785 0.80780770 0.06122417 0.05938466 0.34231104 0.11018870 0.58083596 0.75952800
0 0.35455093 0.93562106 0.69679738 0.65248435 0.91101412 0.11685211 0.06474849 0.30492035 0.90893661 0.97510374 0.61525617 0.43794786 0.67614137 0.91413907 0.92893542 0.31311470 0.82361913
0 0.23563584 0.39419504 0.81200732 0.57435219 0.14220585 0.44133916 0.00441805 0.11650751 0.68443836 0.60085801 0.18069331 0.99885182 0.22963481 0.86909268 0.03579321 0.83721804 0.88244137
0 0.88106021 0.93575734 0.63307910 0.17137413 0.68807709 0.97168507 0.81876137 0.23027202 0.51692046 0.81200331 0.73855693 0.65000039 0.74761831 0.20070850 0.65097028 0.15326819 0.48856110
0 0.31743352 0.49456142 0.25421014 0.55047915 0.11460447 0.59832437 0.10442453 0.32493143 0.17761626 0.23726619 0.79844669 0.05830313 0.61587025 0.43482819 0.51417656 0.27891089 0.98568053
0 0.69601819 0.99756843 0.68266610 0.27047049 0.41859844 0.06592975 0.61184827 0.49934463 0.57440082 0.00046491 0.37189210 0.67203484 0.87881737 0.92623921 0.02269324 0.27638465 0.07374106
0 0.53652687 0.95378959 0.83394878 0.13770772 0.80854660 0.50687635 0.58994920 0.20671684 0.67887659 0.14446441 0.67574375 0.74018619 0.99938050 0.18009392 0.81512635 0.99872037 0.47826471
0 0.88336550 0.92019280 0.21385128 0.72592625 0.85215385 0.72816964 0.92463448 0.97153985 0.90471991 0.96751812 0.83196179 0.49387180 0.38603881 0.40978870 0.17867758 0.31859714 0.70551324
0 0.56311654 0.10206234 0.27443567 0.12734285 0.69391126 0.62497374 0.07171204 0.32017166 0.32520954 0.95291219 0.66948314 0.93923801 0.35332245 0.52650416 0.83116583 0.56210180 0.44882353
0 0.84237338 0.43363732 0.62812663 0.46358796 0.40009623 0.79106848 0.64224491 0.15250720 0.25891474 0.98229090 0.79513636 0.63666704 0.59510643 0.92928598 0.32480145 0.68419191 0.33938774
0 0.76442514 0.39861324 0.06562164 0.44345329 0.84537752 0.03028215 0.95260119 0.57573072 0.62914215 0.56277007 0.57182811 0.07865680 0.50044942 0.54604219 0.10061606 0.83325742 0.56481682
0 0.41764533 0.09609754 0.27154031 0.36283180 0.25445446 0.58700203 0.15318635 0.43977482 0.00552972 0.32511103 0.88025131 0.71348405 0.03887819 0.59290418 0.06206707 0.62340229 0.53901615
0 0.39457615 0.76225733 0.11503585 0.27757927 0.81951659 0.36075980 0.61659444 0.54582939 0.86051088 0.24597322 0.29836950 0.58575853 0.99333230 0.61562432 0.07044836 0.68559196 0.38006117
0 0.50967592 0.97064993 0.21584411 0.64538009 0.82457474 0.82210694 0.27368213 0.79325855 0.46536315 0.29870904 0.27620423 0.98085441 0.98065626 0.82665983 0.79734053 0.54712378 0.99521224
0 0.07168994 0.17843673 0.90554450 0.50579995 0.11400776 0.95918160 0.65352314 0.63829515 0.79685785 0.97339144 0.52546908 0.77741227 0.14959664 0.03326595 0.62218319 0.07520635 0.23248385
0 0.48608164 0.68612305 0.22045516 0.22792726 0.56889012 0.06027062 0.00825924 0.11170733 0.40964106 0.36774196 0.68767306 0.77774741 0.72724976 0.87994331 0.28490791 0.06128416 0.76848249
0 0.00299112 0.10062330 0.70783224 0.78613276 0.30527868 0.36205014 0.96912584 0.41081435 0.03348491 0.57416586 0.17225917 0.59779819 0.11998589 0.45886797 0.30453680 0.44067121 0.27154328
0 0.49706888 0.38408390 0.03519779 0.84730789 0.99586219 0.14505556 0.74961505 0.88359104 0.29138609 0.35632331 0.71169574 0.80351973 0.16773699 0.91380608 0.05826292 0.06160663 0.82326261
0 0.69915191 0.50944340 0.21642918 0.74779065 0.08126574 0.12779758 0.69902635 0.68782505 0.85221783 0.70156503 0.85028620 0.47146931 0.33535602 0.05161741 0.63751045 0.84081239 0.38098475
0 0.70331069 0.82850729 0.59673910 0.97376211 0.78728152 0.30097728 0.29960395 0.21600585 0.73733286 0.59562100 0.48893371 0.52238791 0.33890674 0.78331185 0.88630038 0.96403633 0.94824270
0 0.20984087 0.32773317 0.83385246 0.25017240 0.70615475 0.23551428 0.66989034 0.75160247 0.40767218 0.28393020 0.16993413 0.31808919 0.41317806 0.53952646 0.65794891 0.45251002 0.13195847
0 0.76364053 0.02186874 0.68768869 0.31725428 0.75346423 0.33222508 0.41893215 0.46477443 0.56761317 0.67240812 0.73778925 0.46692461 0.23315785 0.06389215 0.34494238 0.15657103 0.06329713
0 0.75354503 0.41799506 0.64857262 0.02833155 0.54518190 0.38902006 0.19297957 0.71732072 0.30381081 0.94708413 0.59071000 0.30378511 0.23855843 0.22256661 0.09068047 0.58603962 0.07905214
0 0.03294186 0.08678023 0.61122257 0.80007424 0.27379530 0.86374335 0.61181025 0.12059301 0.02419624 0.10288650 0.98438414 0.60581460 0.70215086 0.85184458 0.82264413 0.83468817 0.65371090
0 0.18685041 0.08013747 0.76033676 0.88841515 0.85176844 0.78290029 0.08717435 0.28409229 0.74500720 0.83818475 0.21600970 0.47565501 0.24359823 0.89267115 0.06722549 0.81536743 0.00314438
0 0.38204179 0.88216141 0.24616874 0.05300368 0.38351871 0.92411822 0.66498817 0.71798936 0.13394524 0.85293915 0.36958736 0.14103067 0.10821690 0.43091388 0.48031839 0.95565286 0.36634430
0 0.13278968 0.80728679 0.96279965 0.47215684 0.17896316 0.49376047 0.50343404 0.66263326 0.48846509 0.90826755 0.58651919 0.10407061 0.05713997 0.68067696 0.73139369 0.00978089 0.30646101
0 0.48165770 0.91422040 0.11373030 0.01971034 0.13026409 0.97010183 0.49551309 0.58479299 0.88099582 0.29561911 0.03427838 0.39674295 0.28953321 0.72096576 0.83270501 0.43801763 0.88544986
0 0.97651149 0.79684570 0.25096738 0.99055613 0.26554502 0.18363895 0.74440452 0.41312839 0.07310980 0.33511316 0.53498640 0.42113122 0.49025933 0.00678410 0.81416541 0.35164025 0.01372421
0 0.66747376 0.05274843 0.44902590 0.99289591 0.89875470 0.20764664 0.04105914 0.63919713 0.55445083 0.47918658 0.95995224 0.78732235 0.65410242 0.08239126 0.19444917 0.40349617 0.07902877
0 0.94193042 0.11943150 0.17281133 0.01559974 0.69797701 0.29110762 0.36587212 0.74755285 0.91899676 0.71870427 0.58438327 0.83767004 0.95753646 0.72768139 0.91598802 0.95885397 0.45636565
0 0.01484223 0.49057355 0.63562113 0.11486553 0.26231312 0.42342580 0.93925482 0.95934794 0.72521776 0.65502996 0.74333815 0.02602651 0.53697343 0.25297648 0.49111360 0.06165055 0.08648765
0 0.32834731 0.55209212 0.57435221 0.71313526 0.83712039 0.15256158 0.32604576 0.13824756 0.18654487 0.55312062 0.14775703 0.50594709 0.74710360 0.61609085 0.78055075 0.64151261 0.08259321
0 0.15663664 0.29726143 0.15206055 0.95401666 0.50364835 0.54402367 0.29218133 0.92739657 0.50992176 0.95563611 0.09626938 0.72128227 0.84589237 0.04508242 0.13963860 0.26663717 0.78716032
0 0.84507205 0.43211541 0.81995758 0.86326821 0.58825239 0.37065389 0.36988739 0.67367030 0.95278266 0.38161840 0.00825800 0.89655863 0.27124969 0.86873144 0.89839639 0.01718761 0.20344424
0 0.34928532 0.96670823 0.58456585 0.50730553 0.20906806 0.46795736 0.86885977 0.70738122 0.33555586 0.13032700 0.63658101 0.65643863 0.99927522 0.67326138 0.38660526 0.21340219 0.74484024
0 0.10925190 0.79729755 0.51958154 0.72602160 0.39014453 0.32349497 0.64519301 0.87330545 0.63921028 0.85182473 0.69946714 0.51775220 0.42213426 0.07381182 0.85017334 0.61156637 0.25324259